0.0 0.0 0.0 0.0 0.0 0.0 0.0 0.0 0.0 0.0 0.0 0.0 0.0 0.0 0.0 0.0 0.0 0.0 0.0 0.0 0.0 0.0 0.0 1.0 0.0 0.4162857142857143 0.6363636363636364 0.935 0.746 0.455 0.36363636363636365 -0.0 0.74 0.010454545454545423 1.0 0.956 -0.87 0.723 0.18866666666666668 0.5454545454545454 0.345 -0.01 0.239 -0.06228571428571429 0.6363636363636364 0.605 -0.6 0.049 0.22020000000000003 0.9090909090909091 0.914 -0.74 0.769
0.0 0.0 0.0 0.0 0.0 0.0 1.0 0.0 0.0 0.0 0.0 0.0 0.0 0.0 0.0 0.0 0.0 0.0 0.0 0.0 0.0 0.0 0.0 0.0 0.0 0.7805 1.0 0.815 0.815 0.0 0.0 -0.0 -0.0 0.7124999999999999 1.0 0.723 0.0 0.702 0.0 0.0 0.0 0.0 0.0 0.0 0.0 0.0 0.0 0.0 0.8485 1.0 0.928 0.0 0.928
0.0 0.0 0.0 0.0 0.0 0.0 1.0 0.0 0.0 0.0 0.0 0.0 0.0 0.0 0.0 0.0 0.0 0.0 0.0 0.0 0.0 0.0 0.0 1.0 0.0 0.723125 1.0 0.931 0.727 0.0 0.0 -0.0 -0.0 0.68975 1.0 0.967 0.0 0.577 0.0536 0.625 0.964 -0.94 -0.94 0.049 0.125 0.049 0.0 0.049 0.7297142857142858 0.875 0.935 0.0 0.655
0.0 0.0 0.0 0.0 0.0 0.0 1.0 0.0 0.0 0.0 0.0 0.0 0.0 0.0 0.0 0.0 0.0 0.0 0.0 0.0 0.0 1.0 0.0 0.0 0.0 0.8015 0.6666666666666666 0.857 0.746 0.89 0.3333333333333333 -0.0 0.89 0.266 1.0 0.905 -0.83 0.723 0.773 0.3333333333333333 0.773 0.0 0.773 0.87 0.3333333333333333 0.87 0.0 0.87 0.23033333333333336 1.0 0.892 -0.97 0.769
0.0 0.0 0.0 0.0 0.0 0.0 1.0 0.0 0.0 0.0 0.0 0.0 0.0 1.0 0.0 0.0 0.0 0.0 0.0 0.0 0.0 0.0 0.0 1.0 0.0 0.5655142857142859 0.8536585365853658 0.939 0.883 0.7666666666666667 0.14634146341463414 -0.0 0.85 0.3529354838709678 0.7560975609756098 0.956 -0.95 0.879 0.1954166666666666 0.5853658536585366 0.979 -0.94 0.949 -0.06291666666666666 0.2926829268292683 0.785 -0.94 -0.94 0.3943888888888889 0.8780487804878049 0.935 -0.78 -0.77
0.0 0.0 0.0 0.0 0.0 0.0 1.0 0.0 0.0 0.0 0.0 0.0 0.0 0.0 0.0 0.0 0.0 0.0 0.0 0.0 0.0 1.0 0.0 0.0 0.0 0.6502 0.8333333333333334 0.849 0.806 0.65 0.16666666666666666 -0.0 0.65 0.3806666666666667 1.0 0.922 -0.86 -0.86 0.20274999999999999 0.6666666666666666 0.776 -0.79 0.715 0.609 0.16666666666666666 0.609 0.0 0.609 0.42320000000000013 0.8333333333333334 0.935 -0.5 -0.5
0.0 0.0 0.0 0.0 0.0 0.0 0.0 0.0 0.0 1.0 0.0 0.0 0.0 0.0 0.0 0.0 0.0 0.0 0.0 0.0 0.0 0.0 0.0 0.0 0.0 0.5591818181818181 0.9166666666666666 0.939 0.8 0.81 0.08333333333333333 -0.0 0.81 0.3761818181818182 0.9166666666666666 0.899 -0.95 0.825 0.27111111111111114 0.75 0.979 -0.94 0.775 0.10366666666666664 0.25 0.721 -0.21 -0.21 0.35600000000000004 0.75 0.85 -0.75 0.85
0.0 0.0 0.0 0.0 0.0 0.0 0.0 0.0 0.0 1.0 0.0 0.0 0.0 0.0 0.0 0.0 0.0 0.0 0.0 0.0 0.0 0.0 0.0 0.0 0.0 0.477 0.5 0.746 0.208 0.555 0.5 -0.0 0.3 -0.20049999999999998 1.0 0.723 -0.95 -0.87 0.221 0.5 0.239 0.0 0.203 0.05666666666666668 0.75 0.721 -0.6 -0.6 0.10625 1.0 0.769 -0.75 0.06
0.0 0.0 0.0 0.0 0.0 0.0 0.0 0.0 0.0 0.0 0.0 0.0 0.0 0.0 0.0 0.0 0.0 0.0 0.0 0.0 0.0 0.0 0.0 1.0 0.0 0.54128 0.8928571428571429 0.966 0.966 0.6566666666666667 0.10714285714285714 -0.0 0.87 0.396625 0.8571428571428571 0.966 -0.96 0.966 -0.17925 0.7142857142857143 0.978 -0.79 -0.79 -0.1545 0.35714285714285715 0.067 -0.81 -0.81 0.555 0.7142857142857143 0.935 -0.85 0.758
0.0 0.0 0.0 0.0 0.0 0.0 0.0 0.0 0.0 0.0 0.0 0.0 0.0 0.0 0.0 0.0 0.0 0.0 0.0 0.0 0.0 0.0 0.0 1.0 0.0 0.5384 0.5555555555555556 0.935 0.112 0.515 0.4444444444444444 -0.0 0.58 -0.05666666666666668 1.0 0.956 -0.87 -0.58 0.1 0.5555555555555556 0.858 -0.79 0.093 0.25825000000000004 0.4444444444444444 0.561 -0.6 0.561 0.058374999999999996 0.8888888888888888 0.935 -0.62 -0.62
0.0 0.0 0.0 0.0 0.0 0.0 0.0 0.0 0.0 0.0 0.0 0.0 0.0 0.0 0.0 0.0 0.0 0.0 0.0 0.0 0.0 0.0 0.0 1.0 0.0 0.0 0.0 0.0 0.0 0.3 1.0 -0.0 0.3 -0.87 1.0 0.0 -0.87 -0.87 0.203 1.0 0.203 0.0 0.203 -0.6 1.0 0.0 -0.6 -0.6 0.06 1.0 0.06 0.0 0.06
0.0 0.0 0.0 0.0 0.0 0.0 0.0 0.0 0.0 0.0 0.0 0.0 0.0 0.0 0.0 0.0 0.0 0.0 0.0 0.0 0.0 0.0 0.0 1.0 0.0 0.6327142857142858 0.5833333333333334 0.935 0.935 0.648 0.4166666666666667 -0.0 0.3 -0.047363636363636386 0.9166666666666666 0.961 -0.95 -0.87 0.3255 0.5 0.96 -0.5 0.203 0.25216666666666665 0.5 0.991 -0.6 -0.6 0.16525000000000004 1.0 0.914 -0.75 0.06
0.0 0.0 0.0 0.0 0.0 1.0 0.0 0.0 1.0 0.0 0.0 0.0 0.0 1.0 0.0 0.0 0.0 0.0 0.0 0.0 0.0 0.0 1.0 0.0 0.0 0.5739166666666666 0.8571428571428571 0.935 0.846 0.875 0.14285714285714285 -0.0 0.79 0.2919999999999999 0.7142857142857143 0.982 -0.96 0.633 -0.4316 0.7142857142857143 0.212 -0.94 -0.94 0.5236666666666666 0.21428571428571427 0.973 0.0 0.097 0.4602307692307693 0.9285714285714286 0.935 -0.92 0.744
0.0 0.0 0.0 0.0 0.0 0.0 0.0 0.0 0.0 0.0 0.0 0.0 0.0 0.0 0.0 0.0 0.0 0.0 0.0 0.0 0.0 0.0 0.0 1.0 0.0 0.6024545454545455 0.6470588235294118 0.935 0.115 0.515 0.35294117647058826 -0.0 0.58 0.15570588235294117 1.0 0.956 -0.87 0.049 0.06462500000000002 0.47058823529411764 0.747 -0.79 0.167 -0.09200000000000003 0.5294117647058824 0.561 -0.72 -0.05 0.3156666666666667 0.8823529411764706 0.935 -0.73 0.295
0.0 0.0 0.0 0.0 0.0 0.0 0.0 0.0 0.0 0.0 0.0 0.0 0.0 0.0 0.0 0.0 0.0 0.0 0.0 0.0 0.0 0.0 0.0 1.0 0.0 0.42200000000000004 0.6666666666666666 0.789 0.055 0.85 0.3333333333333333 -0.0 0.85 -0.04266666666666668 1.0 0.633 -0.8 0.039 -0.3405 0.6666666666666666 0.109 -0.79 0.109 -0.43500000000000005 0.6666666666666666 0.0 -0.8 -0.07 0.04066666666666669 1.0 0.935 -0.96 0.147
0.0 0.0 0.0 0.0 0.0 0.0 0.0 0.0 0.0 0.0 0.0 0.0 0.0 0.0 0.0 0.0 0.0 0.0 0.0 0.0 0.0 0.0 0.0 1.0 0.0 0.771 0.5 0.771 0.771 0.03 0.5 -0.0 0.03 -0.02 0.5 0.0 -0.02 -0.02 0.33999999999999997 1.0 0.73 -0.05 0.73 0.082 0.5 0.082 0.0 0.082 0.37149999999999994 1.0 0.813 -0.07 0.813
0.0 0.0 0.0 0.0 0.0 0.0 0.0 0.0 1.0 0.0 0.0 0.0 0.0 0.0 0.0 0.0 0.0 0.0 0.0 0.0 0.0 0.0 0.0 1.0 0.0 0.4726000000000001 0.7142857142857143 0.935 0.091 0.625 0.2857142857142857 -0.0 0.74 0.16008333333333333 0.8571428571428571 0.956 -0.94 -0.94 0.12222222222222223 0.6428571428571429 0.984 -0.79 0.984 -0.05662499999999997 0.5714285714285714 0.557 -0.75 0.557 0.17330769230769238 0.9285714285714286 0.935 -0.83 -0.71
0.0 0.0 0.0 0.0 0.0 1.0 0.0 0.0 1.0 0.0 0.0 0.0 0.0 1.0 0.0 0.0 0.0 0.0 0.0 0.0 0.0 0.0 0.0 0.0 0.0 0.6097941176470588 0.8947368421052632 0.939 0.8 0.6875 0.10526315789473684 -0.0 0.82 0.41296875000000005 0.8421052631578947 0.961 -0.87 -0.69 -0.05588461538461537 0.6842105263157895 0.979 -0.94 0.885 0.10808333333333335 0.3157894736842105 0.99 -0.6 0.883 0.5076666666666666 0.9473684210526315 0.958 -0.91 -0.91
0.0 0.0 0.0 0.0 1.0 0.0 0.0 0.0 0.0 0.0 0.0 2.0 0.0 1.0 0.0 0.0 0.0 0.0 0.0 0.0 0.0 0.0 0.0 1.0 0.0 0.5581458333333335 0.7741935483870968 0.952 0.716 0.4928571428571428 0.22580645161290322 -0.0 0.74 0.28089795918367344 0.7903225806451613 0.961 -0.95 0.694 0.09002222222222223 0.7258064516129032 0.96 -0.94 -0.56 -0.013379310344827587 0.46774193548387094 0.955 -0.74 0.028 0.37169090909090896 0.8870967741935484 0.969 -0.99 0.888
0.0 0.0 0.0 0.0 1.0 0.0 0.0 0.0 0.0 0.0 0.0 0.0 0.0 0.0 0.0 0.0 0.0 0.0 0.0 0.0 0.0 0.0 0.0 0.0 1.0 0.93 0.375 0.996 0.996 0.6799999999999999 0.625 -0.0 0.85 -0.05242857142857143 0.875 0.996 -0.87 0.996 0.51 0.25 0.817 0.0 0.817 0.5016 0.625 0.99 -0.6 0.919 -0.341 0.75 0.914 -0.87 -0.78
0.0 1.0 0.0 0.0 0.0 0.0 0.0 0.0 0.0 0.0 1.0 0.0 0.0 1.0 0.0 0.0 0.0 0.0 0.0 0.0 1.0 0.0 0.0 0.0 0.0 0.45166666666666666 0.75 0.846 0.188 0.33999999999999997 0.25 -0.0 0.38 -0.04666666666666667 0.75 0.577 -0.87 0.378 -0.02457142857142856 0.875 0.707 -0.94 0.388 -0.2702 0.625 0.049 -0.6 -0.21 0.2982857142857142 0.875 0.744 -0.09 0.203
0.0 0.0 0.0 0.0 0.0 0.0 0.0 0.0 0.0 0.0 0.0 0.0 0.0 0.0 0.0 0.0 0.0 0.0 0.0 0.0 0.0 0.0 0.0 1.0 0.0 0.0 0.0 0.0 0.0 0.3 1.0 -0.0 0.3 -0.87 1.0 0.0 -0.87 -0.87 0.203 1.0 0.203 0.0 0.203 -0.6 1.0 0.0 -0.6 -0.6 0.06 1.0 0.06 0.0 0.06
0.0 0.0 0.0 0.0 0.0 0.0 0.0 0.0 0.0 0.0 0.0 0.0 0.0 1.0 0.0 0.0 0.0 0.0 0.0 0.0 0.0 0.0 0.0 1.0 0.0 0.51125 0.8 0.935 0.844 0.58 0.2 -0.0 0.58 0.285 1.0 0.956 -0.58 -0.58 0.26249999999999996 0.4 0.286 0.0 0.286 0.14333333333333334 0.6 0.561 -0.18 0.561 0.21675000000000003 0.8 0.914 -0.62 -0.62
0.0 0.0 0.0 0.0 0.0 0.0 0.0 0.0 0.0 0.0 0.0 0.0 0.0 0.0 0.0 0.0 0.0 0.0 0.0 0.0 0.0 0.0 0.0 1.0 0.0 0.612 0.6 0.935 0.935 0.395 0.4 -0.0 0.03 0.1738 1.0 0.956 -0.72 -0.02 -0.24900000000000003 0.6 0.093 -0.79 -0.05 0.417 0.4 0.752 0.0 0.082 0.2384 1.0 0.935 -0.81 -0.07
0.0 0.0 0.0 0.0 0.0 0.0 0.0 0.0 0.0 0.0 0.0 0.0 0.0 0.0 0.0 0.0 0.0 0.0 0.0 0.0 0.0 0.0 0.0 1.0 0.0 0.0505 1.0 0.067 0.034 0.0 0.0 -0.0 -0.0 -0.0335 1.0 0.033 -0.1 -0.1 0.1645 1.0 0.171 0.0 0.171 -0.08 1.0 0.0 -0.1 -0.1 0.1575 1.0 0.17 0.0 0.17
0.0 0.0 0.0 0.0 0.0 0.0 0.0 0.0 0.0 0.0 0.0 0.0 0.0 1.0 0.0 0.0 0.0 0.0 0.0 0.0 0.0 0.0 0.0 1.0 0.0 0.6812 0.8333333333333334 0.935 0.09 0.83 0.16666666666666666 -0.0 0.83 0.018666666666666654 0.5 0.956 -0.87 -0.03 0.19024999999999997 0.6666666666666666 0.759 -0.94 0.212 0.867 0.16666666666666666 0.867 0.0 0.867 0.42716666666666664 1.0 0.914 -0.77 0.093
0.0 0.0 0.0 0.0 1.0 0.0 0.0 0.0 0.0 0.0 0.0 0.0 0.0 0.0 0.0 0.0 0.0 0.0 0.0 0.0 0.0 0.0 0.0 0.0 1.0 0.0 0.0 0.0 0.0 0.3 1.0 -0.0 0.3 -0.87 1.0 0.0 -0.87 -0.87 0.203 1.0 0.203 0.0 0.203 -0.6 1.0 0.0 -0.6 -0.6 0.06 1.0 0.06 0.0 0.06
0.0 0.0 0.0 0.0 0.0 0.0 0.0 0.0 0.0 0.0 0.0 0.0 0.0 0.0 0.0 0.0 0.0 0.0 0.0 0.0 0.0 0.0 0.0 1.0 0.0 0.308 0.5714285714285714 0.935 0.067 0.59 0.42857142857142855 -0.0 0.3 -0.2215 0.8571428571428571 0.956 -0.95 -0.87 0.15725 0.5714285714285714 0.203 0.0 0.203 0.1585 0.5714285714285714 0.733 -0.6 -0.6 -0.0307142857142857 1.0 0.914 -0.98 0.06
0.0 0.0 0.0 0.0 0.0 0.0 0.0 0.0 0.0 0.0 0.0 0.0 0.0 1.0 0.0 0.0 0.0 0.0 0.0 0.0 0.0 0.0 0.0 1.0 0.0 0.5541666666666667 0.8571428571428571 0.789 0.784 0.3 0.14285714285714285 -0.0 0.3 0.3181428571428571 1.0 0.784 -0.87 0.784 -0.17040000000000005 0.7142857142857143 0.239 -0.79 0.239 -0.27549999999999997 0.2857142857142857 0.049 -0.6 0.049 0.5083333333333334 0.8571428571428571 0.935 0.0 0.346
0.0 0.0 0.0 0.0 0.0 0.0 0.0 0.0 0.0 0.0 0.0 0.0 0.0 0.0 0.0 0.0 0.0 0.0 0.0 0.0 0.0 0.0 0.0 0.0 0.0 0.5336666666666666 0.8571428571428571 0.859 0.713 0.3 0.14285714285714285 -0.0 0.3 0.2997142857142857 1.0 0.755 -0.87 0.702 -0.3522857142857143 1.0 0.239 -0.96 -0.65 -0.20366666666666663 0.42857142857142855 0.049 -0.6 0.049 0.4693333333333333 0.8571428571428571 0.898 0.0 0.788
0.0 0.0 0.0 0.0 0.0 1.0 0.0 0.0 0.0 0.0 0.0 1.0 0.0 1.0 0.0 0.0 0.0 0.0 0.0 0.0 0.0 0.0 0.0 0.0 0.0 0.41782608695652174 0.7931034482758621 0.966 0.07 0.4533333333333333 0.20689655172413793 -0.0 0.63 0.1555416666666666 0.8275862068965517 0.966 -0.87 0.041 0.0015909090909090986 0.7586206896551724 0.979 -0.94 0.098 0.10307142857142855 0.4827586206896552 0.836 -0.6 -0.05 0.2785294117647059 0.5862068965517241 0.93 -0.85 0.091
0.0 0.0 0.0 0.0 0.0 0.0 0.0 0.0 0.0 0.0 0.0 0.0 0.0 0.0 0.0 0.0 0.0 0.0 0.0 0.0 0.0 0.0 0.0 1.0 0.0 0.6812857142857143 0.7777777777777778 0.973 0.073 0.525 0.2222222222222222 -0.0 0.75 0.5636 0.5555555555555556 0.956 -0.87 -0.87 0.5178333333333333 0.6666666666666666 0.979 -0.03 0.203 0.043000000000000003 0.3333333333333333 0.717 -0.6 0.717 0.31185714285714283 0.7777777777777778 0.97 -0.8 -0.8
0.0 0.0 0.0 0.0 0.0 0.0 0.0 0.0 0.0 0.0 0.0 1.0 0.0 1.0 0.0 0.0 0.0 0.0 0.0 0.0 0.0 0.0 0.0 0.0 0.0 0.38553333333333334 0.8333333333333334 0.935 0.829 0.4266666666666667 0.16666666666666666 -0.0 0.89 0.17373333333333335 0.8333333333333334 0.956 -0.87 0.928 -0.04364285714285714 0.7777777777777778 0.884 -0.94 -0.87 -0.06222222222222223 0.5 0.99 -0.6 -0.07 0.2828823529411765 0.9444444444444444 0.914 -0.87 0.679
0.0 0.0 0.0 0.0 0.0 0.0 0.0 0.0 0.0 0.0 0.0 0.0 0.0 0.0 0.0 0.0 0.0 0.0 0.0 0.0 0.0 0.0 0.0 1.0 0.0 0.145 0.5 0.208 0.082 0.585 0.5 -0.0 0.87 -0.312 1.0 0.295 -0.87 -0.8 0.17033333333333334 0.75 0.239 0.0 0.069 -0.17399999999999996 0.75 0.049 -0.6 0.029 -0.0935 1.0 0.346 -0.94 -0.94
0.0 0.0 0.0 0.0 0.0 0.0 0.0 0.0 1.0 0.0 0.0 6.0 0.0 2.0 0.0 0.0 0.0 0.0 0.0 0.0 0.0 0.0 0.0 1.0 0.0 0.48395652173913045 0.6571428571428571 0.935 0.753 0.6475 0.34285714285714286 -0.0 0.89 0.14092857142857146 0.8 0.967 -0.96 0.686 0.006799999999999995 0.5714285714285714 0.892 -0.94 -0.77 -0.16935294117647068 0.4857142857142857 0.98 -0.93 0.869 0.1010625 0.9142857142857143 0.935 -0.98 0.797
0.0 0.0 0.0 0.0 0.0 0.0 0.0 0.0 0.0 0.0 0.0 0.0 0.0 0.0 0.0 0.0 0.0 0.0 0.0 0.0 0.0 0.0 0.0 1.0 0.0 0.8266666666666667 0.6 0.906 0.789 0.295 0.4 -0.0 0.29 0.125 1.0 0.94 -0.87 -0.79 -0.30400000000000005 0.8 0.241 -0.87 0.241 -0.56 0.4 0.0 -0.6 -0.52 0.43574999999999997 0.8 0.935 -0.11 -0.11
0.0 0.0 0.0 0.0 0.0 0.0 0.0 0.0 0.0 0.0 0.0 0.0 0.0 0.0 0.0 0.0 0.0 0.0 0.0 0.0 0.0 0.0 0.0 1.0 0.0 0.40166666666666667 0.75 0.935 0.167 0.82 0.25 -0.0 0.82 0.051500000000000004 1.0 0.956 -0.83 0.041 0.1895 0.5 0.219 0.0 0.16 -0.45 0.5 0.0 -0.81 -0.09 0.48800000000000004 0.75 0.914 0.0 0.3
0.0 0.0 0.0 0.0 0.0 0.0 0.0 0.0 0.0 0.0 0.0 0.0 0.0 0.0 0.0 0.0 0.0 0.0 0.0 0.0 0.0 0.0 0.0 1.0 0.0 0.8534999999999999 0.6666666666666666 0.861 0.861 0.76 0.3333333333333333 -0.0 0.76 0.07 0.6666666666666666 0.86 -0.72 0.86 -0.865 0.6666666666666666 0.0 -0.94 -0.79 0.752 0.3333333333333333 0.752 0.0 0.752 0.288 1.0 0.93 -0.81 0.93
0.0 0.0 0.0 0.0 0.0 0.0 0.0 0.0 0.0 0.0 0.0 0.0 0.0 0.0 0.0 0.0 0.0 0.0 0.0 0.0 0.0 0.0 0.0 1.0 0.0 0.0 0.0 0.0 0.0 0.3 1.0 -0.0 0.3 -0.87 1.0 0.0 -0.87 -0.87 0.203 1.0 0.203 0.0 0.203 -0.6 1.0 0.0 -0.6 -0.6 0.06 1.0 0.06 0.0 0.06
0.0 0.0 0.0 0.0 0.0 0.0 1.0 0.0 0.0 0.0 0.0 0.0 0.0 0.0 0.0 0.0 0.0 0.0 0.0 0.0 0.0 1.0 0.0 0.0 0.0 0.5715 0.3333333333333333 0.935 0.935 0.5149999999999999 0.6666666666666666 -0.0 0.07 -0.24980000000000002 0.8333333333333334 0.956 -0.87 -0.83 0.221 0.3333333333333333 0.239 0.0 0.239 -0.14375 0.6666666666666666 0.856 -0.88 -0.88 0.08200000000000002 0.8333333333333334 0.914 -0.84 -0.07
0.0 0.0 0.0 0.0 0.0 0.0 0.0 0.0 0.0 0.0 0.0 0.0 0.0 1.0 0.0 0.0 0.0 0.0 0.0 0.0 0.0 0.0 0.0 1.0 0.0 0.441 0.6666666666666666 0.928 0.928 0.5266666666666667 0.3333333333333333 -0.0 0.66 0.13899999999999998 0.5555555555555556 0.897 -0.78 0.897 0.16185714285714287 0.7777777777777778 0.959 -0.94 0.959 0.2818 0.5555555555555556 0.869 -0.1 0.585 0.016499999999999987 0.8888888888888888 0.744 -0.92 -0.63
0.0 0.0 0.0 0.0 0.0 0.0 0.0 0.0 0.0 0.0 0.0 0.0 0.0 0.0 0.0 0.0 0.0 0.0 0.0 0.0 0.0 0.0 0.0 1.0 0.0 0.4421428571428571 0.7777777777777778 0.935 0.614 0.495 0.2222222222222222 -0.0 0.93 0.43185714285714283 0.7777777777777778 0.956 -0.07 0.561 -0.04516666666666666 0.6666666666666666 0.647 -0.79 -0.74 0.08600000000000001 0.6666666666666666 0.937 -0.26 0.937 0.5075714285714286 0.7777777777777778 0.935 0.0 0.533
0.0 0.0 0.0 0.0 0.0 1.0 0.0 0.0 0.0 0.0 0.0 4.0 0.0 3.0 0.0 0.0 0.0 0.0 0.0 0.0 0.0 0.0 0.0 1.0 0.0 0.49937500000000007 0.9032258064516129 0.943 0.05 0.7016666666666667 0.0967741935483871 -0.0 0.73 0.40062 0.8064516129032258 0.956 -0.93 0.021 0.1915217391304348 0.7419354838709677 0.982 -0.94 0.081 -0.06620000000000004 0.3225806451612903 0.948 -0.91 0.017 0.3517600000000001 0.8064516129032258 0.98 -0.95 0.113
0.0 0.0 0.0 0.0 0.0 0.0 0.0 0.0 0.0 0.0 0.0 0.0 0.0 0.0 0.0 0.0 0.0 0.0 0.0 0.0 0.0 0.0 0.0 1.0 0.0 0.5936 0.8333333333333334 0.935 0.072 0.27 0.16666666666666666 -0.0 0.27 0.4215999999999999 0.8333333333333334 0.956 -0.75 -0.75 -0.17375000000000002 0.6666666666666666 0.191 -0.87 0.154 -0.34 0.3333333333333333 0.0 -0.64 -0.64 0.4518000000000001 0.8333333333333334 0.914 0.0 0.142
0.0 0.0 0.0 0.0 0.0 0.0 0.0 0.0 1.0 0.0 0.0 1.0 0.0 0.0 0.0 0.0 0.0 0.0 0.0 0.0 0.0 0.0 0.0 1.0 0.0 0.43083333333333335 0.8571428571428571 0.933 0.933 0.05 0.14285714285714285 -0.0 0.05 0.3938333333333334 0.8571428571428571 0.972 -0.02 0.972 -0.18519999999999998 0.7142857142857143 0.191 -0.74 0.191 -0.02766666666666667 0.42857142857142855 0.077 -0.1 0.077 0.47633333333333333 0.8571428571428571 0.894 0.0 0.894
0.0 0.0 0.0 0.0 1.0 0.0 0.0 0.0 0.0 0.0 0.0 0.0 0.0 0.0 0.0 0.0 0.0 0.0 1.0 0.0 0.0 0.0 0.0 1.0 0.0 0.49400000000000005 0.3333333333333333 0.935 0.935 0.605 0.6666666666666666 -0.0 0.11 -0.11480000000000001 0.8333333333333334 0.956 -0.72 -0.19 0.040499999999999994 0.3333333333333333 0.141 -0.06 -0.06 0.3954 0.8333333333333334 0.964 -0.21 -0.21 -0.2572 0.8333333333333334 0.914 -0.98 -0.62
0.0 0.0 0.0 0.0 0.0 0.0 0.0 0.0 0.0 0.0 0.0 0.0 0.0 0.0 0.0 0.0 0.0 0.0 0.0 0.0 0.0 0.0 0.0 1.0 0.0 0.5983333333333333 0.75 0.935 0.16 0.5499999999999999 0.25 -0.0 0.82 0.3922222222222222 0.75 0.956 -0.73 -0.73 -0.23542857142857146 0.5833333333333334 0.344 -0.87 0.344 -0.41600000000000004 0.4166666666666667 0.0 -0.91 -0.91 0.43599999999999994 0.9166666666666666 0.935 -0.82 -0.82
0.0 0.0 0.0 0.0 0.0 0.0 0.0 0.0 0.0 0.0 0.0 0.0 0.0 0.0 0.0 0.0 0.0 0.0 0.0 0.0 0.0 0.0 0.0 1.0 0.0 0.719 0.5 0.719 0.719 0.04 0.5 -0.0 0.04 0.344 1.0 0.728 -0.04 -0.04 0.713 0.5 0.713 0.0 0.713 0.0 0.0 0.0 0.0 0.0 0.33249999999999996 1.0 0.715 -0.05 -0.05
0.0 0.0 0.0 0.0 0.0 0.0 0.0 0.0 1.0 0.0 0.0 1.0 0.0 1.0 0.0 0.0 0.0 0.0 0.0 0.0 0.0 0.0 0.0 1.0 0.0 0.5821818181818181 0.7333333333333333 0.935 0.713 0.1375 0.26666666666666666 -0.0 0.19 0.24127272727272728 0.7333333333333333 0.956 -0.77 -0.44 0.11761538461538465 0.8666666666666667 0.921 -0.94 -0.13 -0.14925 0.5333333333333333 0.056 -0.44 -0.08 0.3875714285714286 0.9333333333333333 0.935 -0.4 -0.4
0.0 0.0 0.0 0.0 0.0 0.0 0.0 0.0 0.0 0.0 0.0 0.0 0.0 0.0 0.0 0.0 0.0 0.0 0.0 0.0 0.0 0.0 0.0 1.0 0.0 0.0 0.0 0.0 0.0 0.27 1.0 -0.0 0.27 -0.75 1.0 0.0 -0.75 -0.75 0.154 1.0 0.154 0.0 0.154 -0.64 1.0 0.0 -0.64 -0.64 0.142 1.0 0.142 0.0 0.142
0.0 0.0 0.0 0.0 0.0 0.0 0.0 0.0 0.0 0.0 0.0 1.0 0.0 0.0 0.0 0.0 0.0 0.0 0.0 0.0 0.0 0.0 0.0 1.0 0.0 0.502 0.8 0.935 0.203 0.27 0.2 -0.0 0.27 0.24749999999999997 0.8 0.956 -0.75 0.956 -0.0325 0.8 0.191 -0.65 0.175 -0.64 0.2 0.0 -0.64 -0.64 0.4546 1.0 0.914 0.0 0.231
0.0 0.0 0.0 0.0 0.0 0.0 0.0 0.0 0.0 0.0 0.0 0.0 0.0 0.0 0.0 0.0 0.0 0.0 0.0 0.0 0.0 0.0 0.0 1.0 0.0 0.5025000000000001 0.7272727272727273 0.935 0.341 0.7766666666666667 0.2727272727272727 -0.0 0.74 0.1391818181818181 1.0 0.956 -0.95 -0.94 0.2618333333333333 0.5454545454545454 0.984 -0.91 0.597 0.3898 0.45454545454545453 0.82 -0.23 0.557 0.14137500000000003 0.7272727272727273 0.914 -0.75 -0.71
0.0 0.0 0.0 0.0 0.0 0.0 0.0 0.0 0.0 0.0 0.0 0.0 0.0 0.0 0.0 0.0 0.0 0.0 0.0 0.0 0.0 0.0 0.0 1.0 0.0 0.11399999999999999 0.5 0.157 0.157 0.545 0.5 -0.0 0.31 -0.407 1.0 0.082 -0.95 0.082 0.21133333333333335 0.75 0.241 0.0 0.191 -0.03166666666666667 0.75 0.475 -0.42 -0.15 -0.14866666666666667 0.75 0.266 -0.91 0.198
0.0 0.0 0.0 0.0 0.0 0.0 0.0 0.0 0.0 0.0 0.0 0.0 1.0 0.0 0.0 0.0 0.0 0.0 0.0 0.0 0.0 0.0 0.0 1.0 0.0 0.0 0.0 0.0 0.0 0.8 1.0 -0.0 0.8 -0.89 1.0 0.0 -0.89 -0.89 0.0 0.0 0.0 0.0 0.0 0.691 1.0 0.691 0.0 0.691 -0.83 1.0 0.0 -0.83 -0.83
0.0 0.0 0.0 0.0 1.0 0.0 0.0 0.0 0.0 0.0 0.0 0.0 0.0 0.0 0.0 0.0 0.0 0.0 1.0 0.0 0.0 0.0 0.0 0.0 1.0 0.0 0.0 0.0 0.0 0.04 1.0 -0.0 0.04 -0.04 1.0 0.0 -0.04 -0.04 0.0 0.0 0.0 0.0 0.0 0.0 0.0 0.0 0.0 0.0 -0.05 1.0 0.0 -0.05 -0.05
0.0 0.0 0.0 0.0 0.0 0.0 0.0 0.0 0.0 0.0 0.0 0.0 0.0 0.0 0.0 0.0 0.0 0.0 0.0 0.0 0.0 0.0 0.0 1.0 0.0 0.4506153846153846 0.7222222222222222 0.935 0.05 0.8300000000000001 0.2777777777777778 -0.0 0.82 0.26358333333333334 0.6666666666666666 0.956 -0.74 -0.06 -0.04409090909090906 0.6111111111111112 0.855 -0.94 0.119 0.28825 0.4444444444444444 0.937 -0.88 -0.11 0.14700000000000002 0.8888888888888888 0.935 -0.99 0.096
0.0 0.0 0.0 0.0 0.0 0.0 0.0 0.0 0.0 0.0 0.0 2.0 0.0 0.0 0.0 0.0 0.0 0.0 0.0 0.0 0.0 0.0 0.0 1.0 0.0 0.6982666666666667 0.6818181818181818 0.94 0.789 0.42571428571428577 0.3181818181818182 -0.0 0.1 0.538 0.7272727272727273 0.956 -0.94 0.633 -0.06178571428571429 0.6363636363636364 0.979 -0.79 -0.79 0.09177777777777779 0.4090909090909091 0.706 -0.74 -0.1 0.3038666666666667 0.6818181818181818 0.946 -0.98 0.935
0.0 0.0 0.0 0.0 0.0 0.0 0.0 0.0 0.0 0.0 0.0 0.0 0.0 0.0 0.0 0.0 0.0 0.0 0.0 0.0 0.0 0.0 0.0 0.0 0.0 0.0 0.0 0.0 0.0 0.5533333333333333 1.0 -0.0 0.58 -0.7599999999999999 1.0 0.0 -0.95 -0.58 0.154 0.3333333333333333 0.154 0.0 0.154 0.214 1.0 0.721 -0.64 0.561 -0.4093333333333333 1.0 0.142 -0.75 -0.62
0.0 0.0 0.0 0.0 0.0 0.0 0.0 0.0 0.0 0.0 0.0 0.0 0.0 0.0 0.0 0.0 0.0 0.0 0.0 0.0 0.0 0.0 0.0 1.0 0.0 0.177 1.0 0.177 0.177 0.0 0.0 -0.0 -0.0 0.08 1.0 0.08 0.0 0.08 -0.46 1.0 0.0 -0.46 -0.46 0.037 1.0 0.037 0.0 0.037 0.204 1.0 0.204 0.0 0.204
0.0 0.0 0.0 0.0 0.0 0.0 0.0 0.0 0.0 0.0 0.0 0.0 0.0 0.0 0.0 0.0 0.0 0.0 0.0 0.0 0.0 0.0 0.0 1.0 0.0 0.935 0.25 0.935 0.935 0.5366666666666666 0.75 -0.0 0.58 -0.27349999999999997 1.0 0.956 -0.75 -0.58 0.154 0.25 0.154 0.0 0.154 0.22433333333333336 0.75 0.752 -0.64 0.561 -0.0935 1.0 0.914 -0.81 -0.62
0.0 0.0 0.0 0.0 0.0 0.0 0.0 0.0 0.0 0.0 0.0 0.0 0.0 0.0 0.0 0.0 0.0 0.0 0.0 0.0 0.0 0.0 0.0 1.0 0.0 0.5406666666666666 1.0 0.878 0.025 0.0 0.0 -0.0 -0.0 0.77 0.6666666666666666 0.812 0.0 0.728 0.5556666666666666 1.0 0.984 -0.03 -0.03 0.012 0.3333333333333333 0.012 0.0 0.012 0.5366666666666666 1.0 0.838 0.0 0.057
0.0 0.0 0.0 0.0 0.0 0.0 0.0 0.0 1.0 0.0 0.0 1.0 0.0 0.0 0.0 0.0 0.0 0.0 0.0 0.0 0.0 0.0 0.0 1.0 0.0 0.3387142857142858 0.8235294117647058 0.83 0.144 0.8999999999999999 0.17647058823529413 -0.0 0.88 0.1392142857142857 0.8235294117647058 1.0 -0.98 0.768 -0.10115384615384614 0.7647058823529411 0.286 -0.84 0.256 0.14012499999999997 0.47058823529411764 0.83 -0.18 -0.05 0.20528571428571432 0.8235294117647058 0.935 -0.99 0.228
0.0 0.0 0.0 0.0 0.0 0.0 0.0 0.0 0.0 0.0 0.0 0.0 0.0 0.0 0.0 0.0 0.0 0.0 0.0 0.0 0.0 0.0 0.0 1.0 0.0 0.0 0.0 0.0 0.0 0.87 1.0 -0.0 0.87 -0.84 1.0 0.0 -0.84 -0.84 0.0 0.0 0.0 0.0 0.0 -0.96 1.0 0.0 -0.96 -0.96 -0.82 1.0 0.0 -0.82 -0.82
0.0 0.0 0.0 0.0 0.0 0.0 0.0 0.0 0.0 0.0 0.0 0.0 0.0 1.0 0.0 0.0 0.0 0.0 0.0 0.0 0.0 0.0 0.0 1.0 0.0 0.57 0.75 0.846 0.08 0.77 0.25 -0.0 0.77 -0.05200000000000001 0.75 0.784 -0.91 -0.91 -0.36949999999999994 0.5 0.201 -0.94 0.201 0.413 0.5 0.866 -0.04 0.866 0.13166666666666668 0.75 0.744 -0.55 -0.55
0.0 0.0 0.0 0.0 0.0 0.0 0.0 0.0 0.0 0.0 0.0 0.0 0.0 0.0 0.0 0.0 0.0 0.0 0.0 0.0 0.0 0.0 0.0 1.0 0.0 0.0 0.0 0.0 0.0 0.27 1.0 -0.0 0.27 -0.75 1.0 0.0 -0.75 -0.75 0.154 1.0 0.154 0.0 0.154 -0.64 1.0 0.0 -0.64 -0.64 0.142 1.0 0.142 0.0 0.142
0.0 0.0 0.0 0.0 0.0 0.0 0.0 0.0 0.0 0.0 1.0 0.0 0.0 1.0 0.0 0.0 0.0 0.0 0.0 0.0 1.0 0.0 0.0 0.0 0.0 0.6787500000000001 0.8 0.935 0.096 0.06 0.2 -0.0 0.06 0.447 0.8 0.956 -0.08 0.066 -0.40575 0.8 0.079 -0.94 0.079 -0.13 0.2 0.0 -0.13 -0.13 0.4225 0.8 0.914 -0.11 0.142
0.0 0.0 0.0 0.0 0.0 0.0 0.0 0.0 0.0 0.0 0.0 0.0 0.0 0.0 0.0 0.0 0.0 0.0 0.0 0.0 0.0 0.0 0.0 1.0 0.0 0.778 0.5 0.778 0.778 0.87 0.5 -0.0 0.87 -0.04750000000000004 1.0 0.705 -0.8 -0.8 0.0 0.0 0.0 0.0 0.0 0.0 0.0 0.0 0.0 0.0 -0.044499999999999984 1.0 0.851 -0.94 -0.94
0.0 0.0 0.0 0.0 0.0 0.0 1.0 0.0 0.0 0.0 0.0 0.0 0.0 0.0 0.0 0.0 0.0 0.0 0.0 0.0 0.0 1.0 0.0 0.0 0.0 0.745 0.5 0.745 0.745 0.04 0.5 -0.0 0.04 0.425 1.0 0.89 -0.04 0.89 -0.7 0.5 0.0 -0.7 -0.7 0.0 0.0 0.0 0.0 0.0 0.2965 1.0 0.643 -0.05 0.643
0.0 0.0 0.0 0.0 0.0 0.0 0.0 0.0 0.0 0.0 0.0 0.0 0.0 0.0 0.0 0.0 0.0 0.0 0.0 0.0 0.0 0.0 0.0 1.0 0.0 0.49450000000000005 0.5 0.935 0.054 0.525 0.5 -0.0 0.27 -0.126 1.0 0.956 -0.75 -0.75 0.154 0.25 0.154 0.0 0.154 0.08999999999999997 0.5 0.82 -0.64 -0.64 0.37433333333333335 0.75 0.914 0.0 0.142
0.0 0.0 0.0 0.0 1.0 0.0 0.0 0.0 0.0 0.0 0.0 1.0 0.0 0.0 0.0 0.0 0.0 0.0 0.0 0.0 0.0 0.0 0.0 0.0 0.0 0.5508000000000001 0.7142857142857143 0.935 0.935 0.8049999999999999 0.2857142857142857 -0.0 0.84 0.2016 0.7142857142857143 0.956 -0.95 -0.95 0.50425 0.5714285714285714 0.77 0.0 0.266 0.3155 0.2857142857142857 0.741 -0.11 0.741 -0.031400000000000004 0.7142857142857143 0.914 -0.8 -0.73
0.0 0.0 0.0 0.0 0.0 0.0 0.0 0.0 0.0 0.0 0.0 1.0 0.0 0.0 0.0 0.0 0.0 0.0 0.0 0.0 0.0 0.0 0.0 1.0 0.0 0.7373333333333334 0.75 0.935 0.935 0.745 0.25 -0.0 0.91 0.5181428571428571 0.875 0.956 -0.58 -0.58 0.13766666666666663 0.375 0.964 -0.79 0.239 0.48233333333333334 0.375 0.837 0.0 0.837 0.326 0.875 0.935 -0.99 -0.99
0.0 0.0 0.0 0.0 0.0 0.0 1.0 0.0 0.0 0.0 0.0 0.0 0.0 0.0 0.0 0.0 0.0 0.0 0.0 0.0 0.0 1.0 0.0 0.0 0.0 0.654 1.0 0.935 0.727 0.0 0.0 -0.0 -0.0 0.63775 1.0 0.956 0.0 0.577 -0.3505 0.5 0.239 -0.94 -0.94 0.049 0.25 0.049 0.0 0.049 0.671 1.0 0.914 0.0 0.655
0.0 0.0 0.0 0.0 0.0 0.0 0.0 0.0 0.0 1.0 0.0 0.0 0.0 0.0 0.0 0.0 0.0 0.0 0.0 1.0 0.0 0.0 0.0 0.0 0.0 0.6759999999999999 0.8 0.935 0.935 0.58 0.2 -0.0 0.58 0.4191999999999999 1.0 0.956 -0.58 -0.58 0.239 0.2 0.239 0.0 0.239 0.30500000000000005 0.4 0.561 0.0 0.561 0.46740000000000004 1.0 0.928 -0.62 -0.62
0.0 0.0 0.0 0.0 0.0 0.0 0.0 0.0 0.0 0.0 0.0 0.0 0.0 0.0 0.0 0.0 0.0 0.0 0.0 0.0 0.0 0.0 0.0 0.0 0.0 0.4380400000000001 0.8064516129032258 0.97 0.124 0.6649999999999999 0.1935483870967742 -0.0 0.07 0.27854166666666663 0.7741935483870968 0.971 -0.95 -0.03 0.1894782608695652 0.7419354838709677 0.991 -0.96 0.323 0.166625 0.5161290322580645 0.948 -0.34 -0.23 0.21423076923076928 0.8387096774193549 0.914 -0.86 0.437
0.0 0.0 0.0 0.0 0.0 0.0 0.0 0.0 0.0 0.0 0.0 0.0 0.0 0.0 0.0 0.0 0.0 0.0 0.0 0.0 0.0 0.0 0.0 1.0 0.0 0.572 1.0 0.849 0.806 0.0 0.0 -0.0 -0.0 0.596 1.0 0.922 -0.04 0.906 0.5336666666666666 1.0 0.776 0.0 0.715 0.0 0.0 0.0 0.0 0.0 0.456 0.6666666666666666 0.796 0.0 0.796
0.0 0.0 0.0 0.0 0.0 0.0 0.0 0.0 0.0 0.0 0.0 0.0 0.0 0.0 0.0 0.0 0.0 0.0 0.0 0.0 0.0 0.0 0.0 1.0 0.0 0.4112 0.8333333333333334 0.935 0.258 0.58 0.16666666666666666 -0.0 0.58 0.344 0.6666666666666666 0.956 -0.58 0.277 0.10999999999999999 0.5 0.161 0.0 0.161 0.29500000000000004 0.3333333333333333 0.561 0.0 0.029 0.2585 1.0 0.914 -0.62 0.337
0.0 0.0 0.0 0.0 0.0 0.0 1.0 0.0 0.0 0.0 0.0 0.0 0.0 0.0 0.0 0.0 0.0 0.0 0.0 0.0 0.0 1.0 0.0 0.0 0.0 0.7805 0.6666666666666666 0.815 0.746 0.58 0.3333333333333333 -0.0 0.58 0.2816666666666667 1.0 0.723 -0.58 0.723 0.0 0.0 0.0 0.0 0.0 0.561 0.3333333333333333 0.561 0.0 0.561 0.359 1.0 0.928 -0.62 0.769
0.0 0.0 0.0 0.0 0.0 0.0 0.0 0.0 0.0 0.0 0.0 0.0 0.0 0.0 0.0 0.0 0.0 0.0 0.0 0.0 0.0 0.0 0.0 1.0 0.0 0.287 0.5714285714285714 0.746 0.157 0.5366666666666667 0.42857142857142855 -0.0 0.1 -0.09285714285714285 1.0 0.723 -0.95 -0.09 0.168 0.42857142857142855 0.239 0.0 0.191 0.36075 0.5714285714285714 0.721 0.0 0.721 -0.026428571428571416 1.0 0.769 -0.75 -0.1
0.0 0.0 0.0 0.0 0.0 0.0 0.0 0.0 0.0 0.0 0.0 0.0 0.0 0.0 0.0 0.0 0.0 0.0 0.0 0.0 0.0 0.0 0.0 0.0 0.0 0.7805 1.0 0.815 0.746 0.0 0.0 -0.0 -0.0 0.7124999999999999 1.0 0.723 0.0 0.723 0.0 0.0 0.0 0.0 0.0 0.0 0.0 0.0 0.0 0.0 0.8485 1.0 0.928 0.0 0.769
0.0 0.0 0.0 0.0 0.0 0.0 0.0 0.0 0.0 0.0 0.0 0.0 0.0 0.0 0.0 0.0 0.0 0.0 0.0 0.0 0.0 0.0 0.0 1.0 0.0 0.3566666666666667 1.0 0.911 0.911 0.0 0.0 -0.0 -0.0 0.289 1.0 0.865 -0.04 0.865 0.224 0.6666666666666666 0.338 0.0 0.338 -0.21 0.3333333333333333 0.0 -0.21 -0.21 0.43533333333333335 1.0 0.958 0.0 0.958
0.0 0.0 0.0 0.0 0.0 0.0 0.0 0.0 0.0 0.0 0.0 0.0 0.0 2.0 0.0 0.0 0.0 0.0 0.0 0.0 0.0 0.0 0.0 0.0 0.0 0.67 0.6666666666666666 0.931 0.846 0.305 0.3333333333333333 -0.0 0.03 0.21459999999999999 0.8333333333333334 0.898 -0.58 -0.05 0.04375000000000002 0.6666666666666666 0.964 -0.94 -0.04 0.561 0.16666666666666666 0.561 0.0 0.561 0.2002 0.8333333333333334 0.769 -0.62 -0.09
0.0 0.0 0.0 0.0 0.0 0.0 0.0 0.0 0.0 0.0 0.0 0.0 0.0 0.0 0.0 0.0 0.0 0.0 0.0 0.0 0.0 0.0 0.0 0.0 0.0 0.7805 1.0 0.815 0.746 0.0 0.0 -0.0 -0.0 0.7124999999999999 1.0 0.723 0.0 0.723 0.0 0.0 0.0 0.0 0.0 0.0 0.0 0.0 0.0 0.0 0.8485 1.0 0.928 0.0 0.769
0.0 0.0 1.0 0.0 0.0 0.0 2.0 0.0 0.0 0.0 0.0 0.0 0.0 0.0 0.0 0.0 0.0 0.0 0.0 0.0 0.0 0.0 0.0 0.0 0.0 0.5497500000000001 1.0 0.935 0.145 0.0 0.0 -0.0 -0.0 0.7053333333333333 0.75 0.956 0.0 0.956 0.1795 0.5 0.239 0.0 0.12 0.049 0.25 0.049 0.0 0.049 0.59675 1.0 0.958 0.0 0.169
0.0 0.0 1.0 0.0 0.0 0.0 2.0 0.0 0.0 0.0 0.0 0.0 0.0 0.0 0.0 0.0 0.0 0.0 0.0 0.0 0.0 1.0 0.0 0.0 0.0 0.3932 0.8333333333333334 0.815 0.258 0.78 0.16666666666666666 -0.0 0.78 0.2244 0.8333333333333334 0.723 -0.75 0.277 0.1345 0.3333333333333333 0.161 0.0 0.161 0.31 0.5 0.82 0.0 0.081 0.46160000000000007 0.8333333333333334 0.928 0.0 0.337
0.0 0.0 0.0 0.0 0.0 0.0 0.0 0.0 0.0 0.0 0.0 0.0 0.0 0.0 0.0 0.0 0.0 0.0 0.0 0.0 0.0 0.0 0.0 1.0 0.0 0.501 0.8 0.911 0.086 0.58 0.2 -0.0 0.58 0.28175 0.8 0.865 -0.58 0.295 -0.17499999999999996 0.6 0.239 -0.96 0.196 0.16000000000000003 0.6 0.561 -0.13 -0.13 0.35319999999999996 1.0 0.958 -0.62 0.192
0.0 0.0 0.0 0.0 0.0 0.0 0.0 0.0 0.0 0.0 0.0 1.0 0.0 0.0 0.0 0.0 0.0 0.0 0.0 0.0 0.0 0.0 0.0 0.0 0.0 0.6103333333333333 1.0 0.935 0.727 0.0 0.0 -0.0 -0.0 0.585 1.0 0.956 0.0 0.577 0.09799999999999998 0.6666666666666666 0.902 -0.94 -0.94 0.049 0.16666666666666666 0.049 0.0 0.049 0.5764000000000001 0.8333333333333334 0.914 0.0 0.655
0.0 0.0 0.0 0.0 0.0 1.0 1.0 0.0 0.0 0.0 0.0 0.0 0.0 0.0 0.0 0.0 0.0 0.0 0.0 0.0 0.0 1.0 0.0 0.0 0.0 0.4665 0.8 0.935 0.105 0.5975 0.2 -0.0 0.74 0.22059999999999996 1.0 0.956 -0.95 0.072 -0.06183333333333333 0.6 0.597 -0.79 0.094 0.1859 0.5 0.785 -0.23 0.049 0.32715 1.0 0.959 -0.75 0.149
0.0 0.0 0.0 0.0 0.0 0.0 0.0 0.0 0.0 0.0 0.0 0.0 0.0 0.0 0.0 0.0 0.0 0.0 0.0 0.0 0.0 0.0 0.0 1.0 0.0 0.341 0.75 0.935 0.746 0.62 0.25 -0.0 0.66 0.07219999999999999 0.625 0.956 -0.78 0.723 0.21025 0.5 0.338 0.0 0.338 0.13920000000000002 0.625 0.585 -0.21 -0.21 0.141375 1.0 0.914 -0.63 0.769
0.0 0.0 0.0 0.0 0.0 0.0 0.0 0.0 0.0 0.0 0.0 0.0 0.0 0.0 0.0 0.0 0.0 0.0 0.0 0.0 0.0 0.0 0.0 0.0 0.0 0.6894 0.8333333333333334 0.922 0.746 0.58 0.16666666666666666 -0.0 0.58 0.3478 0.8333333333333334 0.967 -0.58 0.723 0.24650000000000005 0.6666666666666666 0.96 -0.96 -0.96 0.561 0.16666666666666666 0.561 0.0 0.561 0.4713333333333334 1.0 0.89 -0.62 0.769
0.0 0.0 0.0 0.0 0.0 0.0 1.0 0.0 0.0 0.0 0.0 0.0 0.0 0.0 0.0 0.0 0.0 0.0 0.0 0.0 0.0 0.0 0.0 1.0 0.0 0.5573333333333333 0.6 0.822 0.789 0.77 0.4 -0.0 0.65 -0.0492 1.0 0.931 -0.91 -0.86 -0.34 0.4 0.11 -0.79 -0.79 0.609 0.2 0.609 0.0 0.609 0.07880000000000001 1.0 0.935 -0.87 -0.5
0.0 0.0 0.0 0.0 0.0 0.0 1.0 0.0 0.0 0.0 0.0 0.0 0.0 0.0 0.0 0.0 0.0 0.0 0.0 0.0 0.0 1.0 0.0 0.0 0.0 0.6625000000000001 1.0 0.805 0.805 0.0 0.0 -0.0 -0.0 0.72525 1.0 0.819 0.0 0.819 0.166 0.75 0.791 -0.79 0.791 -0.3 0.25 0.0 -0.3 -0.3 0.6763333333333333 0.75 0.935 0.0 0.935
0.0 0.0 0.0 0.0 0.0 0.0 0.0 0.0 0.0 0.0 0.0 0.0 0.0 0.0 0.0 0.0 0.0 0.0 0.0 0.0 0.0 0.0 0.0 1.0 0.0 0.6878888888888889 0.6923076923076923 0.939 0.806 0.6025 0.3076923076923077 -0.0 0.65 0.23938461538461542 1.0 0.956 -0.95 -0.86 0.167625 0.6153846153846154 0.979 -0.87 0.715 0.3658 0.38461538461538464 0.973 -0.4 0.609 0.32700000000000007 0.7692307692307693 0.935 -0.62 -0.5
0.0 0.0 0.0 0.0 0.0 0.0 0.0 0.0 0.0 0.0 0.0 0.0 0.0 0.0 0.0 0.0 0.0 0.0 0.0 0.0 0.0 0.0 0.0 1.0 0.0 0.746 1.0 0.746 0.746 0.0 0.0 -0.0 -0.0 0.723 1.0 0.723 0.0 0.723 0.0 0.0 0.0 0.0 0.0 0.0 0.0 0.0 0.0 0.0 0.769 1.0 0.769 0.0 0.769
0.0 0.0 0.0 0.0 0.0 0.0 0.0 0.0 0.0 0.0 0.0 0.0 0.0 0.0 0.0 0.0 0.0 0.0 0.0 0.0 0.0 0.0 0.0 1.0 0.0 0.746 1.0 0.746 0.746 0.0 0.0 -0.0 -0.0 0.723 1.0 0.723 0.0 0.723 0.0 0.0 0.0 0.0 0.0 0.0 0.0 0.0 0.0 0.0 0.769 1.0 0.769 0.0 0.769
0.0 0.0 0.0 0.0 0.0 0.0 1.0 0.0 0.0 0.0 0.0 0.0 0.0 0.0 0.0 0.0 0.0 0.0 0.0 0.0 0.0 1.0 0.0 0.0 0.0 0.477 0.6666666666666666 0.746 0.208 0.06 0.3333333333333333 -0.0 0.06 0.326 1.0 0.723 -0.04 -0.04 0.157 0.6666666666666666 0.239 0.0 0.075 -0.0355 0.6666666666666666 0.049 -0.12 -0.12 0.32166666666666666 1.0 0.769 -0.15 -0.15
0.0 0.0 0.0 0.0 0.0 0.0 0.0 0.0 0.0 0.0 0.0 1.0 0.0 0.0 0.0 0.0 0.0 0.0 0.0 0.0 0.0 0.0 0.0 1.0 0.0 0.7026666666666667 1.0 0.931 0.727 0.0 0.0 -0.0 -0.0 0.638 1.0 0.898 0.0 0.577 -0.13175 0.6666666666666666 0.964 -0.94 -0.94 0.049 0.16666666666666666 0.049 0.0 0.049 0.7266 0.8333333333333334 0.935 0.0 0.655
0.0 0.0 0.0 0.0 0.0 0.0 1.0 0.0 0.0 0.0 0.0 0.0 0.0 0.0 0.0 0.0 0.0 0.0 0.0 0.0 0.0 1.0 0.0 0.0 0.0 0.654 1.0 0.935 0.727 0.0 0.0 -0.0 -0.0 0.63775 1.0 0.956 0.0 0.577 -0.3505 0.5 0.239 -0.94 -0.94 0.049 0.25 0.049 0.0 0.049 0.671 1.0 0.914 0.0 0.655
0.0 0.0 0.0 0.0 0.0 0.0 1.0 0.0 0.0 0.0 0.0 0.0 0.0 0.0 0.0 0.0 0.0 0.0 0.0 0.0 0.0 0.0 0.0 0.0 0.0 0.638 0.8 0.931 0.931 0.58 0.2 -0.0 0.58 0.4185 0.8 0.898 -0.58 0.898 0.1233333333333333 0.6 0.964 -0.79 0.964 0.21550000000000002 0.4 0.561 -0.13 -0.13 0.319 0.8 0.935 -0.62 0.935
0.0 0.0 0.0 0.0 1.0 1.0 1.0 0.0 0.0 0.0 0.0 0.0 0.0 0.0 0.0 0.0 0.0 0.0 0.0 0.0 0.0 1.0 0.0 0.0 0.0 0.40314285714285714 0.7777777777777778 0.76 0.746 0.62 0.2222222222222222 -0.0 0.66 0.16812499999999997 0.8888888888888888 0.795 -0.78 0.723 -0.06159999999999999 0.5555555555555556 0.239 -0.94 0.239 0.311 0.4444444444444444 0.585 0.0 0.049 0.2082222222222222 1.0 0.769 -0.63 0.769
0.0 0.0 0.0 0.0 0.0 1.0 0.0 0.0 0.0 0.0 0.0 0.0 0.0 0.0 0.0 0.0 0.0 0.0 0.0 0.0 0.0 0.0 0.0 1.0 0.0 0.6906666666666667 1.0 0.931 0.746 0.0 0.0 -0.0 -0.0 0.6076666666666667 1.0 0.898 0.0 0.723 -0.11875000000000002 0.6666666666666666 0.964 -0.79 0.964 -0.06 0.16666666666666666 0.0 -0.06 -0.06 0.7458 0.8333333333333334 0.935 0.0 0.769
0.0 0.0 0.0 0.0 0.0 0.0 1.0 0.0 0.0 0.0 0.0 0.0 0.0 0.0 0.0 0.0 0.0 0.0 0.0 0.0 0.0 1.0 0.0 0.0 0.0 0.7805 1.0 0.815 0.746 0.0 0.0 -0.0 -0.0 0.7124999999999999 1.0 0.723 0.0 0.723 0.0 0.0 0.0 0.0 0.0 0.0 0.0 0.0 0.0 0.0 0.8485 1.0 0.928 0.0 0.769
0.0 0.0 0.0 0.0 0.0 0.0 0.0 0.0 0.0 0.0 0.0 0.0 0.0 0.0 0.0 0.0 0.0 0.0 0.0 0.0 0.0 0.0 0.0 1.0 0.0 0.4985 0.6666666666666666 0.911 0.911 0.58 0.3333333333333333 -0.0 0.58 0.14250000000000002 0.6666666666666666 0.865 -0.58 0.865 0.196 0.3333333333333333 0.196 0.0 0.196 0.21550000000000002 0.6666666666666666 0.561 -0.13 -0.13 0.17666666666666667 1.0 0.958 -0.62 0.958
0.0 0.0 0.0 0.0 0.0 0.0 0.0 0.0 0.0 0.0 0.0 0.0 0.0 0.0 0.0 0.0 0.0 0.0 0.0 0.0 0.0 0.0 0.0 1.0 0.0 0.746 1.0 0.746 0.746 0.0 0.0 -0.0 -0.0 0.723 1.0 0.723 0.0 0.723 0.0 0.0 0.0 0.0 0.0 0.0 0.0 0.0 0.0 0.0 0.769 1.0 0.769 0.0 0.769
0.0 0.0 0.0 0.0 0.0 0.0 1.0 0.0 0.0 0.0 0.0 0.0 0.0 0.0 0.0 0.0 0.0 0.0 0.0 0.0 0.0 1.0 0.0 0.0 0.0 0.5741666666666666 1.0 0.931 0.746 0.0 0.0 -0.0 -0.0 0.5095 1.0 0.898 0.0 0.723 0.07949999999999999 0.6666666666666666 0.964 -0.79 -0.13 -0.0405 0.3333333333333333 0.029 -0.11 0.029 0.7190000000000001 0.6666666666666666 0.935 0.0 0.769
0.0 0.0 0.0 0.0 0.0 0.0 0.0 0.0 0.0 0.0 0.0 0.0 0.0 0.0 0.0 0.0 0.0 0.0 0.0 0.0 0.0 0.0 0.0 1.0 0.0 0.4195 1.0 0.746 0.093 0.0 0.0 -0.0 -0.0 0.723 0.5 0.723 0.0 0.723 0.066 0.5 0.066 0.0 0.066 0.0 0.0 0.0 0.0 0.0 0.445 1.0 0.769 0.0 0.121
0.0 0.0 0.0 0.0 0.0 0.0 0.0 0.0 0.0 0.0 0.0 0.0 0.0 0.0 0.0 0.0 0.0 0.0 0.0 0.0 0.0 0.0 0.0 1.0 0.0 0.746 1.0 0.746 0.746 0.0 0.0 -0.0 -0.0 0.723 1.0 0.723 0.0 0.723 0.0 0.0 0.0 0.0 0.0 0.0 0.0 0.0 0.0 0.0 0.769 1.0 0.769 0.0 0.769
0.0 0.0 0.0 0.0 0.0 0.0 0.0 0.0 0.0 0.0 0.0 0.0 0.0 0.0 0.0 0.0 0.0 0.0 0.0 0.0 0.0 0.0 0.0 1.0 0.0 0.5595 0.6666666666666666 0.911 0.911 0.66 0.3333333333333333 -0.0 0.66 0.12666666666666665 1.0 0.865 -0.78 0.865 0.239 0.3333333333333333 0.239 0.0 0.239 0.317 0.6666666666666666 0.585 0.0 0.049 0.22466666666666665 1.0 0.958 -0.63 0.958
0.0 0.0 0.0 0.0 0.0 0.0 1.0 0.0 0.0 0.0 0.0 0.0 0.0 0.0 0.0 0.0 0.0 0.0 0.0 0.0 0.0 1.0 0.0 0.0 0.0 0.7805 1.0 0.815 0.746 0.0 0.0 -0.0 -0.0 0.7124999999999999 1.0 0.723 0.0 0.723 0.0 0.0 0.0 0.0 0.0 0.0 0.0 0.0 0.0 0.0 0.8485 1.0 0.928 0.0 0.769
0.0 0.0 0.0 0.0 0.0 0.0 1.0 0.0 0.0 0.0 0.0 0.0 0.0 0.0 0.0 0.0 0.0 0.0 0.0 0.0 0.0 1.0 0.0 0.0 0.0 0.7805 1.0 0.815 0.746 0.0 0.0 -0.0 -0.0 0.7124999999999999 1.0 0.723 0.0 0.723 0.0 0.0 0.0 0.0 0.0 0.0 0.0 0.0 0.0 0.0 0.8485 1.0 0.928 0.0 0.769
0.0 0.0 0.0 0.0 0.0 0.0 1.0 0.0 0.0 0.0 0.0 0.0 0.0 0.0 0.0 0.0 0.0 0.0 0.0 0.0 0.0 1.0 0.0 0.0 0.0 0.4182 1.0 0.823 0.258 0.0 0.0 -0.0 -0.0 0.5655 0.8 0.967 0.0 0.277 0.32575 0.8 0.795 0.0 0.161 0.039 0.4 0.049 0.0 0.049 0.44960000000000006 1.0 0.769 0.0 0.337
0.0 0.0 0.0 0.0 0.0 0.0 0.0 0.0 0.0 0.0 0.0 0.0 0.0 0.0 0.0 0.0 0.0 0.0 0.0 0.0 0.0 0.0 0.0 1.0 0.0 0.25760000000000005 1.0 0.746 0.12 0.0 0.0 -0.0 -0.0 0.25749999999999995 0.8 0.723 -0.07 0.295 0.2475 0.8 0.333 0.0 0.333 -0.11366666666666668 0.6 0.049 -0.26 -0.26 0.36160000000000003 1.0 0.769 0.0 0.292
0.0 0.0 0.0 0.0 0.0 0.0 1.0 0.0 0.0 0.0 0.0 0.0 0.0 0.0 0.0 0.0 0.0 0.0 0.0 0.0 0.0 1.0 0.0 0.0 0.0 0.5586666666666666 1.0 0.815 0.746 0.0 0.0 -0.0 -0.0 0.49466666666666664 1.0 0.723 0.0 0.723 0.274 0.3333333333333333 0.274 0.0 0.274 -0.11 0.3333333333333333 0.0 -0.11 -0.11 0.6470000000000001 1.0 0.928 0.0 0.769
0.0 0.0 0.0 0.0 0.0 0.0 1.0 0.0 0.0 0.0 0.0 0.0 0.0 0.0 0.0 0.0 0.0 0.0 0.0 0.0 0.0 1.0 0.0 0.0 0.0 0.5456666666666666 0.75 0.805 0.805 0.58 0.25 -0.0 0.58 0.07150000000000001 0.5 0.723 -0.58 0.723 0.47650000000000003 0.5 0.757 0.0 0.757 0.21550000000000002 0.5 0.561 -0.13 -0.13 0.2985 1.0 0.853 -0.62 0.853
0.0 0.0 0.0 0.0 0.0 0.0 1.0 0.0 0.0 0.0 0.0 0.0 0.0 0.0 0.0 0.0 0.0 0.0 0.0 0.0 0.0 1.0 0.0 0.0 0.0 0.6792 1.0 0.931 0.746 0.0 0.0 -0.0 -0.0 0.603 1.0 0.898 0.0 0.723 0.14933333333333332 0.6 0.964 -0.79 0.964 -0.11 0.2 0.0 -0.11 -0.11 0.7190000000000001 0.8 0.935 0.0 0.769
0.0 0.0 0.0 0.0 0.0 0.0 1.0 0.0 0.0 0.0 0.0 0.0 0.0 0.0 0.0 0.0 0.0 0.0 0.0 0.0 0.0 1.0 0.0 0.0 0.0 0.6053 1.0 0.931 0.746 0.0 0.0 -0.0 -0.0 0.5578 1.0 0.99 -0.03 0.723 -0.25125000000000003 0.8 0.964 -0.88 -0.88 -0.0405 0.2 0.029 -0.11 0.029 0.6767500000000001 0.8 0.935 0.0 0.769
0.0 0.0 0.0 0.0 0.0 0.0 1.0 0.0 0.0 0.0 0.0 0.0 0.0 0.0 0.0 0.0 0.0 0.0 0.0 0.0 0.0 1.0 0.0 0.0 0.0 0.746 1.0 0.746 0.746 0.0 0.0 -0.0 -0.0 0.723 1.0 0.723 0.0 0.723 0.0 0.0 0.0 0.0 0.0 0.0 0.0 0.0 0.0 0.0 0.769 1.0 0.769 0.0 0.769
0.0 0.0 0.0 0.0 0.0 0.0 1.0 0.0 0.0 0.0 0.0 0.0 0.0 0.0 0.0 0.0 0.0 0.0 0.0 0.0 0.0 1.0 0.0 0.0 0.0 0.5586666666666666 1.0 0.815 0.746 0.0 0.0 -0.0 -0.0 0.49466666666666664 1.0 0.723 0.0 0.723 0.274 0.3333333333333333 0.274 0.0 0.274 -0.11 0.3333333333333333 0.0 -0.11 -0.11 0.6470000000000001 1.0 0.928 0.0 0.769
0.0 0.0 0.0 0.0 0.0 0.0 1.0 0.0 0.0 0.0 0.0 0.0 0.0 0.0 0.0 0.0 0.0 0.0 0.0 0.0 0.0 1.0 0.0 0.0 0.0 0.8254000000000001 0.7142857142857143 0.922 0.799 0.75 0.2857142857142857 -0.0 0.71 0.18999999999999997 0.7142857142857143 0.988 -0.85 -0.62 0.827 0.42857142857142855 0.96 0.0 0.734 0.516 0.14285714285714285 0.516 0.0 0.516 0.18039999999999998 0.7142857142857143 0.885 -0.99 -0.99
0.0 0.0 0.0 0.0 0.0 0.0 0.0 0.0 0.0 0.0 0.0 0.0 0.0 0.0 0.0 0.0 0.0 0.0 0.0 0.0 0.0 0.0 0.0 0.0 0.0 0.7805 1.0 0.815 0.746 0.0 0.0 -0.0 -0.0 0.7124999999999999 1.0 0.723 0.0 0.723 0.0 0.0 0.0 0.0 0.0 0.0 0.0 0.0 0.0 0.0 0.8485 1.0 0.928 0.0 0.769
0.0 0.0 0.0 0.0 0.0 0.0 1.0 0.0 0.0 0.0 0.0 0.0 0.0 0.0 0.0 0.0 0.0 0.0 0.0 0.0 0.0 1.0 0.0 0.0 0.0 0.7805 1.0 0.815 0.746 0.0 0.0 -0.0 -0.0 0.7124999999999999 1.0 0.723 0.0 0.723 0.0 0.0 0.0 0.0 0.0 0.0 0.0 0.0 0.0 0.0 0.8485 1.0 0.928 0.0 0.769
0.0 0.0 0.0 0.0 0.0 0.0 1.0 0.0 0.0 0.0 0.0 0.0 0.0 0.0 0.0 0.0 0.0 0.0 0.0 0.0 0.0 1.0 0.0 0.0 0.0 0.416 0.6666666666666666 0.746 0.746 0.58 0.3333333333333333 -0.0 0.58 0.07150000000000001 0.6666666666666666 0.723 -0.58 0.723 0.196 0.3333333333333333 0.196 0.0 0.196 0.21550000000000002 0.6666666666666666 0.561 -0.13 -0.13 0.11366666666666668 1.0 0.769 -0.62 0.769
0.0 0.0 0.0 0.0 0.0 0.0 0.0 0.0 0.0 0.0 0.0 0.0 0.0 0.0 0.0 0.0 0.0 0.0 0.0 0.0 0.0 0.0 0.0 0.0 0.0 0.7805 1.0 0.815 0.746 0.0 0.0 -0.0 -0.0 0.7124999999999999 1.0 0.723 0.0 0.723 0.0 0.0 0.0 0.0 0.0 0.0 0.0 0.0 0.0 0.0 0.8485 1.0 0.928 0.0 0.769
0.0 0.0 0.0 0.0 0.0 0.0 0.0 0.0 0.0 0.0 0.0 0.0 0.0 0.0 0.0 0.0 0.0 0.0 0.0 0.0 0.0 0.0 0.0 1.0 0.0 0.535 0.75 0.785 0.746 0.66 0.25 -0.0 0.66 0.178 1.0 0.723 -0.78 0.723 0.141 0.25 0.141 0.0 0.141 0.26249999999999996 0.5 0.585 -0.06 -0.06 0.28975 1.0 0.858 -0.63 0.769
0.0 0.0 0.0 0.0 0.0 0.0 1.0 0.0 0.0 0.0 0.0 0.0 0.0 0.0 0.0 0.0 0.0 0.0 0.0 0.0 0.0 1.0 0.0 0.0 0.0 0.746 1.0 0.746 0.746 0.0 0.0 -0.0 -0.0 0.723 1.0 0.723 0.0 0.723 0.0 0.0 0.0 0.0 0.0 0.0 0.0 0.0 0.0 0.0 0.769 1.0 0.769 0.0 0.769
0.0 0.0 0.0 0.0 0.0 0.0 0.0 0.0 0.0 0.0 0.0 0.0 0.0 0.0 0.0 0.0 0.0 0.0 0.0 0.0 0.0 0.0 0.0 1.0 0.0 0.8413333333333334 1.0 0.931 0.746 0.0 0.0 -0.0 -0.0 0.8673333333333333 1.0 0.981 0.0 0.723 0.964 0.3333333333333333 0.964 0.0 0.964 0.0 0.0 0.0 0.0 0.0 0.741 0.6666666666666666 0.769 0.0 0.769
0.0 0.0 0.0 0.0 0.0 0.0 0.0 0.0 0.0 0.0 0.0 0.0 0.0 0.0 0.0 0.0 0.0 0.0 0.0 0.0 0.0 0.0 0.0 0.0 0.0 0.5742 0.8333333333333334 0.935 0.29 0.49000000000000005 0.16666666666666666 -0.0 0.78 0.34525 0.8888888888888888 0.967 -0.78 0.405 0.3952727272727273 0.6111111111111112 0.964 -0.65 0.638 0.08944444444444442 0.5 0.82 -0.36 -0.36 0.5276666666666667 0.8333333333333334 0.958 -0.63 0.484
0.0 0.0 0.0 0.0 0.0 0.0 0.0 0.0 0.0 0.0 0.0 3.0 0.0 0.0 0.0 0.0 0.0 0.0 0.0 0.0 0.0 0.0 0.0 1.0 0.0 0.6971176470588235 0.7727272727272727 0.935 0.815 0.6359999999999999 0.22727272727272727 -0.0 0.58 0.3305238095238095 0.9545454545454546 0.967 -0.95 0.702 -0.1962727272727273 0.5 0.96 -0.94 -0.65 0.4971666666666666 0.2727272727272727 0.74 0.0 0.561 0.4814761904761905 0.9545454545454546 0.935 -0.62 0.928
0.0 0.0 0.0 0.0 0.0 0.0 0.0 0.0 0.0 0.0 0.0 1.0 0.0 0.0 0.0 0.0 0.0 0.0 0.0 0.0 0.0 0.0 0.0 1.0 0.0 0.5867142857142857 0.875 0.935 0.258 0.81 0.125 -0.0 0.81 0.42283333333333334 0.75 0.956 -0.95 0.277 0.5204000000000001 0.625 0.96 0.0 0.161 0.17333333333333334 0.375 0.721 -0.23 0.029 0.3775714285714286 0.875 0.914 -0.75 0.337
0.0 0.0 0.0 0.0 0.0 0.0 0.0 0.0 0.0 0.0 0.0 0.0 0.0 0.0 0.0 0.0 0.0 0.0 0.0 0.0 0.0 0.0 0.0 1.0 0.0 0.7310000000000001 0.8888888888888888 0.935 0.935 0.58 0.1111111111111111 -0.0 0.58 0.5302222222222223 1.0 0.956 -0.58 -0.58 -0.17940000000000003 0.5555555555555556 0.964 -0.79 0.239 0.30500000000000005 0.2222222222222222 0.561 0.0 0.561 0.6351249999999999 0.8888888888888888 0.935 -0.62 -0.62
0.0 0.0 0.0 0.0 0.0 0.0 2.0 0.0 0.0 1.0 0.0 0.0 0.0 0.0 0.0 0.0 0.0 0.0 0.0 1.0 0.0 0.0 0.0 0.0 0.0 0.5513333333333333 1.0 0.911 0.911 0.0 0.0 -0.0 -0.0 0.5886666666666667 1.0 0.865 0.0 0.865 -0.59 0.3333333333333333 0.0 -0.59 -0.59 0.081 0.3333333333333333 0.081 0.0 0.081 0.592 1.0 0.958 0.0 0.958
0.0 0.0 0.0 0.0 1.0 1.0 0.0 0.0 0.0 0.0 0.0 2.0 0.0 3.0 0.0 0.0 0.0 0.0 0.0 0.0 0.0 0.0 0.0 1.0 0.0 0.5089074074074075 0.8059701492537313 0.942 0.806 0.61 0.19402985074626866 -0.0 0.88 0.27878571428571436 0.835820895522388 0.982 -0.98 -0.98 -0.022452380952380953 0.6268656716417911 0.979 -0.94 0.715 0.11848275862068962 0.43283582089552236 0.869 -0.44 0.869 0.3415483870967742 0.9253731343283582 0.969 -0.89 -0.8
0.0 0.0 0.0 0.0 0.0 0.0 0.0 0.0 0.0 0.0 0.0 0.0 0.0 0.0 0.0 0.0 0.0 0.0 0.0 0.0 0.0 0.0 0.0 1.0 0.0 0.198 0.4 0.297 0.297 0.7466666666666667 0.6 -0.0 0.76 -0.2838 1.0 0.515 -0.72 -0.72 0.371 0.4 0.568 0.0 0.568 0.41719999999999996 1.0 0.882 -0.22 0.752 -0.35440000000000005 1.0 0.331 -0.81 -0.81
0.0 0.0 0.0 0.0 0.0 0.0 1.0 0.0 0.0 0.0 0.0 0.0 0.0 0.0 0.0 0.0 0.0 0.0 0.0 0.0 0.0 1.0 0.0 0.0 0.0 0.4265 1.0 0.779 0.074 0.0 0.0 -0.0 -0.0 0.42050000000000004 1.0 0.784 0.0 0.057 0.4525 1.0 0.764 0.0 0.141 -0.06 0.5 0.0 -0.06 -0.06 0.47600000000000003 1.0 0.79 0.0 0.162
0.0 0.0 0.0 0.0 0.0 0.0 1.0 0.0 0.0 0.0 0.0 0.0 0.0 0.0 0.0 0.0 0.0 0.0 0.0 0.0 0.0 0.0 0.0 1.0 0.0 0.40370000000000006 0.7142857142857143 0.951 0.734 0.4 0.2857142857142857 -0.0 0.05 0.1547 0.7142857142857143 0.956 -0.61 -0.07 0.20381818181818182 0.7857142857142857 0.911 -0.6 0.734 -0.03357142857142859 0.5 0.856 -0.72 -0.09 0.19718181818181826 0.7857142857142857 0.99 -0.82 -0.82
0.0 0.0 0.0 0.0 0.0 0.0 0.0 0.0 0.0 0.0 0.0 0.0 0.0 0.0 0.0 0.0 0.0 0.0 0.0 0.0 0.0 0.0 0.0 1.0 0.0 0.6487999999999999 0.8333333333333334 0.849 0.806 0.58 0.16666666666666666 -0.0 0.58 0.43533333333333335 1.0 0.922 -0.58 0.906 0.23775 0.6666666666666666 0.776 -0.65 0.715 0.561 0.16666666666666666 0.561 0.0 0.561 0.4016 0.8333333333333334 0.928 -0.62 0.796
0.0 0.0 0.0 0.0 0.0 0.0 0.0 0.0 0.0 0.0 0.0 0.0 0.0 0.0 0.0 0.0 0.0 0.0 0.0 0.0 0.0 0.0 0.0 1.0 0.0 0.5436 0.8333333333333334 0.935 0.806 0.58 0.16666666666666666 -0.0 0.58 0.36916666666666664 1.0 0.956 -0.58 0.906 0.43174999999999997 0.6666666666666666 0.776 0.0 0.715 0.24550000000000002 0.3333333333333333 0.561 -0.07 0.561 0.274 0.8333333333333334 0.914 -0.62 0.796
0.0 0.0 0.0 0.0 0.0 0.0 1.0 0.0 0.0 0.0 0.0 0.0 0.0 0.0 0.0 0.0 0.0 0.0 0.0 0.0 0.0 1.0 0.0 0.0 0.0 0.098 0.5 0.098 0.098 0.66 0.5 -0.0 0.66 -0.369 1.0 0.042 -0.78 0.042 0.338 0.5 0.338 0.0 0.338 0.1875 1.0 0.585 -0.21 -0.21 -0.199 1.0 0.232 -0.63 0.232
0.0 0.0 0.0 0.0 0.0 0.0 0.0 0.0 0.0 1.0 0.0 0.0 0.0 0.0 0.0 0.0 0.0 0.0 0.0 0.0 0.0 0.0 0.0 1.0 0.0 0.5444 0.8333333333333334 0.878 0.122 0.7 0.16666666666666666 -0.0 0.74 0.3705454545454545 0.9166666666666666 1.0 -0.94 0.785 0.35825 0.6666666666666666 0.984 -0.59 0.15 0.20800000000000002 0.3333333333333333 0.585 -0.22 0.557 0.2921818181818182 0.9166666666666666 0.979 -0.71 0.095
0.0 0.0 0.0 0.0 0.0 0.0 0.0 0.0 0.0 0.0 0.0 0.0 0.0 0.0 0.0 0.0 0.0 0.0 0.0 0.0 0.0 0.0 0.0 1.0 0.0 0.62 1.0 0.849 0.806 0.0 0.0 -0.0 -0.0 0.64575 1.0 0.922 -0.04 0.906 0.15275 1.0 0.776 -0.99 0.715 0.0 0.0 0.0 0.0 0.0 0.4706666666666666 0.75 0.796 0.0 0.796
0.0 0.0 0.0 0.0 0.0 0.0 0.0 0.0 0.0 0.0 0.0 0.0 0.0 0.0 0.0 0.0 0.0 0.0 0.0 0.0 0.0 0.0 0.0 1.0 0.0 0.4305 1.0 0.779 0.082 0.0 0.0 -0.0 -0.0 0.784 0.5 0.784 0.0 0.784 0.764 0.5 0.764 0.0 0.764 0.0 0.0 0.0 0.0 0.0 0.436 1.0 0.79 0.0 0.082
0.0 0.0 0.0 0.0 0.0 0.0 0.0 0.0 0.0 0.0 0.0 0.0 0.0 0.0 0.0 0.0 0.0 0.0 0.0 0.0 0.0 0.0 0.0 0.0 0.0 0.08549999999999999 1.0 0.11 0.11 0.0 0.0 -0.0 -0.0 -0.0034999999999999996 1.0 0.033 -0.04 0.033 0.148 1.0 0.186 0.0 0.186 0.0 0.0 0.0 0.0 0.0 0.116 0.5 0.116 0.0 0.116
0.0 0.0 0.0 0.0 0.0 0.0 0.0 0.0 0.0 0.0 0.0 2.0 0.0 0.0 0.0 0.0 0.0 0.0 0.0 0.0 0.0 0.0 0.0 1.0 0.0 0.20350000000000001 1.0 0.789 0.098 0.0 0.0 -0.0 -0.0 0.12680000000000002 0.8333333333333334 0.633 -0.05 0.042 0.07466666666666667 1.0 0.338 -0.79 0.338 -0.12 0.6666666666666666 0.0 -0.21 -0.21 0.2916666666666667 1.0 0.935 0.0 0.232
0.0 0.0 0.0 0.0 0.0 0.0 1.0 0.0 0.0 0.0 0.0 0.0 0.0 0.0 0.0 0.0 0.0 0.0 0.0 0.0 0.0 1.0 0.0 0.0 0.0 0.0 0.0 0.0 0.0 0.81 1.0 -0.0 0.81 -0.95 1.0 0.0 -0.95 -0.95 0.0 0.0 0.0 0.0 0.0 0.721 1.0 0.721 0.0 0.721 -0.75 1.0 0.0 -0.75 -0.75
0.0 0.0 0.0 0.0 0.0 0.0 0.0 0.0 0.0 0.0 0.0 0.0 0.0 0.0 0.0 0.0 0.0 0.0 0.0 0.0 0.0 0.0 0.0 1.0 0.0 0.50325 1.0 0.849 0.806 0.0 0.0 -0.0 -0.0 0.57575 1.0 0.922 -0.04 0.906 0.54225 1.0 0.776 0.0 0.715 -0.22 0.25 0.0 -0.22 -0.22 0.4143333333333334 0.75 0.796 0.0 0.796
0.0 0.0 0.0 0.0 0.0 0.0 1.0 0.0 0.0 0.0 0.0 0.0 0.0 0.0 0.0 0.0 0.0 0.0 0.0 0.0 0.0 1.0 0.0 0.0 0.0 0.5683999999999999 1.0 0.943 0.833 0.0 0.0 -0.0 -0.0 0.488 0.8 0.954 -0.02 0.954 0.55725 0.8 0.943 0.0 0.711 -0.0305 0.4 0.049 -0.11 -0.11 0.45533333333333337 0.6 0.769 0.0 0.251
0.0 0.0 0.0 0.0 0.0 0.0 0.0 0.0 0.0 0.0 0.0 0.0 0.0 0.0 0.0 0.0 0.0 0.0 0.0 0.0 0.0 0.0 0.0 1.0 0.0 0.5916666666666667 1.0 0.853 0.853 0.0 0.0 -0.0 -0.0 0.6376666666666667 1.0 0.955 0.0 0.955 0.776 0.3333333333333333 0.776 0.0 0.776 0.0 0.0 0.0 0.0 0.0 0.4305 0.6666666666666666 0.751 0.0 0.751
0.0 0.0 0.0 0.0 0.0 0.0 0.0 0.0 1.0 0.0 0.0 0.0 0.0 2.0 0.0 0.0 0.0 0.0 0.0 0.0 0.0 0.0 0.0 1.0 0.0 0.431025641025641 0.6842105263157895 0.935 0.825 0.6466666666666667 0.3157894736842105 -0.0 0.93 0.03527450980392159 0.8947368421052632 1.0 -0.96 -0.96 -0.07160000000000004 0.6140350877192983 0.858 -0.94 -0.86 0.2514444444444444 0.47368421052631576 0.99 -0.8 0.88 0.10678723404255323 0.8245614035087719 0.935 -0.99 -0.94
0.0 0.0 0.0 0.0 0.0 0.0 0.0 0.0 0.0 0.0 0.0 0.0 0.0 0.0 0.0 0.0 0.0 0.0 0.0 0.0 0.0 0.0 0.0 1.0 0.0 0.072 1.0 0.072 0.072 0.0 0.0 -0.0 -0.0 0.07 1.0 0.07 0.0 0.07 0.134 1.0 0.134 0.0 0.134 -0.07 1.0 0.0 -0.07 -0.07 0.155 1.0 0.155 0.0 0.155
0.0 0.0 0.0 0.0 0.0 0.0 1.0 0.0 1.0 0.0 0.0 0.0 0.0 0.0 0.0 0.0 0.0 0.0 0.0 0.0 0.0 0.0 0.0 1.0 0.0 0.7017222222222222 1.0 0.935 0.118 0.0 0.0 -0.0 -0.0 0.7420625 0.8888888888888888 0.982 0.0 0.164 -0.14429411764705885 0.9444444444444444 0.892 -0.94 0.13 0.04 0.1111111111111111 0.049 0.0 0.031 0.7048666666666666 0.8333333333333334 0.935 0.0 0.209
0.0 0.0 0.0 0.0 0.0 0.0 0.0 0.0 0.0 0.0 0.0 0.0 0.0 0.0 0.0 0.0 0.0 0.0 0.0 0.0 0.0 0.0 0.0 1.0 0.0 0.6809999999999999 1.0 0.935 0.727 0.0 0.0 -0.0 -0.0 0.6367999999999999 1.0 0.956 0.0 0.577 -0.49700000000000005 0.6 0.239 -0.94 -0.94 0.049 0.2 0.049 0.0 0.049 0.7238000000000001 1.0 0.935 0.0 0.655
0.0 0.0 0.0 0.0 0.0 0.0 0.0 0.0 0.0 1.0 0.0 0.0 0.0 0.0 0.0 0.0 0.0 0.0 0.0 1.0 0.0 0.0 0.0 0.0 0.0 0.0 0.0 0.0 0.0 0.0 0.0 -0.0 -0.0 0.0 0.0 0.0 0.0 0.0 0.0 0.0 0.0 0.0 0.0 0.0 0.0 0.0 0.0 0.0 0.0 0.0 0.0 0.0 0.0
0.0 0.0 0.0 0.0 0.0 1.0 0.0 0.0 0.0 0.0 0.0 0.0 0.0 0.0 0.0 0.0 0.0 0.0 0.0 0.0 0.0 0.0 1.0 0.0 0.0 0.5035000000000001 1.0 0.919 0.088 0.0 0.0 -0.0 -0.0 0.4695 1.0 0.979 -0.04 -0.04 0.234 0.5 0.234 0.0 0.234 -0.1 0.5 0.0 -0.1 -0.1 0.5615 1.0 0.86 0.0 0.263
0.0 0.0 0.0 0.0 0.0 1.0 0.0 0.0 0.0 0.0 0.0 0.0 0.0 0.0 0.0 0.0 0.0 0.0 0.0 0.0 0.0 0.0 1.0 0.0 0.0 0.4675 0.8571428571428571 0.935 0.109 0.13 0.14285714285714285 -0.0 0.13 0.3927999999999999 0.7142857142857143 0.956 -0.28 -0.28 -0.12766666666666668 0.8571428571428571 0.354 -0.79 -0.03 -0.12375 0.5714285714285714 0.015 -0.21 -0.19 0.48700000000000004 1.0 0.935 -0.09 -0.09
