0.0 0.0 0.0 0.0 0.0 1.0 0.0 0.0 0.0 0.0 0.0 0.0 0.0 0.0 0.0 0.0 0.0 0.0 0.0 0.0 0.0 0.0 1.0 0.0 0.0 0.518 0.5 0.935 0.101 0.535 0.5 -0.0 0.31 -0.18800000000000003 0.75 0.956 -0.78 -0.74 0.2355 0.5 0.241 0.0 0.23 -0.27 0.5 0.0 -0.42 -0.12 0.12733333333333335 0.75 0.914 -0.73 0.198
0.0 0.0 1.0 0.0 0.0 1.0 2.0 0.0 1.0 0.0 0.0 0.0 0.0 0.0 0.0 0.0 0.0 0.0 0.0 0.0 0.0 1.0 0.0 0.0 0.0 0.6301666666666667 1.0 0.857 0.847 0.0 0.0 -0.0 -0.0 0.7655000000000001 0.6666666666666666 0.915 0.0 0.915 -0.13 1.0 0.773 -0.84 -0.84 -0.175 0.3333333333333333 0.0 -0.23 -0.23 0.6891666666666666 1.0 0.935 0.0 0.778
0.0 0.0 0.0 0.0 1.0 1.0 1.0 0.0 0.0 0.0 0.0 3.0 0.0 1.0 0.0 0.0 0.0 0.0 0.0 0.0 0.0 0.0 0.0 0.0 0.0 0.59024 0.9259259259259259 0.939 0.939 0.795 0.07407407407407407 -0.0 0.79 0.4646190476190477 0.7777777777777778 0.967 -0.71 0.912 -0.09694736842105266 0.7037037037037037 0.979 -0.94 -0.81 0.22483333333333333 0.2222222222222222 0.883 -0.13 0.883 0.5420909090909091 0.8148148148148148 0.966 -0.86 0.966
0.0 0.0 0.0 0.0 1.0 0.0 1.0 0.0 2.0 2.0 0.0 3.0 0.0 1.0 0.0 0.0 0.0 0.0 0.0 0.0 0.0 0.0 0.0 0.0 0.0 0.5201875 0.9696969696969697 0.939 0.127 0.82 0.030303030303030304 -0.0 0.82 0.5393 0.6060606060606061 0.995 -0.84 0.967 0.11718518518518518 0.8181818181818182 0.979 -0.94 -0.12 -0.1582727272727273 0.3333333333333333 0.049 -0.8 -0.13 0.5268461538461539 0.7878787878787878 0.968 0.0 0.706
0.0 1.0 0.0 0.0 0.0 0.0 0.0 0.0 1.0 0.0 1.0 0.0 0.0 3.0 0.0 0.0 0.0 0.0 0.0 0.0 1.0 0.0 0.0 0.0 0.0 0.4871851851851852 0.8181818181818182 0.935 0.075 0.8133333333333334 0.18181818181818182 -0.0 0.91 0.15899999999999997 0.696969696969697 0.956 -1.0 -0.91 0.22552631578947369 0.5757575757575758 0.992 -0.94 0.08 0.016181818181818186 0.3333333333333333 0.831 -0.8 0.82 0.34772 0.7575757575757576 0.969 -0.85 0.075
0.0 0.0 0.0 0.0 0.0 0.0 0.0 0.0 1.0 0.0 0.0 0.0 0.0 1.0 0.0 0.0 0.0 0.0 0.0 0.0 0.0 0.0 0.0 1.0 0.0 0.8136666666666666 0.75 0.907 0.756 0.14 0.25 -0.0 0.14 0.47150000000000003 1.0 0.855 -0.44 -0.44 0.529 0.5 0.747 0.0 0.311 0.049 0.25 0.049 0.0 0.049 0.47333333333333333 0.75 0.959 -0.39 -0.39
0.0 0.0 0.0 0.0 0.0 0.0 0.0 0.0 2.0 0.0 0.0 2.0 0.0 2.0 0.0 0.0 0.0 0.0 0.0 0.0 0.0 0.0 0.0 1.0 0.0 0.464741935483871 0.8611111111111112 0.935 0.748 0.5800000000000001 0.1388888888888889 -0.0 0.08 0.25858620689655176 0.8055555555555556 0.978 -0.87 0.777 0.042300000000000004 0.8333333333333334 0.99 -0.88 -0.85 0.07328571428571427 0.3888888888888889 0.936 -0.45 0.014 0.38239999999999996 0.8333333333333334 0.935 -0.98 0.615
0.0 0.0 0.0 0.0 0.0 0.0 0.0 0.0 0.0 0.0 1.0 0.0 0.0 0.0 0.0 0.0 0.0 0.0 0.0 0.0 1.0 0.0 0.0 0.0 0.0 0.115 0.3333333333333333 0.115 0.115 0.085 0.6666666666666666 -0.0 0.14 -0.1905 0.6666666666666666 0.059 -0.44 -0.44 0.18166666666666667 1.0 0.311 -0.04 0.311 0.017333333333333336 1.0 0.113 -0.11 0.049 -0.062000000000000006 1.0 0.244 -0.39 -0.39
0.0 0.0 0.0 0.0 0.0 0.0 1.0 0.0 0.0 1.0 0.0 0.0 0.0 1.0 0.0 0.0 0.0 0.0 0.0 1.0 0.0 0.0 0.0 0.0 0.0 0.568 0.6 0.825 0.817 0.785 0.4 -0.0 0.81 -0.015000000000000036 1.0 0.819 -0.78 -0.77 0.611 0.4 0.945 0.0 0.945 0.368 0.4 0.816 -0.08 0.816 -0.16325 0.8 0.816 -0.85 -0.85
0.0 0.0 0.0 0.0 0.0 1.0 0.0 0.0 0.0 0.0 0.0 0.0 0.0 1.0 0.0 0.0 0.0 0.0 0.0 0.0 0.0 0.0 0.0 0.0 0.0 0.637 0.8 0.853 0.853 0.91 0.2 -0.0 0.91 -0.08633333333333333 0.6 0.721 -0.91 -0.91 -0.19649999999999998 0.8 0.892 -0.94 -0.85 -0.06 0.2 0.0 -0.06 -0.06 0.597 0.6 0.856 0.0 0.856
0.0 1.0 0.0 0.0 1.0 0.0 0.0 0.0 0.0 0.0 1.0 0.0 0.0 0.0 0.0 0.0 0.0 0.0 0.0 0.0 1.0 0.0 0.0 0.0 0.0 0.886 0.5 0.886 0.886 0.91 0.5 -0.0 0.91 -0.91 0.5 0.0 -0.91 -0.91 0.99 0.5 0.99 0.0 0.99 0.0 0.0 0.0 0.0 0.0 0.782 0.5 0.782 0.0 0.782
0.0 0.0 0.0 0.0 0.0 1.0 0.0 0.0 0.0 0.0 0.0 2.0 0.0 2.0 0.0 0.0 0.0 0.0 0.0 0.0 0.0 0.0 0.0 1.0 0.0 0.5612285714285714 0.813953488372093 0.943 0.124 0.60375 0.18604651162790697 -0.0 0.8 0.32332500000000003 0.9302325581395349 0.956 -0.95 -0.66 0.10695833333333332 0.5581395348837209 0.943 -0.92 0.21 0.16169999999999995 0.46511627906976744 0.813 -0.21 0.813 0.3286486486486487 0.8604651162790697 0.935 -0.94 -0.94
0.0 0.0 0.0 0.0 0.0 0.0 0.0 0.0 1.0 0.0 0.0 0.0 0.0 0.0 0.0 0.0 0.0 0.0 0.0 0.0 0.0 0.0 0.0 1.0 0.0 0.504 0.5 0.943 0.943 0.5875 0.5 -0.0 0.66 -0.381 0.625 0.123 -0.89 -0.78 0.485 0.625 0.943 0.0 0.943 0.4032 0.625 0.801 -0.11 0.585 -0.19 0.875 0.849 -0.83 -0.63
0.0 1.0 0.0 0.0 0.0 0.0 0.0 0.0 0.0 0.0 1.0 0.0 0.0 0.0 0.0 0.0 0.0 0.0 0.0 0.0 1.0 0.0 0.0 0.0 0.0 0.0 0.0 0.0 0.0 0.91 1.0 -0.0 0.91 -0.91 1.0 0.0 -0.91 -0.91 0.0 0.0 0.0 0.0 0.0 0.0 0.0 0.0 0.0 0.0 0.0 0.0 0.0 0.0 0.0
0.0 0.0 0.0 0.0 0.0 0.0 0.0 0.0 0.0 0.0 0.0 2.0 0.0 0.0 0.0 0.0 0.0 0.0 0.0 0.0 0.0 0.0 0.0 1.0 0.0 0.43444000000000005 0.8928571428571429 0.935 0.893 0.5599999999999999 0.10714285714285714 -0.0 0.16 0.36266666666666664 0.8571428571428571 0.956 -0.78 0.815 0.12854545454545455 0.7857142857142857 0.972 -0.88 -0.67 -0.20936363636363636 0.39285714285714285 0.029 -0.99 -0.99 0.3207391304347825 0.8214285714285714 0.935 -0.78 0.198
0.0 0.0 0.0 0.0 1.0 0.0 0.0 0.0 0.0 0.0 0.0 0.0 0.0 0.0 0.0 0.0 0.0 0.0 0.0 0.0 0.0 0.0 0.0 0.0 1.0 0.5840000000000001 0.5 0.935 0.778 0.8099999999999999 0.5 -0.0 0.74 -0.14766666666666672 1.0 0.956 -0.91 0.708 -0.36 0.3333333333333333 0.12 -0.84 -0.84 0.4546666666666666 0.5 0.82 -0.04 0.584 0.084 0.5 0.914 -0.79 -0.79
0.0 0.0 0.0 0.0 0.0 0.0 1.0 0.0 0.0 0.0 0.0 0.0 0.0 0.0 0.0 0.0 0.0 0.0 0.0 0.0 0.0 1.0 0.0 0.0 0.0 0.6843999999999999 0.7142857142857143 0.889 0.784 0.535 0.2857142857142857 -0.0 0.93 0.302 0.8571428571428571 0.889 -0.89 0.889 -0.07379999999999998 0.7142857142857143 0.902 -0.9 -0.9 0.049 0.14285714285714285 0.049 0.0 0.049 0.20233333333333334 0.8571428571428571 0.935 -0.96 0.559
0.0 0.0 0.0 0.0 0.0 0.0 1.0 0.0 1.0 0.0 0.0 1.0 0.0 0.0 0.0 0.0 0.0 0.0 0.0 0.0 0.0 1.0 0.0 0.0 0.0 0.4141818181818181 0.6875 0.919 0.071 0.5539999999999999 0.3125 -0.0 0.7 0.1290909090909091 0.6875 0.963 -0.95 0.103 -0.2720833333333333 0.75 0.203 -0.94 -0.06 0.018699999999999994 0.625 0.828 -0.7 0.013 0.34461538461538466 0.8125 0.989 -0.88 0.13
0.0 0.0 0.0 0.0 0.0 0.0 0.0 0.0 0.0 0.0 0.0 0.0 0.0 0.0 0.0 0.0 0.0 0.0 0.0 0.0 0.0 0.0 0.0 1.0 0.0 0.513357142857143 0.7567567567567568 0.939 0.258 0.8122222222222222 0.24324324324324326 -0.0 0.87 0.18635294117647064 0.918918918918919 0.956 -1.0 0.277 0.16873684210526316 0.5135135135135135 0.979 -0.94 0.161 -0.05406666666666667 0.40540540540540543 0.882 -0.96 -0.96 0.24733333333333332 0.8108108108108109 0.935 -0.87 0.337
0.0 0.0 0.0 0.0 0.0 0.0 1.0 0.0 0.0 0.0 0.0 1.0 0.0 2.0 0.0 0.0 0.0 0.0 0.0 0.0 0.0 1.0 0.0 0.0 0.0 0.314 0.4444444444444444 0.846 0.208 0.59 0.5555555555555556 -0.0 0.3 -0.3941666666666667 0.6666666666666666 0.295 -0.91 -0.87 0.010000000000000009 0.5555555555555556 0.336 -0.94 0.203 -0.2185 0.6666666666666666 0.87 -0.8 -0.6 -0.1517777777777778 1.0 0.744 -0.99 0.06
0.0 0.0 0.0 0.0 0.0 1.0 0.0 0.0 0.0 0.0 0.0 0.0 0.0 0.0 0.0 0.0 0.0 0.0 0.0 0.0 0.0 0.0 1.0 0.0 0.0 0.8756 0.8333333333333334 0.943 0.887 0.74 0.16666666666666666 -0.0 0.74 0.4155 0.6666666666666666 0.961 -0.94 0.961 0.5444 0.8333333333333334 0.943 -0.88 0.885 0.557 0.16666666666666666 0.557 0.0 0.557 0.44375 0.6666666666666666 0.901 -0.71 0.889
0.0 0.0 0.0 0.0 0.0 1.0 1.0 0.0 1.0 0.0 0.0 4.0 0.0 3.0 0.0 0.0 0.0 0.0 0.0 0.0 0.0 0.0 0.0 1.0 0.0 0.4373272727272729 0.8333333333333334 0.964 0.111 0.31636363636363635 0.16666666666666666 -0.0 0.07 0.2450517241379311 0.8787878787878788 0.967 -0.89 0.067 0.10122807017543861 0.8636363636363636 0.964 -0.95 0.206 0.04478787878787878 0.5 0.82 -0.6 0.084 0.3324181818181819 0.8333333333333334 0.935 -0.81 -0.06
0.0 0.0 0.0 0.0 0.0 0.0 1.0 0.0 0.0 0.0 0.0 1.0 0.0 0.0 0.0 0.0 0.0 0.0 0.0 0.0 0.0 0.0 0.0 1.0 0.0 0.6301428571428571 0.875 0.935 0.042 0.93 0.125 -0.0 0.93 0.29083333333333333 0.75 0.956 -0.87 -0.04 -0.442 0.75 0.344 -0.94 0.194 0.2086666666666667 0.375 0.936 -0.21 -0.1 0.4730000000000001 1.0 0.93 -0.98 0.124
0.0 0.0 0.0 0.0 0.0 0.0 1.0 0.0 0.0 0.0 0.0 0.0 0.0 0.0 0.0 0.0 0.0 0.0 0.0 0.0 0.0 1.0 0.0 0.0 0.0 0.8412 1.0 0.886 0.851 0.0 0.0 -0.0 -0.0 0.7719999999999999 0.8 0.905 0.0 0.723 0.9116666666666666 0.6 0.99 0.0 0.972 0.0 0.0 0.0 0.0 0.0 0.8559999999999999 1.0 0.98 0.0 0.98
0.0 0.0 0.0 0.0 0.0 0.0 1.0 0.0 0.0 1.0 0.0 0.0 0.0 0.0 0.0 0.0 0.0 0.0 0.0 1.0 0.0 0.0 0.0 0.0 0.0 0.47941666666666666 1.0 0.935 0.893 0.0 0.0 -0.0 -0.0 0.5053333333333333 0.75 0.956 -0.04 0.815 0.16918181818181816 0.9166666666666666 0.972 -0.94 0.972 -0.02366666666666667 0.5 0.049 -0.09 0.049 0.419 0.75 0.935 0.0 0.744
0.0 0.0 0.0 0.0 0.0 0.0 1.0 0.0 0.0 0.0 0.0 2.0 1.0 0.0 0.0 0.0 0.0 0.0 0.0 0.0 0.0 1.0 0.0 0.0 0.0 0.49756249999999996 0.9411764705882353 0.886 0.08 0.66 0.058823529411764705 -0.0 0.66 0.3407857142857142 0.8235294117647058 0.928 -0.78 -0.03 -0.018266666666666667 0.8823529411764706 0.99 -1.0 0.201 0.0862 0.29411764705882354 0.585 -0.11 -0.04 0.436 0.9411764705882353 0.935 -0.63 0.201
0.0 0.0 0.0 0.0 0.0 0.0 1.0 0.0 0.0 0.0 0.0 3.0 0.0 1.0 0.0 0.0 0.0 0.0 0.0 0.0 0.0 1.0 0.0 0.0 0.0 0.3844615384615384 0.9629629629629629 0.935 0.037 0.12 0.037037037037037035 -0.0 0.12 0.3406818181818182 0.8148148148148148 0.967 -0.1 0.031 0.22847619047619047 0.7777777777777778 0.984 -0.79 0.07 -0.06269230769230769 0.48148148148148145 0.128 -0.23 0.025 0.42296000000000006 0.9259259259259259 0.935 -0.03 0.07
0.0 0.0 0.0 0.0 0.0 0.0 1.0 0.0 0.0 1.0 0.0 0.0 0.0 0.0 0.0 0.0 0.0 0.0 0.0 1.0 0.0 0.0 0.0 0.0 0.0 0.70575 0.8 0.892 0.766 0.7 0.2 -0.0 0.7 0.4482499999999999 0.8 0.97 -0.75 0.719 0.8213333333333335 0.6 0.892 0.0 0.812 0.6935 0.4 0.773 0.0 0.614 0.069 0.4 0.878 -0.74 -0.74
0.0 0.0 0.0 0.0 0.0 0.0 1.0 0.0 0.0 0.0 0.0 0.0 0.0 0.0 0.0 0.0 0.0 0.0 0.0 0.0 0.0 1.0 0.0 0.0 0.0 0.1345 1.0 0.208 0.061 0.0 0.0 -0.0 -0.0 0.161 1.0 0.295 0.0 0.027 0.0745 1.0 0.239 -0.09 -0.09 0.049 0.5 0.049 0.0 0.049 0.346 0.5 0.346 0.0 0.346
0.0 0.0 0.0 0.0 0.0 0.0 0.0 0.0 0.0 1.0 0.0 0.0 0.0 0.0 0.0 0.0 0.0 0.0 0.0 1.0 0.0 0.0 0.0 0.0 0.0 0.5923636363636363 0.7333333333333333 0.864 0.864 0.8025 0.26666666666666666 -0.0 0.76 0.0664166666666667 0.8 0.92 -0.99 -0.61 -0.31055555555555553 0.6 0.713 -0.94 -0.79 0.09799999999999998 0.3333333333333333 0.856 -0.81 0.856 0.2125714285714286 0.9333333333333333 0.935 -0.85 -0.82
0.0 0.0 0.0 0.0 0.0 0.0 1.0 0.0 0.0 0.0 0.0 0.0 0.0 0.0 0.0 0.0 0.0 0.0 0.0 0.0 0.0 1.0 0.0 0.0 0.0 0.5404705882352943 0.9444444444444444 0.943 0.903 0.89 0.05555555555555555 -0.0 0.89 0.4814615384615385 0.7222222222222222 0.995 -0.82 0.746 0.2975625 0.8888888888888888 0.99 -0.79 0.97 0.302 0.3333333333333333 0.99 -0.05 0.773 0.44049999999999995 0.7777777777777778 0.994 -0.87 0.994
0.0 0.0 0.0 0.0 0.0 0.0 1.0 0.0 0.0 0.0 0.0 0.0 0.0 0.0 0.0 0.0 0.0 0.0 0.0 0.0 0.0 1.0 0.0 0.0 0.0 0.5032941176470589 1.0 0.939 0.823 0.0 0.0 -0.0 -0.0 0.607 0.6470588235294118 0.967 -0.04 0.967 0.08171428571428573 0.8235294117647058 0.979 -0.95 0.795 -0.06275 0.23529411764705882 0.059 -0.11 -0.11 0.47280000000000005 0.8823529411764706 0.935 0.0 0.706
0.0 0.0 0.0 0.0 0.0 0.0 1.0 0.0 1.0 1.0 0.0 5.0 0.0 0.0 0.0 0.0 0.0 0.0 0.0 0.0 0.0 0.0 0.0 1.0 0.0 0.5138333333333334 0.8571428571428571 0.935 0.092 0.29000000000000004 0.14285714285714285 -0.0 0.03 0.4075263157894736 0.9047619047619048 0.956 -0.77 0.036 0.0153125 0.7619047619047619 0.764 -0.79 0.127 0.09 0.38095238095238093 0.816 -0.17 0.019 0.4657142857142857 1.0 0.996 -0.85 0.225
0.0 0.0 0.0 0.0 0.0 0.0 1.0 0.0 1.0 0.0 0.0 0.0 0.0 0.0 0.0 0.0 0.0 0.0 0.0 0.0 0.0 1.0 0.0 0.0 0.0 0.4614 1.0 0.906 0.262 0.0 0.0 -0.0 -0.0 0.501 1.0 0.94 -0.04 0.43 0.1992 1.0 0.86 -0.87 0.657 -0.11550000000000002 0.4 0.049 -0.28 -0.28 0.2353333333333333 0.6 0.346 0.0 0.244
0.0 0.0 0.0 0.0 0.0 1.0 0.0 0.0 1.0 1.0 0.0 0.0 0.0 0.0 0.0 0.0 0.0 0.0 0.0 0.0 0.0 0.0 1.0 0.0 0.0 0.468952380952381 0.9130434782608695 0.964 0.091 0.77 0.08695652173913043 -0.0 0.78 0.4221666666666667 0.782608695652174 0.965 -0.73 0.965 0.23257894736842102 0.8260869565217391 0.984 -0.79 0.152 -0.08279999999999998 0.43478260869565216 0.752 -0.84 -0.08 0.33894117647058825 0.7391304347826086 0.935 -0.81 0.208
0.0 0.0 0.0 0.0 0.0 0.0 3.0 0.0 1.0 0.0 0.0 0.0 0.0 0.0 0.0 0.0 0.0 0.0 0.0 0.0 0.0 1.0 0.0 0.0 0.0 0.6987777777777779 0.8181818181818182 0.935 0.935 0.8 0.18181818181818182 -0.0 0.94 0.43224999999999997 0.7272727272727273 0.956 -0.78 0.956 0.3257142857142856 0.6363636363636364 0.99 -0.66 0.191 -0.16750000000000004 0.18181818181818182 0.585 -0.92 -0.92 0.3792 0.9090909090909091 0.916 -0.96 -0.96
0.0 0.0 0.0 0.0 0.0 0.0 1.0 0.0 0.0 0.0 0.0 0.0 0.0 0.0 0.0 0.0 0.0 0.0 0.0 0.0 0.0 1.0 0.0 0.0 0.0 0.4206666666666667 0.75 0.744 0.208 0.66 0.25 -0.0 0.66 0.2555 1.0 0.781 -0.78 0.295 0.368 0.5 0.497 0.0 0.239 0.11133333333333333 0.75 0.585 -0.3 0.049 0.18674999999999997 1.0 0.706 -0.63 0.346
0.0 0.0 0.0 0.0 0.0 0.0 2.0 0.0 0.0 0.0 0.0 0.0 0.0 0.0 0.0 0.0 0.0 0.0 0.0 0.0 0.0 0.0 0.0 0.0 0.0 0.5324499999999999 0.8 0.935 0.748 0.6499999999999999 0.2 -0.0 0.84 0.16083333333333333 0.72 0.956 -0.95 0.777 -0.1261764705882353 0.68 0.991 -0.94 -0.85 0.24387499999999998 0.32 0.833 -0.11 -0.05 0.4869 0.8 0.935 -0.73 0.615
0.0 0.0 0.0 0.0 0.0 0.0 1.0 0.0 0.0 0.0 0.0 0.0 0.0 1.0 0.0 0.0 0.0 0.0 0.0 0.0 0.0 1.0 0.0 0.0 0.0 0.3141111111111111 0.6923076923076923 0.832 0.049 0.625 0.3076923076923077 -0.0 0.93 -0.06533333333333333 0.9230769230769231 0.912 -0.93 -0.93 0.24933333333333335 0.6923076923076923 0.883 -0.13 -0.13 0.05233333333333333 0.6923076923076923 0.944 -0.8 0.944 -0.011899999999999989 0.7692307692307693 0.781 -0.96 -0.92
0.0 0.0 0.0 0.0 0.0 0.0 1.0 0.0 0.0 0.0 0.0 0.0 0.0 0.0 0.0 0.0 0.0 0.0 0.0 0.0 0.0 1.0 0.0 0.0 0.0 0.5656000000000001 1.0 0.889 0.101 0.0 0.0 -0.0 -0.0 0.582 0.6 0.877 0.0 0.877 0.29359999999999997 1.0 0.972 -0.75 0.23 -0.12 0.2 0.0 -0.12 -0.12 0.53825 0.8 0.934 0.0 0.198
0.0 0.0 0.0 0.0 0.0 0.0 2.0 0.0 0.0 0.0 0.0 3.0 0.0 2.0 0.0 0.0 0.0 0.0 0.0 0.0 0.0 0.0 0.0 1.0 0.0 0.5698536585365853 0.8541666666666666 0.964 0.103 0.812857142857143 0.14583333333333334 -0.0 0.72 0.34395000000000003 0.8333333333333334 0.956 -0.88 -0.88 -0.12831818181818183 0.4583333333333333 0.943 -0.98 0.219 0.08983333333333333 0.375 0.948 -0.88 0.682 0.3891333333333335 0.9375 0.964 -0.99 -0.6
0.0 0.0 0.0 0.0 0.0 0.0 0.0 0.0 0.0 1.0 0.0 0.0 0.0 0.0 0.0 0.0 0.0 0.0 0.0 1.0 0.0 0.0 0.0 0.0 0.0 0.9135 1.0 0.935 0.892 0.0 0.0 -0.0 -0.0 0.956 0.5 0.956 0.0 0.956 0.892 0.5 0.892 0.0 0.892 0.0 0.0 0.0 0.0 0.0 0.914 0.5 0.914 0.0 0.914
0.0 0.0 0.0 0.0 0.0 0.0 0.0 0.0 1.0 0.0 0.0 0.0 0.0 0.0 0.0 0.0 0.0 0.0 0.0 0.0 0.0 0.0 0.0 1.0 0.0 0.32849999999999996 0.75 0.805 0.034 0.685 0.25 -0.0 0.71 0.025249999999999998 1.0 0.743 -0.78 -0.1 0.040799999999999996 0.625 0.253 -0.65 0.171 -0.06319999999999999 0.625 0.585 -0.72 -0.1 0.26799999999999996 0.875 0.868 -0.63 0.17
0.0 0.0 0.0 0.0 0.0 0.0 0.0 0.0 0.0 1.0 0.0 0.0 0.0 0.0 0.0 0.0 0.0 0.0 0.0 1.0 0.0 0.0 0.0 0.0 0.0 0.744 0.5 0.744 0.744 0.89 0.5 -0.0 0.89 -0.024499999999999966 1.0 0.781 -0.83 0.781 0.0 0.0 0.0 0.0 0.0 0.87 0.5 0.87 0.0 0.87 -0.132 1.0 0.706 -0.97 0.706
0.0 0.0 1.0 0.0 0.0 1.0 2.0 0.0 0.0 0.0 0.0 0.0 0.0 0.0 0.0 0.0 0.0 0.0 0.0 0.0 0.0 1.0 0.0 0.0 0.0 0.4699 1.0 0.935 0.744 0.0 0.0 -0.0 -0.0 0.5811428571428571 0.7 0.956 -0.05 0.781 0.12885714285714284 0.7 0.828 -0.79 0.077 -0.10700000000000001 0.2 0.056 -0.27 -0.27 0.523 1.0 0.969 0.0 0.706
0.0 0.0 0.0 0.0 0.0 0.0 0.0 0.0 0.0 0.0 0.0 1.0 1.0 1.0 0.0 0.0 0.0 0.0 0.0 0.0 0.0 0.0 0.0 0.0 0.0 0.47251851851851856 0.75 0.943 0.943 0.48999999999999994 0.25 -0.0 0.86 0.20725 0.7777777777777778 0.982 -0.8 -0.79 0.2045185185185185 0.75 0.979 -0.94 0.943 0.00724999999999999 0.5555555555555556 0.974 -0.8 0.974 0.16560714285714281 0.7777777777777778 0.935 -0.96 -0.83
0.0 0.0 0.0 0.0 0.0 0.0 1.0 0.0 0.0 0.0 0.0 0.0 0.0 1.0 0.0 0.0 0.0 0.0 0.0 0.0 0.0 1.0 0.0 0.0 0.0 0.5558181818181819 0.8461538461538461 0.935 0.846 0.165 0.15384615384615385 -0.0 0.14 0.39869999999999994 0.7692307692307693 0.962 -0.44 -0.44 -0.06675000000000002 0.9230769230769231 0.816 -0.94 0.311 0.005000000000000002 0.38461538461538464 0.083 -0.11 0.049 0.3773636363636364 0.8461538461538461 0.935 -0.4 -0.39
0.0 0.0 0.0 0.0 0.0 0.0 1.0 0.0 0.0 0.0 0.0 0.0 0.0 0.0 0.0 0.0 0.0 0.0 0.0 0.0 0.0 1.0 0.0 0.0 0.0 0.4375 0.6666666666666666 0.833 0.064 0.905 0.3333333333333333 -0.0 0.88 0.1718 0.8333333333333334 0.92 -0.87 -0.06 0.030000000000000006 0.6666666666666666 0.79 -0.88 0.101 0.6113333333333334 0.5 0.948 -0.05 0.948 -0.008999999999999994 1.0 0.793 -0.98 0.157
0.0 0.0 0.0 0.0 0.0 0.0 1.0 0.0 1.0 0.0 0.0 1.0 0.0 0.0 0.0 0.0 0.0 0.0 0.0 0.0 0.0 0.0 0.0 0.0 0.0 0.5563684210526315 0.8260869565217391 0.959 0.959 0.735 0.17391304347826086 -0.0 0.63 0.27679999999999993 0.6521739130434783 0.967 -0.84 0.934 0.2720666666666666 0.6521739130434783 0.983 -0.79 0.983 0.129875 0.34782608695652173 0.734 -0.8 0.611 0.36865000000000003 0.8695652173913043 0.96 -0.99 0.881
0.0 0.0 0.0 0.0 0.0 0.0 0.0 0.0 0.0 0.0 0.0 0.0 0.0 0.0 0.0 0.0 0.0 0.0 0.0 0.0 0.0 0.0 0.0 1.0 0.0 0.4865 0.6666666666666666 0.846 0.127 0.83 0.3333333333333333 -0.0 0.83 -0.377 0.6666666666666666 0.026 -0.78 0.026 -0.345 0.6666666666666666 0.25 -0.94 0.25 0.357 0.6666666666666666 0.754 -0.04 -0.04 0.021333333333333353 1.0 0.744 -0.96 0.28
0.0 0.0 0.0 0.0 0.0 0.0 1.0 0.0 1.0 1.0 0.0 0.0 0.0 0.0 0.0 0.0 0.0 0.0 0.0 0.0 0.0 0.0 0.0 1.0 0.0 0.6397142857142857 0.875 0.892 0.849 0.76 0.125 -0.0 0.76 0.24980000000000002 0.625 0.967 -0.72 0.967 0.413 0.875 0.892 -0.75 0.85 0.356 0.25 0.752 -0.04 -0.04 0.34600000000000003 0.75 0.934 -0.81 0.847
0.0 0.0 0.0 0.0 0.0 0.0 1.0 0.0 0.0 1.0 0.0 0.0 0.0 0.0 0.0 0.0 0.0 0.0 0.0 0.0 0.0 0.0 0.0 0.0 0.0 0.281 0.6666666666666666 0.614 0.22 0.31 0.3333333333333333 -0.0 0.31 0.13975 0.6666666666666666 0.561 -0.13 0.258 0.020166666666666663 1.0 0.357 -0.74 0.357 0.3893333333333333 0.5 0.624 -0.08 -0.08 -0.0013333333333333346 1.0 0.533 -0.63 0.351
0.0 0.0 0.0 0.0 0.0 2.0 1.0 0.0 0.0 0.0 0.0 3.0 0.0 1.0 0.0 0.0 0.0 0.0 0.0 0.0 0.0 0.0 1.0 0.0 0.0 0.4533181818181818 0.8461538461538461 0.935 0.889 0.71 0.15384615384615385 -0.0 0.74 0.2426 0.7692307692307693 0.956 -0.82 -0.78 -0.037263157894736824 0.7307692307692307 0.928 -0.95 0.773 0.07518181818181816 0.4230769230769231 0.958 -0.78 -0.78 0.28547826086956524 0.8846153846153846 0.935 -0.71 -0.71
0.0 0.0 0.0 0.0 0.0 0.0 1.0 0.0 0.0 0.0 0.0 0.0 0.0 0.0 0.0 0.0 0.0 0.0 0.0 0.0 0.0 1.0 0.0 0.0 0.0 0.492 0.4 0.939 0.045 0.8133333333333334 0.6 -0.0 0.81 -0.2822 1.0 0.899 -0.77 -0.77 0.537 0.4 0.979 0.0 0.095 0.26299999999999996 0.6 0.883 -0.91 0.816 -0.3695 0.4 0.111 -0.85 -0.85
0.0 0.0 0.0 0.0 1.0 0.0 1.0 0.0 1.0 0.0 0.0 0.0 0.0 1.0 0.0 0.0 0.0 0.0 0.0 0.0 0.0 1.0 0.0 0.0 0.0 0.6516875 0.8888888888888888 0.936 0.744 0.815 0.1111111111111111 -0.0 0.82 0.46779999999999994 0.8333333333333334 0.92 -0.84 0.781 0.0838571428571429 0.7777777777777778 0.963 -0.79 0.191 -0.0037500000000000033 0.2222222222222222 0.816 -0.8 -0.8 0.50475 0.6666666666666666 0.959 -0.85 0.706
0.0 0.0 0.0 0.0 0.0 0.0 1.0 0.0 0.0 0.0 0.0 0.0 0.0 0.0 0.0 0.0 0.0 0.0 0.0 0.0 0.0 1.0 0.0 0.0 0.0 0.7324545454545455 0.7333333333333333 0.949 0.949 0.5225000000000001 0.26666666666666666 -0.0 0.93 0.3882857142857143 0.9333333333333333 0.972 -0.99 0.972 -0.13537499999999997 0.5333333333333333 0.975 -1.0 0.975 0.133 0.3333333333333333 0.936 -0.13 -0.11 0.3453571428571428 0.9333333333333333 0.935 -0.98 0.901
0.0 0.0 0.0 0.0 0.0 0.0 1.0 0.0 0.0 0.0 0.0 0.0 0.0 0.0 0.0 0.0 0.0 0.0 0.0 0.0 0.0 1.0 0.0 0.0 0.0 0.8486666666666666 1.0 0.943 0.746 0.0 0.0 -0.0 -0.0 0.8140000000000001 0.6666666666666666 0.905 0.0 0.723 0.858 0.6666666666666666 0.943 0.0 0.943 0.0 0.0 0.0 0.0 0.0 0.8305 0.6666666666666666 0.892 0.0 0.769
0.0 0.0 0.0 1.0 0.0 5.0 0.0 0.0 2.0 0.0 0.0 1.0 0.0 2.0 0.0 0.0 0.0 0.0 0.0 0.0 0.0 0.0 1.0 0.0 0.0 0.5958275862068966 0.7837837837837838 0.943 0.784 0.6312499999999999 0.21621621621621623 -0.0 0.89 0.27285185185185185 0.7297297297297297 0.956 -0.95 0.082 0.03134782608695653 0.6216216216216216 0.943 -0.94 0.809 0.25518181818181823 0.2972972972972973 0.99 -0.8 0.99 0.4104666666666667 0.8108108108108109 0.959 -0.88 0.76
0.0 0.0 0.0 0.0 0.0 1.0 1.0 0.0 1.0 0.0 0.0 0.0 0.0 1.0 0.0 0.0 0.0 0.0 0.0 0.0 0.0 0.0 0.0 0.0 0.0 0.40875000000000006 0.7692307692307693 0.943 0.819 0.4933333333333334 0.23076923076923078 -0.0 0.81 0.14936363636363637 0.8461538461538461 0.97 -0.77 0.777 -0.10329411764705886 0.6538461538461539 0.943 -0.88 -0.88 0.19146666666666665 0.5769230769230769 0.816 -0.28 0.051 0.26668181818181824 0.8461538461538461 0.935 -0.85 0.79
0.0 0.0 0.0 0.0 0.0 0.0 1.0 0.0 0.0 0.0 0.0 3.0 0.0 1.0 0.0 0.0 0.0 0.0 0.0 0.0 0.0 1.0 0.0 0.0 0.0 0.6537894736842107 0.9047619047619048 0.951 0.858 0.7949999999999999 0.09523809523809523 -0.0 0.83 0.42777777777777776 0.8571428571428571 0.928 -0.74 0.791 -0.14773333333333336 0.7142857142857143 0.99 -0.94 0.924 -0.077 0.19047619047619047 0.752 -0.92 -0.05 0.6004736842105265 0.9047619047619048 0.99 -0.81 0.706
0.0 0.0 0.0 0.0 0.0 0.0 2.0 0.0 0.0 0.0 0.0 0.0 0.0 0.0 0.0 0.0 0.0 0.0 0.0 0.0 0.0 1.0 0.0 0.0 0.0 0.527 0.75 0.746 0.744 0.05 0.25 -0.0 0.05 0.40349999999999997 1.0 0.781 -0.06 -0.06 -0.02 0.25 0.0 -0.02 -0.02 0.0505 0.5 0.081 0.0 0.02 0.37225 1.0 0.769 -0.17 -0.17
0.0 0.0 0.0 0.0 0.0 0.0 1.0 0.0 0.0 0.0 0.0 1.0 0.0 3.0 0.0 0.0 0.0 0.0 0.0 0.0 0.0 1.0 0.0 0.0 0.0 0.5087999999999999 0.8163265306122449 0.952 0.952 0.4555555555555556 0.1836734693877551 -0.0 0.84 0.3167954545454545 0.8979591836734694 0.986 -0.95 0.95 0.020236842105263154 0.7755102040816326 0.967 -0.88 0.953 0.024263157894736844 0.3877551020408163 0.992 -0.72 0.028 0.34129729729729735 0.7551020408163265 0.935 -0.99 0.105
0.0 0.0 0.0 0.0 0.0 0.0 1.0 0.0 0.0 0.0 0.0 0.0 0.0 0.0 0.0 0.0 0.0 0.0 0.0 0.0 0.0 1.0 0.0 0.0 0.0 0.7784285714285714 1.0 0.939 0.823 0.0 0.0 -0.0 -0.0 0.8146666666666667 0.8571428571428571 0.967 0.0 0.967 0.7454999999999999 0.8571428571428571 0.979 0.0 0.795 0.049 0.14285714285714285 0.049 0.0 0.049 0.7218 0.7142857142857143 0.959 0.0 0.706
0.0 0.0 0.0 0.0 0.0 0.0 1.0 0.0 0.0 0.0 0.0 0.0 0.0 0.0 0.0 0.0 0.0 0.0 0.0 0.0 0.0 1.0 0.0 0.0 0.0 0.6036666666666667 0.75 0.857 0.746 0.66 0.25 -0.0 0.66 0.28575 1.0 0.905 -0.78 0.723 0.506 0.5 0.773 0.0 0.239 0.317 0.5 0.585 0.0 0.049 0.34425 1.0 0.892 -0.63 0.769
0.0 0.0 0.0 0.0 1.0 0.0 1.0 0.0 0.0 0.0 0.0 0.0 0.0 0.0 0.0 0.0 0.0 0.0 0.0 0.0 0.0 0.0 0.0 0.0 1.0 0.5305555555555554 0.8181818181818182 0.943 0.069 0.42 0.18181818181818182 -0.0 0.75 0.2954 0.9090909090909091 0.956 -0.73 0.044 0.44733333333333336 0.5454545454545454 0.979 0.0 0.115 0.12980000000000003 0.45454545454545453 0.734 -0.18 0.023 0.2763333333333333 0.8181818181818182 0.914 -0.78 0.138
0.0 0.0 1.0 0.0 0.0 0.0 2.0 0.0 0.0 0.0 0.0 0.0 0.0 0.0 0.0 0.0 0.0 0.0 0.0 0.0 0.0 0.0 0.0 1.0 0.0 0.6559999999999999 0.8 0.911 0.911 0.78 0.2 -0.0 0.78 0.244 0.8 0.865 -0.75 0.865 0.5715 0.4 0.99 0.0 0.153 0.35 0.4 0.82 -0.12 -0.12 0.6675 0.8 0.958 0.0 0.958
0.0 0.0 0.0 0.0 0.0 0.0 1.0 0.0 0.0 0.0 0.0 0.0 0.0 0.0 0.0 0.0 0.0 0.0 0.0 0.0 0.0 1.0 0.0 0.0 0.0 0.3401666666666667 1.0 0.857 0.17 0.0 0.0 -0.0 -0.0 0.312 0.8333333333333334 0.905 -0.07 0.905 0.14 1.0 0.773 -0.79 0.313 -0.1075 0.6666666666666666 0.0 -0.2 -0.2 0.4683333333333333 1.0 0.935 0.0 0.403
0.0 0.0 0.0 0.0 0.0 0.0 2.0 0.0 0.0 0.0 0.0 0.0 0.0 0.0 0.0 0.0 0.0 0.0 0.0 0.0 0.0 1.0 0.0 0.0 0.0 0.845 1.0 0.911 0.911 0.0 0.0 -0.0 -0.0 0.8245 1.0 0.865 0.0 0.865 0.764 0.5 0.764 0.0 0.764 0.0 0.0 0.0 0.0 0.0 0.874 1.0 0.958 0.0 0.958
0.0 0.0 0.0 0.0 0.0 0.0 0.0 0.0 0.0 0.0 0.0 0.0 0.0 1.0 0.0 0.0 0.0 0.0 0.0 0.0 0.0 0.0 0.0 1.0 0.0 0.4257058823529412 0.8947368421052632 0.939 0.675 0.8049999999999999 0.10526315789473684 -0.0 0.88 0.2903448275862069 0.7631578947368421 0.956 -0.98 0.686 0.22242857142857142 0.7368421052631579 0.979 -0.79 0.526 0.15861538461538466 0.34210526315789475 0.816 -0.11 -0.11 0.22596874999999997 0.8421052631578947 0.935 -0.92 0.812
0.0 0.0 0.0 0.0 0.0 0.0 1.0 0.0 0.0 0.0 0.0 0.0 0.0 0.0 0.0 0.0 0.0 0.0 0.0 0.0 0.0 1.0 0.0 0.0 0.0 0.745 1.0 0.746 0.746 0.0 0.0 -0.0 -0.0 0.752 1.0 0.781 0.0 0.723 0.0 0.0 0.0 0.0 0.0 0.0 0.0 0.0 0.0 0.0 0.7375 1.0 0.769 0.0 0.769
0.0 0.0 0.0 0.0 0.0 1.0 1.0 0.0 1.0 0.0 0.0 2.0 0.0 1.0 0.0 0.0 0.0 0.0 0.0 0.0 0.0 1.0 0.0 0.0 0.0 0.38594117647058823 0.9622641509433962 0.939 0.784 0.8 0.03773584905660377 -0.0 0.78 0.36746511627906975 0.8113207547169812 0.956 -0.75 0.548 0.18955 0.7547169811320755 0.979 -0.86 -0.86 0.03752631578947368 0.3584905660377358 0.828 -0.34 -0.04 0.39859999999999995 0.8490566037735849 0.938 0.0 0.938
0.0 0.0 0.0 0.0 0.0 0.0 2.0 0.0 1.0 0.0 0.0 0.0 1.0 0.0 0.0 0.0 0.0 0.0 0.0 0.0 0.0 1.0 0.0 0.0 0.0 0.6227142857142857 0.875 0.951 0.728 0.04 0.125 -0.0 0.04 0.451 0.75 0.993 -0.06 -0.06 0.5864 0.625 0.962 0.0 0.716 -0.018333333333333337 0.375 0.029 -0.11 0.026 0.6143333333333334 0.75 0.99 0.0 0.741
0.0 0.0 0.0 0.0 0.0 0.0 1.0 0.0 0.0 0.0 0.0 0.0 0.0 0.0 0.0 0.0 0.0 0.0 0.0 0.0 0.0 1.0 0.0 0.0 0.0 0.636142857142857 0.875 0.939 0.806 0.78 0.125 -0.0 0.78 0.48574999999999996 1.0 0.956 -0.75 0.828 -0.20566666666666666 0.75 0.979 -0.89 -0.89 0.355 0.25 0.82 -0.11 -0.11 0.5285000000000001 0.75 0.914 0.0 0.693
0.0 0.0 0.0 0.0 0.0 0.0 1.0 0.0 0.0 0.0 0.0 0.0 0.0 1.0 0.0 0.0 0.0 0.0 0.0 0.0 0.0 1.0 0.0 0.0 0.0 0.5624166666666667 0.9230769230769231 0.883 0.064 0.07 0.07692307692307693 -0.0 0.07 0.45853846153846156 1.0 0.926 -0.38 0.093 0.1783 0.7692307692307693 0.984 -0.79 -0.04 -0.11725 0.3076923076923077 0.031 -0.32 0.031 0.56325 0.9230769230769231 0.935 0.0 0.153
0.0 0.0 0.0 0.0 1.0 1.0 1.0 0.0 0.0 0.0 0.0 1.0 0.0 1.0 0.0 0.0 0.0 0.0 0.0 0.0 0.0 1.0 0.0 0.0 0.0 0.4023095238095238 0.9130434782608695 0.97 0.203 0.08249999999999999 0.08695652173913043 -0.0 0.09 0.4144545454545454 0.717391304347826 1.0 -0.1 -0.1 0.023736842105263167 0.8260869565217391 0.991 -0.94 0.175 -0.07125000000000001 0.43478260869565216 0.068 -0.2 0.068 0.3742777777777777 0.782608695652174 0.935 -0.22 0.231
0.0 0.0 0.0 0.0 0.0 0.0 1.0 0.0 0.0 0.0 0.0 0.0 0.0 0.0 0.0 0.0 0.0 0.0 0.0 0.0 0.0 0.0 0.0 1.0 0.0 0.5850666666666666 0.8823529411764706 0.935 0.902 0.43000000000000005 0.11764705882352941 -0.0 0.05 0.41405882352941176 1.0 0.956 -0.77 0.823 0.17099999999999999 0.7647058823529411 0.982 -0.79 0.982 0.09250000000000001 0.35294117647058826 0.816 -0.09 -0.09 0.4408333333333334 0.7058823529411765 0.935 -0.85 0.21
0.0 0.0 0.0 0.0 0.0 0.0 1.0 0.0 0.0 0.0 0.0 1.0 0.0 0.0 0.0 0.0 0.0 0.0 0.0 0.0 0.0 1.0 0.0 0.0 0.0 0.5262702702702701 0.925 0.939 0.766 0.62 0.075 -0.0 0.72 0.42935294117647044 0.85 0.979 -0.84 0.7 0.14612727272727272 0.6875 0.945 -0.85 -0.64 0.07326086956521738 0.2875 0.882 -0.8 -0.09 0.4576428571428572 0.875 0.953 -0.85 0.953
0.0 0.0 0.0 0.0 0.0 0.0 1.0 0.0 0.0 0.0 0.0 0.0 0.0 0.0 0.0 0.0 0.0 0.0 0.0 0.0 0.0 1.0 0.0 0.0 0.0 0.8666666666666667 1.0 0.911 0.779 0.0 0.0 -0.0 -0.0 0.8249999999999998 1.0 0.865 0.0 0.784 0.8795 0.6666666666666666 0.995 0.0 0.764 0.0 0.0 0.0 0.0 0.0 0.874 0.6666666666666666 0.958 0.0 0.79
0.0 0.0 0.0 0.0 0.0 0.0 1.0 0.0 1.0 0.0 0.0 1.0 0.0 0.0 0.0 0.0 0.0 0.0 0.0 0.0 0.0 0.0 0.0 0.0 0.0 0.649 0.8 0.873 0.864 0.66 0.2 -0.0 0.66 0.21325 0.8 0.793 -0.78 0.059 -0.33799999999999997 0.4 0.274 -0.95 0.274 0.2375 0.4 0.585 -0.11 -0.11 0.296 0.8 0.864 -0.63 0.864
0.0 0.0 1.0 0.0 0.0 2.0 3.0 0.0 0.0 0.0 0.0 3.0 0.0 1.0 0.0 0.0 0.0 0.0 0.0 0.0 0.0 1.0 0.0 0.0 0.0 0.5870384615384616 0.9285714285714286 0.936 0.766 0.365 0.07142857142857142 -0.0 0.03 0.5731904761904761 0.75 0.984 -0.75 0.719 0.24643478260869572 0.8214285714285714 0.967 -0.94 0.812 0.0742 0.17857142857142858 0.614 -0.17 0.107 0.4496363636363636 0.7857142857142857 0.914 -0.74 0.79
0.0 0.0 0.0 0.0 0.0 0.0 1.0 0.0 0.0 0.0 0.0 0.0 0.0 0.0 0.0 0.0 0.0 0.0 0.0 0.0 0.0 0.0 0.0 0.0 0.0 0.8484 0.7142857142857143 0.932 0.829 0.7050000000000001 0.2857142857142857 -0.0 0.75 0.29383333333333334 0.8571428571428571 0.928 -0.89 0.928 -0.3456666666666666 0.42857142857142855 0.773 -0.94 -0.87 0.6285000000000001 0.2857142857142857 0.672 0.0 0.672 0.4021428571428571 1.0 0.969 -0.69 0.679
0.0 0.0 0.0 0.0 0.0 0.0 1.0 0.0 0.0 0.0 0.0 1.0 0.0 0.0 0.0 0.0 0.0 0.0 0.0 0.0 0.0 1.0 0.0 0.0 0.0 0.7765555555555556 0.9 0.943 0.883 0.66 0.1 -0.0 0.66 0.5892222222222222 0.9 1.0 -0.78 0.791 0.7421666666666668 0.6 0.943 0.0 0.892 0.22249999999999998 0.2 0.585 -0.14 0.585 0.5655714285714286 0.7 0.966 -0.63 0.966
0.0 0.0 0.0 0.0 0.0 0.0 1.0 0.0 0.0 0.0 0.0 0.0 0.0 0.0 0.0 0.0 0.0 0.0 0.0 0.0 0.0 1.0 0.0 0.0 0.0 0.4095 1.0 0.744 0.075 0.0 0.0 -0.0 -0.0 0.781 0.5 0.781 0.0 0.781 0.175 0.5 0.175 0.0 0.175 0.084 0.5 0.084 0.0 0.084 0.4195 1.0 0.706 0.0 0.133
0.0 0.0 0.0 0.0 0.0 0.0 1.0 0.0 0.0 1.0 0.0 0.0 0.0 0.0 0.0 0.0 0.0 0.0 0.0 1.0 0.0 0.0 0.0 0.0 0.0 0.5946666666666666 0.75 0.943 0.097 0.78 0.25 -0.0 0.78 0.015500000000000014 0.5 0.781 -0.75 -0.75 0.512 0.5 0.943 0.0 0.081 0.82 0.25 0.82 0.0 0.82 0.409 0.5 0.706 0.0 0.112
0.0 0.0 0.0 0.0 0.0 1.0 2.0 0.0 1.0 0.0 0.0 4.0 0.0 2.0 0.0 0.0 0.0 0.0 0.0 0.0 0.0 1.0 0.0 0.0 0.0 0.5602424242424242 0.8461538461538461 0.97 0.883 0.6466666666666667 0.15384615384615385 -0.0 0.66 0.3446875 0.8205128205128205 0.957 -0.78 0.839 0.253 0.6666666666666666 0.991 -0.94 0.926 0.08947058823529412 0.4358974358974359 0.998 -0.74 -0.21 0.3701290322580645 0.7948717948717948 0.944 -0.84 0.769
0.0 0.0 0.0 0.0 0.0 0.0 1.0 0.0 0.0 0.0 0.0 0.0 0.0 0.0 0.0 0.0 0.0 0.0 0.0 0.0 0.0 1.0 0.0 0.0 0.0 0.0 0.0 0.0 0.0 0.93 1.0 -0.0 0.93 -0.87 1.0 0.0 -0.87 -0.87 0.0 0.0 0.0 0.0 0.0 0.936 1.0 0.936 0.0 0.936 -0.98 1.0 0.0 -0.98 -0.98
0.0 0.0 0.0 0.0 0.0 0.0 1.0 0.0 0.0 0.0 0.0 0.0 0.0 0.0 0.0 0.0 0.0 0.0 0.0 0.0 0.0 0.0 0.0 0.0 0.0 0.6421666666666667 0.75 0.892 0.039 0.34500000000000003 0.25 -0.0 0.03 0.35233333333333333 0.75 0.781 -0.78 -0.04 0.22874999999999998 0.5 0.892 -0.65 -0.04 0.3205 0.25 0.585 0.0 0.056 0.33099999999999996 0.875 0.788 -0.63 0.069
0.0 0.0 0.0 0.0 0.0 0.0 0.0 0.0 0.0 0.0 0.0 3.0 0.0 0.0 0.0 0.0 0.0 0.0 0.0 0.0 0.0 0.0 0.0 1.0 0.0 0.447409090909091 0.9166666666666666 0.939 0.082 0.86 0.08333333333333333 -0.0 0.9 0.36772222222222223 0.75 0.971 -0.9 0.132 0.21472222222222223 0.75 0.979 -0.79 0.1 0.051625000000000004 0.3333333333333333 0.841 -0.21 0.063 0.32019999999999993 0.8333333333333334 0.936 -0.98 0.159
0.0 0.0 0.0 0.0 0.0 0.0 0.0 0.0 0.0 0.0 0.0 0.0 0.0 0.0 0.0 0.0 0.0 0.0 0.0 0.0 0.0 0.0 0.0 1.0 0.0 0.693 1.0 0.933 0.933 0.0 0.0 -0.0 -0.0 0.6595 0.8 0.972 -0.02 0.972 0.6393333333333333 0.6 0.99 0.0 0.155 -0.07 0.2 0.0 -0.07 -0.07 0.6794 1.0 0.894 0.0 0.894
0.0 0.0 0.0 0.0 0.0 0.0 1.0 0.0 0.0 0.0 0.0 0.0 0.0 0.0 0.0 0.0 0.0 0.0 0.0 0.0 0.0 1.0 0.0 0.0 0.0 0.40700000000000003 1.0 0.744 0.07 0.0 0.0 -0.0 -0.0 0.402 1.0 0.781 0.0 0.023 0.173 0.5 0.173 0.0 0.173 -0.09 0.5 0.0 -0.09 -0.09 0.44399999999999995 1.0 0.706 0.0 0.182
0.0 0.0 0.0 0.0 0.0 0.0 2.0 0.0 0.0 1.0 0.0 1.0 0.0 2.0 0.0 0.0 0.0 0.0 0.0 1.0 0.0 0.0 0.0 0.0 0.0 0.695125 0.8888888888888888 0.943 0.034 0.755 0.1111111111111111 -0.0 0.85 0.5147333333333334 0.8333333333333334 1.0 -0.81 0.094 0.11041666666666666 0.6666666666666666 0.982 -0.94 -0.03 -0.11675 0.2222222222222222 0.585 -0.9 0.028 0.5881428571428572 0.7777777777777778 0.935 -0.63 0.769
0.0 0.0 1.0 0.0 1.0 1.0 3.0 0.0 1.0 0.0 0.0 0.0 0.0 0.0 0.0 0.0 0.0 0.0 1.0 0.0 0.0 0.0 1.0 0.0 0.0 0.6686923076923077 0.8666666666666667 0.939 0.939 0.5425 0.13333333333333333 -0.0 0.64 0.5915238095238096 0.7 0.956 -0.75 0.899 0.27499999999999997 0.7333333333333333 0.99 -0.85 0.979 -0.1338 0.3333333333333333 0.514 -0.78 0.514 0.4400869565217392 0.7666666666666667 0.935 -0.73 0.614
0.0 0.0 0.0 0.0 0.0 0.0 1.0 0.0 0.0 0.0 0.0 0.0 0.0 0.0 0.0 0.0 0.0 0.0 0.0 0.0 0.0 1.0 0.0 0.0 0.0 0.5173333333333333 1.0 0.746 0.746 0.0 0.0 -0.0 -0.0 0.48466666666666663 1.0 0.781 -0.05 0.723 0.277 0.3333333333333333 0.277 0.0 0.277 -0.08 0.3333333333333333 0.0 -0.08 -0.08 0.5286666666666666 1.0 0.769 0.0 0.769
0.0 0.0 0.0 0.0 0.0 1.0 1.0 0.0 0.0 0.0 0.0 0.0 0.0 1.0 0.0 0.0 0.0 0.0 0.0 0.0 0.0 0.0 1.0 0.0 0.0 0.357 0.7857142857142857 0.939 0.029 0.6066666666666667 0.21428571428571427 -0.0 0.24 0.06399999999999996 0.8571428571428571 0.899 -0.85 0.038 0.27345454545454545 0.7857142857142857 0.979 -0.79 0.077 -0.15083333333333335 0.42857142857142855 0.605 -0.8 0.01 0.08366666666666671 0.8571428571428571 0.935 -0.96 0.059
0.0 0.0 0.0 0.0 0.0 0.0 1.0 0.0 1.0 0.0 0.0 1.0 0.0 0.0 0.0 0.0 0.0 0.0 0.0 0.0 0.0 0.0 0.0 1.0 0.0 0.5066363636363638 0.9166666666666666 0.935 0.065 0.06 0.08333333333333333 -0.0 0.06 0.4465 0.8333333333333334 0.982 -0.08 0.146 0.05366666666666667 0.75 0.986 -0.79 0.095 -0.04075 0.3333333333333333 0.067 -0.11 -0.04 0.5043636363636365 0.9166666666666666 0.935 -0.14 0.914
0.0 0.0 0.0 0.0 0.0 0.0 0.0 0.0 0.0 1.0 0.0 0.0 0.0 0.0 0.0 0.0 0.0 0.0 0.0 1.0 0.0 0.0 0.0 0.0 0.0 0.5724 0.8333333333333334 0.902 0.199 0.78 0.16666666666666666 -0.0 0.78 0.31560000000000005 0.8333333333333334 0.857 -0.75 0.117 0.1765 0.6666666666666666 0.892 -0.79 0.266 0.345 0.3333333333333333 0.82 -0.13 0.82 0.599 0.6666666666666666 0.948 0.0 0.215
0.0 0.0 0.0 0.0 1.0 1.0 2.0 0.0 0.0 0.0 0.0 0.0 0.0 0.0 0.0 0.0 0.0 0.0 0.0 0.0 0.0 1.0 0.0 0.0 0.0 0.5309677419354839 0.8157894736842105 0.935 0.746 0.7085714285714285 0.18421052631578946 -0.0 0.82 0.26353125 0.8421052631578947 0.967 -0.99 -0.69 -0.10624000000000003 0.6578947368421053 0.954 -0.94 0.795 0.14276923076923076 0.34210526315789475 0.883 -0.15 0.883 0.3208571428571429 0.9210526315789473 0.935 -0.91 -0.91
0.0 0.0 0.0 0.0 0.0 0.0 1.0 0.0 0.0 0.0 0.0 0.0 1.0 0.0 0.0 0.0 0.0 0.0 0.0 0.0 0.0 0.0 0.0 0.0 0.0 0.5723333333333334 1.0 0.857 0.846 0.0 0.0 -0.0 -0.0 0.347 0.6666666666666666 0.905 -0.1 0.633 -0.20983333333333332 1.0 0.773 -0.94 -0.94 -0.09 0.3333333333333333 0.0 -0.1 -0.1 0.6310000000000001 1.0 0.935 0.0 0.744
0.0 0.0 0.0 0.0 0.0 0.0 2.0 0.0 0.0 1.0 0.0 0.0 0.0 0.0 0.0 0.0 0.0 0.0 0.0 1.0 0.0 0.0 0.0 0.0 0.0 0.8015 0.6666666666666666 0.857 0.746 0.05 0.3333333333333333 -0.0 0.05 0.536 1.0 0.905 -0.02 0.723 0.773 0.3333333333333333 0.773 0.0 0.773 0.077 0.3333333333333333 0.077 0.0 0.077 0.8305 0.6666666666666666 0.892 0.0 0.769
0.0 0.0 0.0 0.0 0.0 1.0 2.0 0.0 1.0 0.0 0.0 0.0 0.0 1.0 0.0 0.0 0.0 0.0 0.0 0.0 0.0 1.0 0.0 0.0 0.0 0.4869 0.8695652173913043 0.966 0.856 0.47500000000000003 0.13043478260869565 -0.0 0.61 0.33923529411764713 0.7391304347826086 0.982 -0.74 0.84 0.09658823529411764 0.7391304347826086 0.967 -0.79 0.813 0.09233333333333331 0.32608695652173914 0.717 -0.11 0.57 0.3717441860465117 0.9347826086956522 0.959 -0.97 0.915
0.0 0.0 0.0 0.0 0.0 0.0 1.0 0.0 0.0 0.0 0.0 0.0 0.0 1.0 0.0 0.0 0.0 0.0 0.0 0.0 0.0 0.0 0.0 1.0 0.0 0.46560000000000007 0.9090909090909091 0.935 0.115 0.68 0.09090909090909091 -0.0 0.68 0.30789999999999995 0.9090909090909091 0.956 -0.71 -0.71 0.1195625 0.7272727272727273 0.792 -0.79 0.167 0.11379999999999998 0.45454545454545453 0.785 -0.11 0.785 0.4303809523809523 0.9545454545454546 0.996 -0.55 -0.55
0.0 0.0 0.0 0.0 0.0 0.0 1.0 0.0 0.0 0.0 0.0 0.0 0.0 0.0 0.0 0.0 0.0 0.0 0.0 0.0 0.0 1.0 0.0 0.0 0.0 0.69075 1.0 0.897 0.897 0.0 0.0 -0.0 -0.0 0.666 0.75 0.946 0.0 0.117 0.17225 1.0 0.991 -0.8 0.991 0.0 0.0 0.0 0.0 0.0 0.5913333333333334 0.75 0.804 0.0 0.804
0.0 0.0 0.0 0.0 0.0 0.0 0.0 0.0 0.0 0.0 0.0 1.0 0.0 0.0 0.0 0.0 0.0 0.0 0.0 0.0 0.0 0.0 0.0 1.0 0.0 0.5674583333333333 0.96 0.939 0.105 0.74 0.04 -0.0 0.74 0.4894761904761904 0.84 0.967 -0.85 0.091 0.1999 0.8 0.979 -0.92 0.09 0.08133333333333333 0.12 0.584 -0.22 -0.12 0.4597000000000001 0.8 0.935 -0.79 0.134
0.0 0.0 0.0 0.0 0.0 0.0 1.0 0.0 0.0 0.0 0.0 0.0 0.0 0.0 0.0 0.0 0.0 0.0 0.0 0.0 0.0 0.0 0.0 0.0 0.0 0.5020476190476191 0.84 0.951 0.77 0.7625 0.16 -0.0 0.71 0.19035 0.8 1.0 -0.9 0.513 -0.13783333333333334 0.72 0.943 -0.94 -0.87 0.24977777777777777 0.36 0.818 -0.11 0.818 0.2937916666666667 0.96 0.99 -0.99 0.924
0.0 0.0 0.0 0.0 0.0 0.0 1.0 0.0 1.0 1.0 0.0 0.0 0.0 0.0 0.0 0.0 0.0 0.0 0.0 0.0 0.0 1.0 0.0 0.0 0.0 0.5496000000000001 0.9259259259259259 0.939 0.814 0.785 0.07407407407407407 -0.0 0.81 0.4460909090909091 0.8148148148148148 0.956 -0.77 0.926 0.27814285714285714 0.7777777777777778 0.984 -0.94 0.161 0.24766666666666662 0.2222222222222222 0.816 -0.11 0.049 0.32855 0.7407407407407407 0.935 -0.85 0.702
0.0 0.0 0.0 0.0 0.0 1.0 1.0 0.0 0.0 0.0 0.0 0.0 0.0 0.0 0.0 0.0 0.0 0.0 0.0 0.0 0.0 1.0 0.0 0.0 0.0 0.5195 0.8717948717948718 0.939 0.115 0.758 0.1282051282051282 -0.0 0.76 0.3604516129032258 0.7948717948717948 0.967 -0.93 0.761 0.002038461538461519 0.6666666666666666 0.979 -0.94 0.125 -0.006294117647058826 0.4358974358974359 0.672 -0.74 -0.21 0.38719444444444445 0.9230769230769231 0.935 -0.78 0.105
0.0 0.0 0.0 0.0 0.0 1.0 1.0 0.0 0.0 0.0 0.0 0.0 0.0 0.0 0.0 0.0 0.0 0.0 0.0 0.0 0.0 1.0 0.0 0.0 0.0 0.4344666666666667 0.7894736842105263 0.939 0.746 0.6 0.21052631578947367 -0.0 0.87 0.20583333333333334 0.9473684210526315 1.0 -0.91 -0.91 0.0658181818181818 0.5789473684210527 0.979 -0.65 0.979 0.039900000000000005 0.5263157894736842 0.672 -0.72 -0.72 0.22283333333333338 0.9473684210526315 0.914 -0.99 -0.99
0.0 0.0 0.0 0.0 0.0 0.0 1.0 0.0 0.0 0.0 0.0 0.0 0.0 0.0 0.0 0.0 0.0 0.0 0.0 0.0 0.0 0.0 0.0 0.0 0.0 0.6005 0.9090909090909091 0.935 0.789 0.1 0.09090909090909091 -0.0 0.1 0.6045555555555555 0.8181818181818182 0.956 -0.03 0.633 -0.277875 0.7272727272727273 0.715 -0.96 -0.79 -0.01625 0.36363636363636365 0.056 -0.1 -0.07 0.6174999999999999 0.7272727272727273 0.935 0.0 0.935
0.0 0.0 0.0 0.0 0.0 0.0 1.0 0.0 0.0 1.0 0.0 0.0 0.0 1.0 0.0 0.0 0.0 0.0 0.0 1.0 0.0 0.0 0.0 0.0 0.0 0.6025000000000001 0.8235294117647058 0.935 0.877 0.63 0.17647058823529413 -0.0 0.76 0.38593333333333335 0.8823529411764706 0.961 -0.78 0.961 0.17136363636363638 0.6470588235294118 0.998 -0.94 0.794 0.3155 0.23529411764705882 0.816 -0.21 -0.21 0.28764285714285714 0.8235294117647058 0.921 -0.85 0.921
0.0 0.0 0.0 0.0 0.0 0.0 1.0 0.0 0.0 0.0 0.0 0.0 0.0 0.0 0.0 0.0 0.0 0.0 0.0 0.0 0.0 0.0 0.0 0.0 0.0 0.7033333333333334 1.0 0.935 0.933 0.0 0.0 -0.0 -0.0 0.6855 0.8888888888888888 0.972 0.0 0.972 0.6134000000000001 0.5555555555555556 0.99 0.0 0.99 -0.020499999999999997 0.2222222222222222 0.049 -0.09 -0.09 0.6827142857142857 0.7777777777777778 0.914 0.0 0.894
0.0 0.0 0.0 0.0 0.0 2.0 2.0 0.0 0.0 0.0 0.0 1.0 0.0 0.0 0.0 0.0 0.0 0.0 0.0 0.0 0.0 0.0 0.0 0.0 0.0 0.488 0.7777777777777778 0.943 0.057 0.5616666666666666 0.2222222222222222 -0.0 0.04 0.32154999999999995 0.7407407407407407 0.995 -0.96 -0.06 0.09537500000000002 0.5925925925925926 0.979 -0.94 0.227 0.06466666666666666 0.4444444444444444 0.82 -0.91 0.026 0.3015238095238096 0.7777777777777778 0.935 -0.95 0.203
0.0 0.0 0.0 0.0 0.0 0.0 1.0 0.0 1.0 0.0 0.0 0.0 0.0 0.0 0.0 0.0 0.0 0.0 0.0 0.0 0.0 1.0 0.0 0.0 0.0 0.5931666666666667 0.6666666666666666 0.935 0.869 0.04666666666666667 0.3333333333333333 -0.0 0.08 0.3938888888888889 1.0 0.956 -0.08 0.864 -0.16775 0.4444444444444444 0.239 -0.87 -0.87 -0.025000000000000005 0.4444444444444444 0.049 -0.11 0.049 0.539 0.5555555555555556 0.914 -0.04 0.914
0.0 0.0 0.0 0.0 0.0 0.0 1.0 0.0 0.0 0.0 0.0 0.0 0.0 0.0 0.0 0.0 0.0 0.0 0.0 0.0 0.0 0.0 0.0 1.0 0.0 0.5022142857142857 0.7368421052631579 0.935 0.103 0.5700000000000001 0.2631578947368421 -0.0 0.43 0.09711764705882352 0.8947368421052632 0.956 -0.88 -0.88 0.22763636363636364 0.5789473684210527 0.99 -0.66 0.178 0.10875 0.42105263157894735 0.82 -0.6 -0.6 0.39166666666666666 0.7894736842105263 0.996 -0.73 0.233
0.0 0.0 0.0 0.0 0.0 0.0 0.0 0.0 0.0 0.0 0.0 0.0 0.0 0.0 0.0 0.0 0.0 0.0 0.0 0.0 0.0 0.0 0.0 0.0 0.0 0.4985833333333333 0.8571428571428571 0.943 0.748 0.43 0.14285714285714285 -0.0 0.78 0.29900000000000004 0.7142857142857143 0.92 -0.75 0.777 -0.06436363636363639 0.7857142857142857 0.967 -0.88 -0.85 0.15874999999999997 0.2857142857142857 0.82 -0.11 0.025 0.46772727272727277 0.7857142857142857 0.935 0.0 0.615
0.0 0.0 0.0 0.0 0.0 0.0 0.0 0.0 0.0 0.0 0.0 0.0 0.0 0.0 0.0 0.0 0.0 0.0 0.0 0.0 0.0 0.0 0.0 1.0 0.0 0.44999999999999996 1.0 0.939 0.027 0.0 0.0 -0.0 -0.0 0.5213333333333333 0.75 0.899 0.0 0.899 0.0455 1.0 0.979 -0.96 0.073 -5.000000000000004E-4 0.5 0.049 -0.05 -0.05 0.324 0.75 0.682 0.0 0.067
0.0 0.0 0.0 0.0 0.0 0.0 1.0 0.0 0.0 0.0 0.0 0.0 0.0 0.0 0.0 0.0 0.0 0.0 0.0 0.0 0.0 1.0 0.0 0.0 0.0 0.52 1.0 0.746 0.746 0.0 0.0 -0.0 -0.0 0.509 1.0 0.781 0.0 0.723 0.173 0.3333333333333333 0.173 0.0 0.173 -0.09 0.3333333333333333 0.0 -0.09 -0.09 0.5523333333333333 1.0 0.769 0.0 0.769
0.0 0.0 0.0 0.0 0.0 0.0 1.0 0.0 0.0 0.0 0.0 0.0 0.0 0.0 0.0 0.0 0.0 0.0 0.0 0.0 0.0 1.0 0.0 0.0 0.0 0.097 0.5 0.097 0.097 0.78 0.5 -0.0 0.78 -0.75 0.5 0.0 -0.75 -0.75 0.081 0.5 0.081 0.0 0.081 0.82 0.5 0.82 0.0 0.82 0.112 0.5 0.112 0.0 0.112
0.0 0.0 0.0 0.0 0.0 0.0 4.0 0.0 0.0 0.0 0.0 0.0 0.0 0.0 0.0 0.0 0.0 0.0 0.0 0.0 0.0 1.0 0.0 0.0 0.0 0.6388571428571429 0.875 0.911 0.091 0.78 0.125 -0.0 0.78 0.33216666666666667 0.75 0.905 -0.75 0.17 0.3155 0.5 0.99 -0.75 0.249 0.24699999999999997 0.375 0.82 -0.16 0.081 0.6905714285714286 0.875 0.958 0.0 0.184
0.0 0.0 0.0 0.0 1.0 0.0 0.0 0.0 2.0 1.0 0.0 2.0 0.0 0.0 0.0 0.0 0.0 0.0 0.0 0.0 0.0 0.0 0.0 0.0 0.0 0.5526911764705881 0.918918918918919 0.996 0.101 0.6366666666666667 0.08108108108108109 -0.0 0.84 0.4271060606060605 0.8918918918918919 1.0 -0.95 0.034 0.01181818181818181 0.7432432432432432 0.979 -0.95 0.137 0.03441666666666663 0.32432432432432434 0.856 -0.8 0.008 0.46480952380952406 0.8513513513513513 0.964 -0.84 0.242
0.0 0.0 0.0 0.0 0.0 0.0 1.0 0.0 0.0 0.0 0.0 0.0 0.0 0.0 0.0 0.0 0.0 0.0 0.0 0.0 0.0 1.0 0.0 0.0 0.0 0.745 1.0 0.746 0.746 0.0 0.0 -0.0 -0.0 0.752 1.0 0.781 0.0 0.723 0.0 0.0 0.0 0.0 0.0 0.0 0.0 0.0 0.0 0.0 0.7375 1.0 0.769 0.0 0.769
0.0 0.0 0.0 0.0 0.0 0.0 1.0 0.0 0.0 0.0 0.0 0.0 0.0 0.0 0.0 0.0 0.0 0.0 0.0 0.0 0.0 1.0 0.0 0.0 0.0 0.46840000000000004 0.7142857142857143 0.746 0.746 0.385 0.2857142857142857 -0.0 0.07 0.23114285714285712 1.0 0.994 -0.75 -0.07 -0.11900000000000001 0.42857142857142855 0.193 -0.66 -0.66 0.212 0.42857142857142855 0.614 0.0 0.009 0.1922857142857143 1.0 0.769 -0.74 -0.12
0.0 0.0 0.0 0.0 0.0 0.0 2.0 0.0 0.0 0.0 0.0 7.0 0.0 2.0 0.0 0.0 0.0 0.0 0.0 0.0 0.0 1.0 0.0 0.0 0.0 0.46919999999999984 0.9 0.939 0.044 0.4699999999999999 0.1 -0.0 0.04 0.29374285714285714 0.7 0.995 -0.78 -0.1 0.1823684210526316 0.76 0.979 -0.94 0.272 -0.02447368421052632 0.38 0.598 -0.44 -0.14 0.41314583333333327 0.96 0.948 -0.83 0.15
0.0 0.0 0.0 0.0 0.0 0.0 1.0 0.0 0.0 0.0 0.0 0.0 0.0 0.0 0.0 0.0 0.0 0.0 0.0 0.0 0.0 1.0 0.0 0.0 0.0 0.527 0.75 0.746 0.091 0.78 0.25 -0.0 0.78 0.231 1.0 0.781 -0.75 0.17 0.0 0.0 0.0 0.0 0.0 0.45049999999999996 0.5 0.82 0.0 0.081 0.553 0.75 0.769 0.0 0.184
0.0 0.0 0.0 0.0 0.0 0.0 1.0 0.0 0.0 0.0 0.0 0.0 0.0 0.0 0.0 0.0 0.0 0.0 0.0 0.0 0.0 1.0 0.0 0.0 0.0 0.745 0.5 0.746 0.746 0.71 0.5 -0.0 0.66 -0.014000000000000012 1.0 0.781 -0.78 0.723 0.0 0.0 0.0 0.0 0.0 0.585 0.25 0.585 0.0 0.585 0.028749999999999998 1.0 0.769 -0.73 0.769
0.0 0.0 1.0 1.0 0.0 2.0 3.0 0.0 0.0 0.0 0.0 3.0 0.0 0.0 0.0 0.0 0.0 0.0 0.0 0.0 0.0 0.0 0.0 1.0 0.0 0.45596296296296296 0.9310344827586207 0.922 0.061 0.36 0.06896551724137931 -0.0 0.02 0.3878095238095238 0.7241379310344828 0.967 -0.75 0.893 0.36052 0.8620689655172413 0.96 -0.79 0.098 -0.021499999999999995 0.41379310344827586 0.614 -0.24 -0.06 0.46349999999999997 0.9655172413793104 0.958 -0.74 0.15
0.0 0.0 0.0 0.0 0.0 0.0 1.0 0.0 0.0 0.0 0.0 0.0 0.0 0.0 0.0 0.0 0.0 0.0 0.0 0.0 0.0 1.0 0.0 0.0 0.0 0.6805 1.0 0.911 0.859 0.0 0.0 -0.0 -0.0 0.6469999999999999 0.75 0.865 0.0 0.295 0.5155000000000001 0.5 0.792 0.0 0.792 0.049 0.25 0.049 0.0 0.049 0.7337499999999999 1.0 0.958 0.0 0.925
0.0 0.0 0.0 0.0 0.0 0.0 1.0 0.0 0.0 0.0 0.0 0.0 0.0 0.0 0.0 0.0 0.0 0.0 0.0 0.0 0.0 1.0 0.0 0.0 0.0 0.5853333333333334 1.0 0.886 0.886 0.0 0.0 -0.0 -0.0 0.42000000000000004 0.6666666666666666 0.781 0.0 0.059 0.642 0.6666666666666666 0.99 0.0 0.99 -0.12 0.3333333333333333 0.0 -0.12 -0.12 0.5863333333333333 1.0 0.782 0.0 0.782
0.0 0.0 1.0 0.0 0.0 0.0 2.0 0.0 0.0 1.0 0.0 0.0 1.0 1.0 0.0 0.0 0.0 0.0 0.0 1.0 0.0 0.0 0.0 0.0 0.0 0.42714285714285716 1.0 0.846 0.258 0.0 0.0 -0.0 -0.0 0.36599999999999994 0.42857142857142855 0.723 0.0 0.277 0.041200000000000014 0.7142857142857143 0.712 -0.94 0.161 -0.0505 0.2857142857142857 0.029 -0.13 0.029 0.4732857142857143 1.0 0.929 0.0 0.337
1.0 0.0 0.0 0.0 0.0 0.0 0.0 0.0 0.0 3.0 0.0 0.0 0.0 0.0 0.0 0.0 0.0 0.0 0.0 1.0 0.0 0.0 0.0 0.0 0.0 0.779 1.0 0.779 0.779 0.0 0.0 -0.0 -0.0 0.0 0.0 0.0 0.0 0.0 0.779 1.0 0.779 0.0 0.779 0.0 0.0 0.0 0.0 0.0 0.0 0.0 0.0 0.0 0.0
0.0 0.0 0.0 0.0 0.0 1.0 1.0 0.0 2.0 0.0 0.0 1.0 0.0 0.0 0.0 0.0 0.0 0.0 0.0 0.0 0.0 1.0 0.0 0.0 0.0 0.4622571428571428 0.9210526315789473 0.935 0.127 0.5266666666666667 0.07894736842105263 -0.0 0.81 0.4203636363636364 0.868421052631579 0.967 -0.77 0.819 0.14619230769230768 0.6842105263157895 0.945 -0.79 -0.12 0.12108333333333333 0.3157894736842105 0.882 -0.15 0.014 0.42061290322580647 0.8157894736842105 0.935 -0.85 0.816
0.0 0.0 0.0 0.0 0.0 0.0 0.0 0.0 1.0 0.0 0.0 3.0 0.0 0.0 0.0 0.0 0.0 0.0 0.0 0.0 0.0 0.0 0.0 1.0 0.0 0.3172352941176471 0.8947368421052632 0.875 0.875 0.34 0.10526315789473684 -0.0 0.65 0.17753333333333335 0.7894736842105263 0.781 -0.86 -0.86 0.047533333333333344 0.7894736842105263 0.772 -0.83 -0.83 0.0 0.47368421052631576 0.609 -0.28 0.609 0.3357777777777778 0.9473684210526315 0.935 -0.5 0.913
0.0 0.0 0.0 0.0 0.0 0.0 0.0 0.0 0.0 0.0 0.0 1.0 0.0 2.0 0.0 0.0 0.0 0.0 0.0 0.0 0.0 0.0 0.0 1.0 0.0 0.5034545454545454 0.7857142857142857 0.935 0.901 0.8900000000000001 0.21428571428571427 -0.0 0.93 0.09483333333333334 0.8571428571428571 0.956 -0.99 -0.99 -0.1411 0.7142857142857143 0.992 -0.94 0.992 0.33699999999999997 0.35714285714285715 0.936 -0.04 0.029 0.2114615384615385 0.9285714285714286 0.935 -0.98 -0.88
0.0 0.0 0.0 0.0 0.0 1.0 1.0 0.0 1.0 0.0 0.0 2.0 0.0 1.0 0.0 0.0 0.0 0.0 0.0 0.0 0.0 1.0 0.0 0.0 0.0 0.5242666666666668 0.7894736842105263 0.992 0.258 0.7775 0.21052631578947367 -0.0 0.84 0.14293103448275857 0.7631578947368421 1.0 -0.89 0.277 -0.17179166666666668 0.631578947368421 0.995 -0.94 0.161 0.2574375 0.42105263157894735 0.931 -0.8 -0.08 0.3720000000000001 0.868421052631579 0.99 -0.85 0.337
0.0 0.0 0.0 0.0 0.0 0.0 1.0 0.0 0.0 0.0 0.0 0.0 0.0 0.0 0.0 0.0 0.0 0.0 0.0 0.0 0.0 1.0 0.0 0.0 0.0 0.6036666666666667 0.75 0.857 0.208 0.05 0.25 -0.0 0.05 0.47575 1.0 0.905 -0.02 -0.02 0.506 0.5 0.773 0.0 0.239 0.063 0.5 0.077 0.0 0.077 0.669 0.75 0.892 0.0 0.346
0.0 0.0 0.0 0.0 0.0 2.0 1.0 0.0 0.0 0.0 0.0 0.0 0.0 0.0 0.0 0.0 0.0 0.0 0.0 0.0 0.0 0.0 0.0 1.0 0.0 0.5010263157894735 0.8837209302325582 0.97 0.746 0.188 0.11627906976744186 -0.0 0.03 0.3616750000000001 0.9302325581395349 0.971 -0.61 0.723 -0.008250000000000018 0.7441860465116279 0.991 -0.79 0.795 -0.018444444444444444 0.4186046511627907 0.856 -0.21 -0.04 0.46018421052631564 0.8837209302325582 0.964 -0.82 0.769
0.0 0.0 0.0 0.0 0.0 0.0 0.0 0.0 0.0 0.0 0.0 0.0 0.0 0.0 0.0 0.0 0.0 0.0 0.0 0.0 0.0 0.0 0.0 1.0 0.0 0.5192173913043479 0.9583333333333334 0.953 0.073 0.07 0.041666666666666664 -0.0 0.07 0.47233333333333327 0.875 0.956 -0.07 0.045 0.031550000000000016 0.8333333333333334 0.988 -0.94 0.102 -0.04820000000000001 0.20833333333333334 0.029 -0.11 0.029 0.4921176470588235 0.7083333333333334 0.935 0.0 0.337
0.0 0.0 0.0 0.0 0.0 0.0 1.0 0.0 0.0 0.0 0.0 0.0 0.0 0.0 0.0 0.0 0.0 0.0 0.0 0.0 0.0 1.0 0.0 0.0 0.0 0.779 1.0 0.779 0.779 0.0 0.0 -0.0 -0.0 0.784 1.0 0.784 0.0 0.784 0.764 1.0 0.764 0.0 0.764 0.0 0.0 0.0 0.0 0.0 0.79 1.0 0.79 0.0 0.79
0.0 0.0 0.0 0.0 0.0 1.0 1.0 0.0 0.0 0.0 0.0 1.0 0.0 3.0 0.0 0.0 0.0 0.0 0.0 0.0 0.0 0.0 0.0 1.0 0.0 0.5036923076923077 0.8813559322033898 0.97 0.094 0.6614285714285714 0.11864406779661017 -0.0 0.85 0.3269183673469388 0.8305084745762712 1.0 -0.95 0.03 0.06111363636363636 0.7457627118644068 0.991 -0.96 0.128 3.746076923076923 0.4406779661016949 94.0 -0.26 0.99 0.35957407407407405 0.9152542372881356 0.996 -0.87 -0.72
0.0 0.0 0.0 0.0 0.0 0.0 0.0 0.0 0.0 0.0 0.0 1.0 0.0 0.0 0.0 0.0 0.0 0.0 0.0 0.0 0.0 0.0 0.0 1.0 0.0 0.5285624999999999 0.9696969696969697 0.935 0.883 0.95 0.030303030303030304 -0.0 0.95 0.5334814814814814 0.8181818181818182 0.956 -0.04 0.879 0.29518181818181816 0.6666666666666666 0.968 -0.8 0.949 -0.16266666666666668 0.2727272727272727 0.049 -0.91 -0.28 0.49822580645161285 0.9393939393939394 0.996 -0.98 0.821
0.0 0.0 0.0 0.0 0.0 0.0 1.0 0.0 0.0 0.0 0.0 0.0 0.0 0.0 0.0 0.0 0.0 0.0 0.0 0.0 0.0 1.0 0.0 0.0 0.0 0.457 1.0 0.744 0.17 0.0 0.0 -0.0 -0.0 0.781 0.5 0.781 0.0 0.781 0.313 0.5 0.313 0.0 0.313 -0.2 0.5 0.0 -0.2 -0.2 0.5545 1.0 0.706 0.0 0.403
0.0 0.0 0.0 0.0 0.0 0.0 1.0 0.0 0.0 0.0 0.0 0.0 0.0 0.0 0.0 0.0 0.0 0.0 0.0 0.0 0.0 0.0 0.0 1.0 0.0 0.825 1.0 0.906 0.906 0.0 0.0 -0.0 -0.0 0.8605 1.0 0.94 0.0 0.94 -0.87 0.5 0.0 -0.87 -0.87 0.0 0.0 0.0 0.0 0.0 0.706 0.5 0.706 0.0 0.706
0.0 0.0 0.0 0.0 1.0 0.0 1.0 0.0 1.0 1.0 0.0 6.0 0.0 2.0 0.0 0.0 0.0 0.0 0.0 0.0 0.0 1.0 0.0 0.0 0.0 0.46946808510638294 0.8392857142857143 0.988 0.258 0.7644444444444444 0.16071428571428573 -0.0 0.83 0.19053061224489798 0.875 0.995 -0.95 0.277 0.23073170731707315 0.7321428571428571 0.986 -0.94 0.161 0.05849999999999997 0.42857142857142855 0.822 -0.8 0.049 0.30170212765957444 0.8392857142857143 0.99 -0.96 0.337
0.0 0.0 0.0 0.0 0.0 0.0 1.0 0.0 0.0 1.0 0.0 0.0 0.0 0.0 0.0 0.0 0.0 0.0 0.0 1.0 0.0 0.0 0.0 0.0 0.0 0.5896250000000001 0.8888888888888888 0.935 0.045 0.66 0.1111111111111111 -0.0 0.66 0.47925 0.8888888888888888 0.956 -0.78 -0.02 0.327 0.6666666666666666 0.997 -0.79 0.155 0.04124999999999999 0.4444444444444444 0.585 -0.23 -0.07 0.449875 0.8888888888888888 0.935 -0.63 0.123
0.0 0.0 0.0 0.0 0.0 0.0 2.0 0.0 0.0 0.0 0.0 0.0 0.0 1.0 0.0 0.0 0.0 0.0 0.0 0.0 0.0 1.0 0.0 0.0 0.0 0.5082000000000001 1.0 0.846 0.067 0.0 0.0 -0.0 -0.0 0.4095 0.8 0.784 0.0 0.033 0.08425 0.8 0.764 -0.75 0.158 -0.095 0.4 0.0 -0.13 -0.06 0.5844 1.0 0.934 0.0 0.145
0.0 0.0 1.0 0.0 1.0 0.0 4.0 0.0 0.0 1.0 0.0 0.0 0.0 2.0 0.0 0.0 0.0 0.0 0.0 0.0 0.0 1.0 0.0 0.0 0.0 0.5163823529411765 0.8947368421052632 0.966 0.746 0.245 0.10526315789473684 -0.0 0.85 0.43509090909090925 0.868421052631579 0.967 -0.8 0.723 0.22591666666666668 0.631578947368421 0.979 -0.85 0.773 -0.1092222222222222 0.23684210526315788 0.113 -0.8 -0.09 0.40593103448275863 0.7631578947368421 0.935 -0.96 0.769
0.0 0.0 0.0 0.0 0.0 1.0 1.0 0.0 0.0 0.0 0.0 0.0 0.0 0.0 0.0 0.0 0.0 0.0 0.0 0.0 0.0 0.0 1.0 0.0 0.0 0.5933888888888889 0.9473684210526315 0.948 0.151 0.76 0.05263157894736842 -0.0 0.76 0.5159333333333334 0.7894736842105263 0.961 -0.61 0.058 0.14576923076923076 0.6842105263157895 0.979 -0.88 0.184 0.18119999999999997 0.2631578947368421 0.856 -0.1 0.856 0.48825 0.8421052631578947 0.935 -0.82 0.21
0.0 0.0 1.0 0.0 0.0 0.0 3.0 0.0 0.0 0.0 0.0 0.0 0.0 0.0 0.0 0.0 0.0 0.0 0.0 0.0 0.0 0.0 0.0 1.0 0.0 0.6924 1.0 0.935 0.886 0.0 0.0 -0.0 -0.0 0.67425 0.8 1.0 -0.04 -0.04 0.563 0.4 0.99 0.0 0.99 0.0 0.0 0.0 0.0 0.0 0.6334000000000001 1.0 0.914 0.0 0.782
0.0 0.0 0.0 0.0 0.0 3.0 1.0 0.0 0.0 0.0 0.0 0.0 0.0 0.0 0.0 0.0 0.0 0.0 0.0 0.0 0.0 0.0 1.0 0.0 0.0 0.5348749999999999 0.6956521739130435 0.935 0.039 0.6485714285714286 0.30434782608695654 -0.0 0.31 0.19352631578947366 0.8260869565217391 0.956 -0.99 -0.08 0.047599999999999976 0.6521739130434783 0.892 -0.79 0.158 0.055454545454545465 0.4782608695652174 0.808 -0.96 0.659 0.16780952380952388 0.9130434782608695 0.935 -0.97 -0.65
0.0 0.0 0.0 0.0 0.0 1.0 1.0 0.0 0.0 0.0 0.0 6.0 0.0 1.0 0.0 0.0 0.0 0.0 0.0 0.0 0.0 0.0 1.0 0.0 0.0 0.5155428571428571 0.7777777777777778 0.939 0.854 0.5549999999999999 0.2222222222222222 -0.0 0.76 0.24019512195121967 0.9111111111111111 0.957 -0.9 -0.1 0.13403333333333337 0.6666666666666666 0.979 -0.85 -0.85 0.15738888888888888 0.4 0.9 -0.8 -0.14 0.21592105263157896 0.8444444444444444 0.935 -0.99 0.15
0.0 0.0 0.0 0.0 0.0 0.0 0.0 0.0 0.0 0.0 0.0 0.0 0.0 0.0 0.0 0.0 0.0 0.0 0.0 0.0 0.0 0.0 0.0 1.0 0.0 0.41319047619047616 0.84 0.935 0.097 0.5925 0.16 -0.0 0.79 0.16442105263157894 0.76 0.956 -0.85 0.102 0.12783333333333333 0.72 0.893 -0.79 0.142 -0.09492307692307696 0.52 0.614 -0.91 -0.08 0.3827727272727273 0.88 0.98 -0.74 0.224
0.0 0.0 0.0 0.0 0.0 1.0 1.0 0.0 0.0 0.0 0.0 0.0 0.0 1.0 0.0 0.0 0.0 0.0 0.0 0.0 0.0 0.0 1.0 0.0 0.0 0.567125 0.8888888888888888 0.97 0.826 0.86 0.1111111111111111 -0.0 0.86 0.3655555555555556 1.0 0.961 -0.99 0.796 0.29883333333333334 0.6666666666666666 0.991 -0.74 0.916 -0.28 0.4444444444444444 0.0 -0.73 -0.09 0.5702857142857144 0.7777777777777778 0.914 0.0 0.855
0.0 0.0 0.0 0.0 1.0 0.0 0.0 0.0 0.0 0.0 0.0 0.0 0.0 0.0 0.0 0.0 0.0 0.0 0.0 0.0 0.0 0.0 0.0 0.0 1.0 0.761 0.8571428571428571 0.935 0.881 0.77 0.14285714285714285 -0.0 0.77 0.23974999999999996 0.5714285714285714 0.956 -0.81 -0.81 0.6226666666666666 0.42857142857142855 0.857 0.0 0.82 0.0 0.0 0.0 0.0 0.0 0.5761428571428572 1.0 0.998 -0.74 0.881
0.0 0.0 0.0 0.0 0.0 0.0 0.0 0.0 0.0 0.0 0.0 0.0 0.0 0.0 0.0 0.0 0.0 0.0 0.0 0.0 0.0 0.0 0.0 1.0 0.0 0.5031666666666667 0.6666666666666666 0.897 0.055 0.49333333333333335 0.3333333333333333 -0.0 0.35 0.22425000000000006 0.8888888888888888 0.921 -0.73 -0.13 -0.02616666666666667 0.6666666666666666 0.312 -0.92 0.071 0.0934 0.5555555555555556 0.694 -0.84 0.694 0.28271428571428575 0.7777777777777778 0.98 -0.67 -0.67
0.0 0.0 0.0 0.0 0.0 0.0 0.0 0.0 0.0 0.0 0.0 0.0 0.0 0.0 0.0 0.0 0.0 0.0 0.0 0.0 0.0 0.0 0.0 0.0 0.0 0.5097142857142857 0.5833333333333334 0.939 0.789 0.5760000000000001 0.4166666666666667 -0.0 0.93 -0.05318181818181817 0.9166666666666666 0.899 -0.99 -0.99 0.003250000000000003 0.6666666666666666 0.979 -0.79 -0.79 0.29 0.5 0.99 -0.18 0.936 0.02480000000000001 0.8333333333333334 0.935 -0.98 -0.88
0.0 0.0 0.0 0.0 0.0 1.0 1.0 0.0 0.0 0.0 0.0 0.0 0.0 1.0 0.0 0.0 0.0 0.0 0.0 0.0 0.0 1.0 0.0 0.0 0.0 0.5136999999999999 0.8695652173913043 0.968 0.149 0.6833333333333332 0.13043478260869565 -0.0 0.93 0.2681764705882353 0.7391304347826086 0.956 -0.95 0.118 -0.007500000000000016 0.782608695652174 0.992 -0.94 0.181 -0.06972727272727273 0.4782608695652174 0.973 -0.93 -0.07 0.41700000000000004 0.782608695652174 0.945 -0.94 0.374
0.0 0.0 0.0 0.0 0.0 0.0 1.0 0.0 0.0 0.0 0.0 0.0 0.0 0.0 0.0 0.0 0.0 0.0 0.0 0.0 0.0 1.0 0.0 0.0 0.0 0.0 0.0 0.0 0.0 0.8300000000000001 1.0 -0.0 0.76 -0.84 1.0 0.0 -0.96 -0.72 0.0 0.0 0.0 0.0 0.0 -0.10399999999999998 1.0 0.752 -0.96 0.752 -0.795 1.0 0.0 -0.81 -0.81
0.0 0.0 0.0 0.0 0.0 0.0 0.0 0.0 0.0 0.0 0.0 0.0 0.0 1.0 0.0 0.0 0.0 0.0 0.0 0.0 0.0 0.0 0.0 1.0 0.0 0.8513333333333334 0.42857142857142855 0.935 0.935 0.775 0.5714285714285714 -0.0 0.82 -0.43479999999999996 0.7142857142857143 0.956 -0.84 -0.84 -0.11699999999999999 0.2857142857142857 0.706 -0.94 0.706 -0.07625000000000004 0.5714285714285714 0.82 -0.91 -0.8 0.46699999999999997 0.5714285714285714 0.914 -0.63 0.914
0.0 0.0 0.0 0.0 0.0 0.0 0.0 0.0 1.0 0.0 0.0 0.0 0.0 1.0 0.0 0.0 0.0 0.0 0.0 0.0 0.0 0.0 0.0 1.0 0.0 0.42676000000000003 0.8771929824561403 0.957 0.887 0.6928571428571428 0.12280701754385964 -0.0 0.85 0.297675 0.7017543859649122 0.961 -0.96 0.889 0.21095348837209296 0.7543859649122807 0.995 -0.94 0.885 0.013941176470588216 0.2982456140350877 0.83 -0.86 -0.77 0.2352200000000001 0.8771929824561403 0.996 -0.99 -0.99
0.0 0.0 0.0 0.0 0.0 0.0 0.0 0.0 0.0 0.0 0.0 0.0 0.0 0.0 0.0 0.0 0.0 0.0 0.0 0.0 0.0 0.0 0.0 1.0 0.0 0.6208571428571429 0.8235294117647058 0.953 0.939 0.8366666666666666 0.17647058823529413 -0.0 0.83 0.32675000000000004 0.9411764705882353 0.956 -0.98 0.899 0.3853333333333333 0.7058823529411765 0.992 -0.79 0.979 0.019 0.35294117647058826 0.83 -0.8 0.83 0.29145454545454547 0.6470588235294118 0.935 -0.96 0.935
0.0 0.0 0.0 0.0 0.0 0.0 0.0 0.0 2.0 0.0 0.0 0.0 0.0 0.0 0.0 0.0 0.0 0.0 0.0 0.0 0.0 0.0 0.0 1.0 0.0 0.5234782608695653 0.7666666666666667 0.978 0.162 0.6728571428571427 0.23333333333333334 -0.0 0.35 0.1712727272727273 0.7333333333333333 0.956 -0.74 -0.13 0.13404545454545455 0.7333333333333333 0.977 -0.94 0.071 0.3168181818181818 0.36666666666666664 0.991 -0.23 0.694 0.2667142857142858 0.9333333333333333 0.978 -0.88 -0.67
0.0 0.0 0.0 0.0 0.0 0.0 0.0 0.0 1.0 0.0 0.0 0.0 0.0 0.0 0.0 0.0 0.0 0.0 0.0 0.0 0.0 0.0 0.0 1.0 0.0 0.31966666666666665 0.5625 0.831 0.048 0.6214285714285716 0.4375 -0.0 0.72 -0.15057142857142858 0.875 0.95 -0.93 -0.07 0.021272727272727276 0.6875 0.712 -0.95 0.186 -0.2014166666666667 0.75 0.585 -0.93 -0.1 -0.10764285714285717 0.875 0.935 -0.99 0.181
0.0 0.0 0.0 0.0 1.0 0.0 0.0 0.0 0.0 0.0 0.0 0.0 0.0 2.0 0.0 0.0 0.0 0.0 0.0 0.0 0.0 0.0 0.0 1.0 0.0 0.4328181818181818 0.6470588235294118 0.959 0.959 0.7033333333333333 0.35294117647058826 -0.0 0.07 0.0013636363636363648 0.6470588235294118 0.934 -0.81 0.934 0.22618181818181818 0.6470588235294118 0.983 -0.79 0.983 0.060375 0.47058823529411764 0.932 -0.84 0.084 0.1525 0.8235294117647058 0.935 -0.96 -0.06
0.0 0.0 0.0 0.0 0.0 0.0 0.0 0.0 0.0 0.0 0.0 2.0 0.0 0.0 0.0 0.0 0.0 0.0 0.0 0.0 0.0 0.0 0.0 1.0 0.0 0.631 0.5 0.935 0.855 0.6133333333333333 0.5 -0.0 0.21 -0.271 0.6666666666666666 0.956 -0.92 -0.38 0.3836666666666666 0.5 0.967 -0.08 -0.08 0.49733333333333335 0.5 0.876 -0.09 0.706 0.11840000000000002 0.8333333333333334 0.914 -0.86 -0.34
0.0 0.0 1.0 0.0 0.0 1.0 5.0 0.0 0.0 0.0 0.0 7.0 0.0 3.0 0.0 0.0 0.0 0.0 0.0 0.0 0.0 0.0 0.0 0.0 0.0 0.42590909090909096 0.9361702127659575 0.935 0.069 0.5466666666666667 0.06382978723404255 -0.0 0.76 0.35113157894736846 0.8085106382978723 0.97 -0.8 0.069 -0.1666388888888889 0.7659574468085106 0.904 -0.94 0.175 -0.11317647058823532 0.3617021276595745 0.773 -0.8 -0.11 0.41704545454545455 0.9361702127659575 0.935 -0.96 0.231
0.0 0.0 0.0 0.0 0.0 1.0 0.0 0.0 1.0 0.0 0.0 0.0 0.0 0.0 0.0 0.0 0.0 0.0 0.0 0.0 0.0 0.0 1.0 0.0 0.0 0.5286363636363636 0.9166666666666666 0.935 0.846 0.445 0.08333333333333333 -0.0 0.05 0.4527000000000001 0.8333333333333334 0.956 -0.76 0.633 -0.09358823529411764 0.7083333333333334 0.776 -0.94 -0.94 -0.1575 0.3333333333333333 0.071 -0.91 0.071 0.5492105263157895 0.7916666666666666 0.935 0.0 0.744
0.0 0.0 0.0 0.0 0.0 0.0 0.0 0.0 0.0 0.0 0.0 0.0 0.0 0.0 0.0 0.0 0.0 0.0 0.0 0.0 0.0 0.0 0.0 1.0 0.0 0.8742500000000001 0.5714285714285714 0.939 0.939 0.85 0.42857142857142855 -0.0 0.81 0.1412857142857143 1.0 0.964 -0.96 -0.85 0.8406666666666666 0.42857142857142855 0.979 0.0 0.979 -0.35966666666666675 0.42857142857142855 0.791 -0.96 0.791 -0.21533333333333335 0.42857142857142855 0.914 -0.78 -0.78
0.0 0.0 0.0 0.0 1.0 0.0 0.0 0.0 0.0 0.0 0.0 0.0 0.0 0.0 0.0 0.0 0.0 0.0 0.0 0.0 0.0 0.0 0.0 0.0 1.0 0.903 0.2 0.903 0.903 0.505 0.8 -0.0 0.1 -0.2158 1.0 0.921 -0.91 -0.09 0.2813333333333333 0.6 0.884 -0.02 -0.02 -0.11 0.4 0.0 -0.11 -0.11 -0.22 0.4 0.0 -0.22 -0.22
0.0 0.0 0.0 0.0 0.0 1.0 0.0 0.0 1.0 0.0 0.0 1.0 0.0 0.0 0.0 0.0 0.0 0.0 0.0 0.0 0.0 0.0 0.0 1.0 0.0 0.5809696969696971 0.825 0.953 0.082 0.57 0.175 -0.0 0.84 0.3974722222222222 0.9 0.995 -0.96 0.032 0.10799999999999998 0.775 0.988 -0.9 0.159 0.20815384615384616 0.325 0.83 -0.18 -0.05 0.3045185185185185 0.675 0.935 -0.96 0.188
0.0 0.0 0.0 0.0 0.0 0.0 1.0 0.0 0.0 0.0 0.0 0.0 0.0 1.0 0.0 0.0 0.0 0.0 0.0 0.0 0.0 1.0 0.0 0.0 0.0 0.48847058823529416 0.7727272727272727 0.935 0.089 0.534 0.22727272727272727 -0.0 0.74 0.18988888888888888 0.8181818181818182 0.956 -0.82 0.04 -0.2153333333333333 0.6818181818181818 0.269 -0.94 0.269 0.18425 0.36363636363636365 0.816 -0.2 -0.2 0.2811363636363637 1.0 0.935 -0.85 0.251
0.0 0.0 0.0 0.0 0.0 0.0 0.0 0.0 0.0 0.0 0.0 0.0 0.0 0.0 0.0 0.0 0.0 0.0 0.0 0.0 0.0 0.0 0.0 1.0 0.0 0.7685 0.6153846153846154 0.943 0.929 0.404 0.38461538461538464 -0.0 0.72 0.06989999999999998 0.7692307692307693 0.899 -0.93 -0.61 0.49644444444444447 0.6923076923076923 0.979 -0.79 0.942 0.19516666666666663 0.46153846153846156 0.648 -0.2 0.648 0.16236363636363638 0.8461538461538461 0.935 -0.92 -0.9
0.0 0.0 0.0 0.0 0.0 1.0 0.0 0.0 3.0 0.0 0.0 0.0 0.0 1.0 0.0 0.0 0.0 0.0 0.0 0.0 0.0 0.0 1.0 0.0 0.0 0.5432833333333332 0.821917808219178 0.943 0.036 0.48461538461538467 0.1780821917808219 -0.0 0.07 0.31670769230769236 0.8904109589041096 0.988 -0.98 -0.04 -0.050699999999999974 0.684931506849315 0.982 -0.95 0.109 0.14889999999999998 0.410958904109589 0.959 -0.84 0.098 0.3694285714285714 0.7671232876712328 0.935 -0.81 -0.07
0.0 0.0 0.0 0.0 0.0 1.0 0.0 0.0 2.0 0.0 0.0 1.0 0.0 0.0 0.0 0.0 0.0 0.0 0.0 0.0 0.0 0.0 1.0 0.0 0.0 0.5750869565217391 0.7419354838709677 0.939 0.753 0.7037499999999999 0.25806451612903225 -0.0 0.81 0.3148 0.8064516129032258 0.995 -0.95 0.541 0.2825555555555555 0.5806451612903226 0.979 -0.86 -0.86 0.1595833333333333 0.3870967741935484 0.99 -0.8 0.721 0.2295652173913043 0.7419354838709677 0.968 -0.87 0.85
0.0 0.0 0.0 0.0 0.0 0.0 0.0 0.0 1.0 0.0 0.0 1.0 0.0 1.0 0.0 0.0 0.0 0.0 0.0 0.0 0.0 0.0 0.0 1.0 0.0 0.5950571428571427 0.9210526315789473 0.959 0.034 0.75 0.07894736842105263 -0.0 0.6 0.48265789473684223 1.0 0.967 -0.84 0.094 0.08255555555555558 0.7105263157894737 0.979 -0.98 -0.03 -0.004400000000000006 0.2631578947368421 0.83 -0.8 0.028 0.4940000000000001 0.7368421052631579 0.935 -0.96 0.571
0.0 0.0 0.0 0.0 0.0 2.0 0.0 0.0 0.0 0.0 0.0 0.0 0.0 5.0 0.0 0.0 0.0 0.0 0.0 0.0 0.0 0.0 1.0 0.0 0.0 0.6470638297872342 0.7833333333333333 0.935 0.178 0.7046153846153846 0.21666666666666667 -0.0 0.03 0.2677234042553192 0.7833333333333333 0.979 -0.96 0.229 0.06435000000000002 0.6666666666666666 0.949 -0.94 0.127 0.14366666666666666 0.3 0.691 -0.96 -0.14 0.3208076923076923 0.8666666666666667 0.935 -0.96 0.418
0.0 0.0 0.0 0.0 0.0 1.0 0.0 0.0 1.0 0.0 0.0 0.0 0.0 0.0 0.0 0.0 0.0 0.0 0.0 0.0 0.0 0.0 1.0 0.0 0.0 0.58675 0.8 0.829 0.829 0.83 0.2 -0.0 0.83 0.2942 1.0 0.928 -0.71 0.928 -0.5315 0.8 0.274 -0.87 -0.87 0.36 0.4 0.83 -0.11 -0.11 0.2862 1.0 0.935 -0.96 0.679
0.0 0.0 0.0 0.0 1.0 0.0 0.0 0.0 2.0 0.0 0.0 0.0 0.0 1.0 0.0 0.0 0.0 0.0 0.0 0.0 0.0 0.0 0.0 1.0 0.0 0.4560769230769231 0.8125 0.831 0.08 0.5533333333333333 0.1875 -0.0 0.8 0.21325 1.0 0.95 -0.8 -0.04 -0.16515384615384615 0.8125 0.712 -0.87 0.228 0.084 0.375 0.83 -0.1 -0.1 0.36657142857142855 0.875 0.935 -0.96 0.238
0.0 0.0 0.0 0.0 0.0 0.0 1.0 0.0 0.0 0.0 0.0 0.0 0.0 0.0 0.0 0.0 0.0 0.0 0.0 0.0 0.0 1.0 0.0 0.0 0.0 0.383 0.5 0.935 0.053 0.67 0.5 -0.0 0.35 0.018399999999999993 0.8333333333333334 0.956 -0.75 -0.13 0.13199999999999998 0.5 0.184 0.0 0.071 0.593 0.6666666666666666 0.948 -0.09 0.694 -0.02260000000000002 0.8333333333333334 0.914 -0.81 -0.67
0.0 0.0 0.0 0.0 1.0 3.0 0.0 0.0 3.0 0.0 0.0 0.0 0.0 0.0 0.0 0.0 0.0 0.0 0.0 0.0 0.0 0.0 0.0 1.0 0.0 0.5448863636363636 0.9166666666666666 0.939 0.861 0.8025 0.08333333333333333 -0.0 0.93 0.4130357142857143 0.5833333333333334 0.964 -0.87 -0.87 7.352941176471228E-4 0.7083333333333334 0.979 -0.99 0.08 -0.18300000000000002 0.25 0.614 -0.91 -0.11 0.44939999999999997 0.8333333333333334 0.96 -1.0 -1.0
0.0 0.0 0.0 0.0 0.0 1.0 0.0 0.0 1.0 0.0 0.0 3.0 0.0 1.0 0.0 0.0 0.0 0.0 0.0 0.0 0.0 0.0 1.0 0.0 0.0 0.4684054054054054 0.8043478260869565 0.957 0.157 0.58 0.1956521739130435 -0.0 0.82 0.2014054054054055 0.8043478260869565 0.956 -0.99 -0.69 -0.15683870967741942 0.6739130434782609 0.969 -0.95 0.191 0.1188125 0.34782608695652173 0.948 -0.73 0.883 0.3287045454545455 0.9565217391304348 0.945 -0.91 -0.91
0.0 0.0 0.0 0.0 0.0 0.0 0.0 0.0 1.0 0.0 0.0 1.0 0.0 0.0 0.0 0.0 0.0 0.0 0.0 0.0 0.0 0.0 0.0 0.0 0.0 0.4643636363636363 0.7857142857142857 0.935 0.819 0.8300000000000001 0.21428571428571427 -0.0 0.7 0.15314285714285716 1.0 0.956 -0.96 0.777 0.03800000000000002 0.7142857142857143 0.812 -0.88 -0.88 0.04066666666666668 0.42857142857142855 0.99 -0.96 -0.21 0.12616666666666665 0.8571428571428571 0.935 -0.87 0.79
0.0 0.0 0.0 0.0 0.0 1.0 0.0 0.0 1.0 0.0 0.0 1.0 0.0 2.0 0.0 0.0 0.0 0.0 0.0 0.0 0.0 0.0 0.0 1.0 0.0 0.5534807692307692 0.8 0.939 0.034 0.6807692307692309 0.2 -0.0 0.07 0.3485399999999999 0.7692307692307693 0.956 -0.99 0.094 -0.006534883720930249 0.6615384615384615 0.979 -0.94 -0.03 -0.03981481481481481 0.4153846153846154 0.827 -0.77 0.028 0.3050172413793104 0.8923076923076924 0.935 -1.0 0.16
0.0 0.0 0.0 1.0 0.0 5.0 1.0 0.0 0.0 0.0 0.0 1.0 0.0 1.0 0.0 0.0 0.0 0.0 0.0 0.0 0.0 1.0 0.0 0.0 0.0 0.40469999999999995 0.8333333333333334 0.939 0.886 0.575 0.16666666666666666 -0.0 0.27 -0.10025 0.6666666666666666 0.899 -0.92 -0.75 0.47045454545454546 0.9166666666666666 0.99 0.0 0.154 -0.26857142857142857 0.5833333333333334 0.0 -0.72 -0.64 0.23563636363636364 0.9166666666666666 0.782 -0.99 0.142
0.0 0.0 0.0 0.0 0.0 0.0 1.0 0.0 1.0 0.0 0.0 0.0 0.0 1.0 0.0 0.0 0.0 0.0 0.0 0.0 0.0 1.0 0.0 0.0 0.0 0.6441 0.7142857142857143 0.965 0.082 0.77 0.2857142857142857 -0.0 0.8 0.1717692307692308 0.9285714285714286 0.961 -0.8 0.127 -5.000000000000039E-4 0.5714285714285714 0.957 -0.79 0.069 0.60575 0.2857142857142857 0.979 0.0 0.029 0.2910833333333334 0.8571428571428571 0.973 -0.96 0.16
0.0 0.0 0.0 0.0 1.0 0.0 0.0 0.0 3.0 0.0 0.0 0.0 2.0 1.0 0.0 0.0 0.0 0.0 0.0 0.0 0.0 0.0 0.0 0.0 1.0 0.35585714285714287 0.7777777777777778 0.935 0.935 0.84 0.2222222222222222 -0.0 0.85 0.012428571428571424 0.7777777777777778 0.956 -0.8 0.956 0.3832 0.5555555555555556 0.99 0.0 0.239 -0.06420000000000002 0.5555555555555556 0.83 -0.8 0.049 0.10633333333333334 1.0 0.914 -0.96 0.914
0.0 0.0 0.0 0.0 0.0 1.0 0.0 0.0 1.0 0.0 0.0 0.0 0.0 1.0 0.0 0.0 0.0 0.0 0.0 0.0 0.0 0.0 1.0 0.0 0.0 0.5287058823529411 0.85 0.939 0.766 0.7333333333333332 0.15 -0.0 0.85 0.3506086956521739 0.7666666666666667 0.956 -0.82 0.846 -0.15384090909090914 0.7333333333333333 0.979 -0.86 -0.76 -0.007000000000000006 0.2833333333333333 0.856 -0.93 -0.8 0.3550384615384615 0.8666666666666667 0.935 -0.98 0.688
0.0 0.0 0.0 0.0 0.0 0.0 1.0 0.0 0.0 0.0 0.0 0.0 0.0 0.0 0.0 0.0 0.0 0.0 0.0 0.0 0.0 1.0 0.0 0.0 0.0 0.08 0.5 0.08 0.08 0.28 0.5 -0.0 0.28 -0.055 1.0 0.0 -0.08 -0.03 0.2015 1.0 0.202 0.0 0.201 0.2875 1.0 0.615 -0.04 -0.04 -0.2095 1.0 0.201 -0.62 0.201
0.0 0.0 0.0 0.0 0.0 0.0 1.0 0.0 0.0 0.0 0.0 0.0 0.0 0.0 0.0 0.0 0.0 0.0 0.0 0.0 0.0 1.0 0.0 0.0 0.0 0.4401428571428571 0.7 0.935 0.907 0.8533333333333334 0.3 -0.0 0.68 0.05099999999999999 0.8 0.956 -0.93 -0.71 0.33820000000000006 0.5 0.779 0.0 0.239 0.10100000000000002 0.6 0.942 -0.93 0.785 0.030111111111111127 0.9 0.959 -0.95 -0.55
0.0 0.0 0.0 0.0 0.0 1.0 0.0 0.0 0.0 0.0 0.0 3.0 0.0 2.0 0.0 0.0 0.0 0.0 0.0 0.0 0.0 0.0 1.0 0.0 0.0 0.3257142857142858 0.8235294117647058 0.943 0.883 0.6911111111111111 0.17647058823529413 -0.0 0.1 0.11934146341463411 0.803921568627451 0.956 -0.78 0.77 0.06565789473684212 0.7450980392156863 0.943 -0.94 0.117 0.010590909090909095 0.43137254901960786 0.981 -0.91 -0.28 0.15380434782608693 0.9019607843137255 0.996 -0.98 0.996
0.0 0.0 0.0 0.0 1.0 0.0 0.0 0.0 0.0 0.0 0.0 1.0 0.0 1.0 0.0 0.0 0.0 0.0 0.0 0.0 0.0 0.0 0.0 0.0 1.0 0.40737500000000004 0.5 0.943 0.063 0.65125 0.5 -0.0 0.88 -0.04523076923076927 0.8125 0.956 -0.8 0.069 0.09714285714285713 0.4375 0.943 -0.85 0.14 0.023090909090909054 0.6875 0.83 -0.91 -0.06 -0.22466666666666665 0.9375 0.914 -0.99 0.108
0.0 0.0 0.0 0.0 0.0 0.0 0.0 0.0 1.0 0.0 0.0 0.0 0.0 0.0 0.0 0.0 0.0 0.0 0.0 0.0 0.0 0.0 0.0 1.0 0.0 0.7418333333333335 0.75 0.943 0.811 0.8400000000000001 0.25 -0.0 0.81 0.09316666666666666 0.75 0.731 -0.96 0.722 0.44939999999999997 0.625 0.967 -0.76 -0.76 0.385 0.25 0.721 0.0 0.721 0.24583333333333332 0.75 0.96 -0.77 0.946
0.0 0.0 0.0 0.0 0.0 1.0 0.0 0.0 2.0 0.0 0.0 1.0 0.0 1.0 0.0 0.0 0.0 0.0 0.0 0.0 0.0 0.0 0.0 1.0 0.0 0.5240909090909092 0.9166666666666666 0.951 0.716 0.63 0.08333333333333333 -0.0 0.81 0.3427096774193547 0.6458333333333334 0.987 -0.81 0.694 -0.02413888888888889 0.75 0.979 -0.94 -0.56 -0.17062500000000003 0.3333333333333333 0.031 -0.8 -0.2 0.5045000000000001 0.9166666666666666 0.99 -0.96 0.888
0.0 0.0 0.0 0.0 0.0 0.0 0.0 0.0 1.0 0.0 0.0 2.0 0.0 1.0 0.0 0.0 0.0 0.0 0.0 0.0 0.0 0.0 0.0 0.0 0.0 0.31699999999999995 0.7428571428571429 0.935 0.061 0.7600000000000001 0.2571428571428571 -0.0 0.74 0.041692307692307695 0.7428571428571429 0.956 -0.95 0.796 -0.03355555555555555 0.5142857142857142 0.828 -0.94 0.061 0.13936842105263159 0.5428571428571428 0.973 -0.86 0.049 0.11029411764705883 0.9714285714285714 0.959 -0.96 0.061
0.0 0.0 0.0 1.0 1.0 2.0 0.0 0.0 0.0 0.0 0.0 0.0 0.0 0.0 0.0 0.0 0.0 0.0 0.0 0.0 0.0 0.0 0.0 1.0 0.0 0.45746875 0.8421052631578947 0.939 0.883 0.6016666666666667 0.15789473684210525 -0.0 0.9 0.30618749999999995 0.8421052631578947 0.956 -0.96 -0.96 0.07061538461538461 0.6842105263157895 0.979 -0.79 -0.78 -0.204 0.3684210526315789 0.585 -0.96 -0.96 0.29581250000000003 0.8421052631578947 0.996 -0.78 -0.78
0.0 0.0 0.0 0.0 0.0 0.0 1.0 0.0 1.0 0.0 0.0 0.0 0.0 0.0 0.0 0.0 0.0 0.0 0.0 0.0 0.0 1.0 0.0 0.0 0.0 0.7352000000000001 0.7142857142857143 0.943 0.886 0.47000000000000003 0.2857142857142857 -0.0 0.03 0.14079999999999998 0.7142857142857143 0.956 -0.91 -0.08 0.53825 0.5714285714285714 0.99 -0.03 -0.03 -0.04 0.14285714285714285 0.0 -0.04 -0.04 0.5568000000000001 0.7142857142857143 0.914 -0.05 -0.05
0.0 0.0 1.0 0.0 0.0 0.0 3.0 0.0 0.0 0.0 0.0 0.0 0.0 0.0 0.0 0.0 0.0 0.0 0.0 0.0 0.0 1.0 0.0 0.0 0.0 0.886 0.5 0.886 0.886 0.91 0.5 -0.0 0.91 -0.91 0.5 0.0 -0.91 -0.91 0.99 0.5 0.99 0.0 0.99 0.0 0.0 0.0 0.0 0.0 0.782 0.5 0.782 0.0 0.782
0.0 0.0 0.0 0.0 0.0 0.0 0.0 0.0 0.0 0.0 0.0 0.0 0.0 0.0 0.0 0.0 0.0 0.0 0.0 0.0 0.0 0.0 0.0 1.0 0.0 0.47300000000000003 0.8333333333333334 0.857 0.748 0.93 0.16666666666666666 -0.0 0.93 0.19166666666666665 1.0 0.825 -0.93 0.777 -0.06219999999999999 0.8333333333333334 0.888 -0.85 -0.85 -0.51 0.3333333333333333 0.0 -0.93 -0.93 0.156 0.8333333333333334 0.779 -0.94 0.615
0.0 0.0 0.0 0.0 0.0 0.0 0.0 0.0 0.0 0.0 0.0 0.0 0.0 1.0 0.0 0.0 0.0 0.0 0.0 0.0 0.0 0.0 0.0 1.0 0.0 0.5815 1.0 0.925 0.789 0.0 0.0 -0.0 -0.0 0.58375 0.6666666666666666 0.917 0.0 0.633 -0.17333333333333334 1.0 0.99 -0.93 -0.79 -0.12 0.3333333333333333 0.0 -0.13 -0.13 0.5900000000000001 0.8333333333333334 0.935 0.0 0.935
0.0 0.0 0.0 0.0 0.0 0.0 1.0 0.0 1.0 0.0 0.0 0.0 0.0 2.0 0.0 0.0 0.0 0.0 0.0 0.0 0.0 0.0 0.0 1.0 0.0 0.4726363636363637 0.7586206896551724 0.943 0.893 0.8285714285714286 0.2413793103448276 -0.0 0.73 0.08315999999999996 0.8620689655172413 0.899 -0.93 0.815 0.032526315789473674 0.6551724137931034 0.979 -0.94 0.972 0.06866666666666668 0.5172413793103449 0.936 -0.93 -0.07 0.14836 0.8620689655172413 0.986 -0.96 0.203
0.0 0.0 0.0 0.0 0.0 0.0 1.0 0.0 0.0 0.0 0.0 0.0 0.0 0.0 0.0 0.0 0.0 0.0 0.0 0.0 0.0 1.0 0.0 0.0 0.0 0.433 0.4 0.786 0.08 0.83 0.6 -0.0 0.9 -0.03633333333333333 0.6 0.811 -0.89 -0.89 0.201 0.2 0.201 0.0 0.201 -0.6125 0.8 0.0 -0.91 -0.91 -0.177 0.8 0.761 -0.84 -0.83
0.0 0.0 0.0 0.0 0.0 2.0 0.0 0.0 1.0 0.0 0.0 0.0 0.0 2.0 0.0 0.0 0.0 0.0 0.0 0.0 0.0 0.0 1.0 0.0 0.0 0.5661463414634146 0.82 0.939 0.258 0.6711111111111111 0.18 -0.0 0.7 0.35334999999999994 0.8 0.956 -0.95 0.277 0.25553124999999993 0.64 0.979 -0.79 0.161 0.1620625 0.32 0.981 -0.8 0.647 0.3064499999999999 0.8 0.947 -0.98 0.337
0.0 0.0 1.0 0.0 0.0 0.0 3.0 0.0 0.0 0.0 0.0 0.0 0.0 0.0 0.0 0.0 0.0 0.0 0.0 0.0 0.0 1.0 0.0 0.0 0.0 0.0 0.0 0.0 0.0 0.8600000000000001 1.0 -0.0 0.91 -0.7949999999999999 1.0 0.0 -0.97 -0.97 0.0 0.0 0.0 0.0 0.0 0.044999999999999984 1.0 0.9 -0.81 -0.81 -0.9299999999999999 1.0 0.0 -0.95 -0.95
0.0 0.0 0.0 0.0 0.0 0.0 0.0 0.0 0.0 0.0 0.0 2.0 0.0 0.0 0.0 0.0 0.0 0.0 0.0 0.0 0.0 0.0 0.0 0.0 0.0 0.43742105263157893 0.7916666666666666 0.935 0.935 0.6499999999999999 0.20833333333333334 -0.0 0.11 0.18752380952380954 0.875 0.956 -0.85 -0.19 -0.020000000000000004 0.75 0.801 -0.79 -0.06 0.13976923076923076 0.5416666666666666 0.83 -0.21 -0.21 0.2546818181818181 0.9166666666666666 0.989 -0.97 0.914
0.0 0.0 0.0 0.0 0.0 0.0 0.0 0.0 0.0 0.0 0.0 2.0 0.0 0.0 0.0 0.0 0.0 0.0 0.0 0.0 0.0 0.0 0.0 1.0 0.0 0.4212173913043479 0.8518518518518519 0.968 0.034 0.445 0.14814814814814814 -0.0 0.72 0.22147826086956518 0.8518518518518519 0.988 -0.9 -0.9 0.1293478260869565 0.8518518518518519 0.992 -0.88 0.171 0.0829230769230769 0.48148148148148145 0.856 -0.12 0.278 0.25077272727272726 0.8148148148148148 0.945 -0.99 -0.99
0.0 0.0 0.0 0.0 0.0 1.0 0.0 0.0 0.0 0.0 0.0 7.0 0.0 0.0 0.0 0.0 0.0 0.0 0.0 0.0 0.0 0.0 1.0 0.0 0.0 0.5935090909090908 0.859375 0.977 0.865 0.6944444444444444 0.140625 -0.0 0.8 0.35280392156862755 0.796875 0.978 -0.98 0.978 0.10771739130434783 0.71875 0.979 -0.97 -0.75 0.201375 0.25 0.854 -0.77 0.854 0.3345777777777777 0.703125 0.974 -0.93 -0.66
0.0 0.0 0.0 0.0 0.0 1.0 0.0 0.0 1.0 0.0 0.0 1.0 0.0 0.0 0.0 0.0 0.0 0.0 0.0 0.0 0.0 0.0 1.0 0.0 0.0 0.7310909090909091 1.0 0.939 0.851 0.0 0.0 -0.0 -0.0 0.7419999999999999 1.0 1.0 -0.04 0.836 0.42250000000000004 0.5454545454545454 0.979 -0.65 0.867 0.049 0.09090909090909091 0.049 0.0 0.049 0.6695 0.7272727272727273 0.914 0.0 0.85
0.0 0.0 0.0 0.0 0.0 0.0 0.0 0.0 1.0 0.0 0.0 2.0 0.0 2.0 0.0 0.0 0.0 0.0 0.0 0.0 0.0 0.0 0.0 1.0 0.0 0.72756 0.78125 0.964 0.048 0.8271428571428572 0.21875 -0.0 0.93 0.31892307692307686 0.8125 1.0 -0.96 -0.96 0.18535294117647058 0.53125 0.979 -0.94 0.119 0.23177777777777775 0.28125 0.948 -0.8 0.88 0.3788333333333334 0.75 0.99 -0.96 -0.94
0.0 0.0 0.0 0.0 0.0 0.0 0.0 0.0 0.0 0.0 0.0 3.0 0.0 0.0 0.0 0.0 0.0 0.0 0.0 0.0 0.0 0.0 0.0 0.0 0.0 0.7013793103448277 0.8787878787878788 0.939 0.105 0.495 0.12121212121212122 -0.0 0.76 0.5311851851851851 0.8181818181818182 0.956 -0.78 0.072 0.062319999999999987 0.7575757575757576 0.993 -0.94 0.094 0.15599999999999997 0.18181818181818182 0.882 -0.4 -0.11 0.4996153846153846 0.7878787878787878 0.996 -0.73 0.149
0.0 0.0 0.0 0.0 0.0 3.0 0.0 0.0 2.0 0.0 0.0 0.0 0.0 2.0 0.0 0.0 0.0 0.0 0.0 0.0 0.0 0.0 1.0 0.0 0.0 0.5682112676056338 0.8658536585365854 0.966 0.061 0.5372727272727272 0.13414634146341464 -0.0 0.84 0.40047761194029863 0.8170731707317073 0.966 -0.99 -0.12 0.29758064516129035 0.7560975609756098 0.979 -0.94 0.239 -0.00962499999999999 0.2926829268292683 0.856 -0.21 -0.07 0.2840961538461538 0.6341463414634146 0.935 -0.82 0.203
0.0 0.0 1.0 0.0 1.0 4.0 5.0 0.0 0.0 0.0 0.0 0.0 0.0 2.0 0.0 0.0 0.0 0.0 0.0 0.0 0.0 1.0 0.0 0.0 0.0 0.5035416666666669 0.8727272727272727 0.964 0.042 0.5685714285714285 0.12727272727272726 -0.0 0.76 0.3570416666666667 0.8727272727272727 0.961 -0.75 -0.04 -0.16774418604651162 0.7818181818181819 0.979 -0.94 0.194 0.0798095238095238 0.38181818181818183 0.856 -0.77 -0.1 0.44463461538461524 0.9454545454545454 0.964 -0.92 0.124
0.0 0.0 0.0 0.0 0.0 1.0 0.0 0.0 1.0 0.0 0.0 2.0 0.0 1.0 0.0 0.0 0.0 0.0 0.0 0.0 0.0 0.0 0.0 1.0 0.0 0.4492592592592593 0.8181818181818182 0.988 0.772 0.4833333333333334 0.18181818181818182 -0.0 0.08 0.2789615384615385 0.7878787878787878 0.995 -0.87 0.894 0.11181481481481483 0.8181818181818182 0.988 -0.88 -0.51 0.003999999999999999 0.3939393939393939 0.948 -0.86 0.028 0.3409615384615384 0.7878787878787878 0.99 -0.81 0.907
0.0 0.0 0.0 0.0 0.0 3.0 0.0 0.0 0.0 0.0 0.0 1.0 0.0 0.0 0.0 0.0 0.0 0.0 0.0 0.0 0.0 0.0 1.0 0.0 0.0 0.44164000000000003 0.8620689655172413 0.935 0.874 0.625 0.13793103448275862 -0.0 0.83 0.29491304347826086 0.7931034482758621 0.995 -0.95 0.847 -0.015476190476190485 0.7241379310344828 0.871 -0.88 0.871 0.00408333333333333 0.41379310344827586 0.83 -0.16 -0.16 0.3406071428571429 0.9655172413793104 0.935 -0.96 0.903
0.0 0.0 0.0 0.0 0.0 2.0 1.0 0.0 0.0 0.0 0.0 1.0 0.0 1.0 0.0 0.0 0.0 0.0 0.0 0.0 0.0 0.0 0.0 1.0 0.0 0.4066060606060606 0.8461538461538461 0.935 0.719 0.8083333333333332 0.15384615384615385 -0.0 0.82 0.26676470588235296 0.8717948717948718 0.956 -0.85 -0.69 0.02304 0.6410256410256411 0.794 -0.85 0.713 0.23906666666666668 0.38461538461538464 0.937 -0.21 0.883 0.33624242424242423 0.8461538461538461 0.935 -0.91 -0.91
0.0 0.0 0.0 0.0 0.0 0.0 0.0 0.0 2.0 0.0 0.0 0.0 0.0 2.0 0.0 0.0 0.0 0.0 0.0 0.0 0.0 0.0 0.0 1.0 0.0 0.431125 0.8648648648648649 0.964 0.937 0.808 0.13513513513513514 -0.0 0.84 0.20029629629629625 0.7297297297297297 0.965 -0.91 0.777 0.10971999999999998 0.6756756756756757 0.994 -0.94 0.994 -0.1028125 0.43243243243243246 0.856 -0.78 -0.78 0.31791428571428576 0.9459459459459459 0.964 -0.99 0.88
0.0 0.0 0.0 0.0 0.0 2.0 1.0 0.0 0.0 0.0 0.0 2.0 0.0 0.0 0.0 0.0 0.0 0.0 0.0 0.0 0.0 0.0 1.0 0.0 0.0 0.4256499999999999 0.7692307692307693 0.939 0.769 0.66 0.23076923076923078 -0.0 0.84 0.14787499999999998 0.9230769230769231 0.956 -0.99 -0.99 0.12283333333333332 0.6923076923076923 0.979 -0.79 0.749 0.25822222222222224 0.34615384615384615 0.882 -0.1 0.658 0.12847619047619047 0.8076923076923077 0.935 -0.88 -0.88
0.0 0.0 0.0 0.0 0.0 1.0 0.0 0.0 1.0 0.0 0.0 0.0 0.0 0.0 0.0 0.0 0.0 0.0 0.0 0.0 0.0 0.0 0.0 1.0 0.0 0.7519166666666667 0.6666666666666666 0.939 0.157 0.6883333333333334 0.3333333333333333 -0.0 0.84 0.29213333333333324 0.8333333333333334 0.962 -0.96 0.082 -0.1401111111111111 0.5 0.979 -0.94 0.191 -0.36600000000000005 0.3888888888888889 0.958 -0.91 -0.91 0.37321428571428583 0.7777777777777778 0.935 -0.85 0.198
0.0 0.0 0.0 0.0 0.0 0.0 0.0 0.0 0.0 0.0 0.0 1.0 0.0 1.0 0.0 0.0 0.0 0.0 0.0 0.0 0.0 0.0 0.0 1.0 0.0 0.527103448275862 0.7631578947368421 0.939 0.849 0.7599999999999999 0.23684210526315788 -0.0 0.93 0.2883333333333334 0.7894736842105263 0.956 -0.96 -0.96 0.05717857142857141 0.7368421052631579 0.979 -0.92 0.85 1.5617999999999996 0.39473684210526316 21.0 -0.94 0.88 0.2223225806451614 0.8157894736842105 0.935 -0.94 -0.94
0.0 0.0 0.0 0.0 0.0 0.0 0.0 0.0 1.0 0.0 0.0 1.0 0.0 0.0 0.0 0.0 0.0 0.0 0.0 0.0 0.0 0.0 0.0 1.0 0.0 0.5544848484848485 0.825 0.935 0.034 0.5957142857142858 0.175 -0.0 0.87 0.33558064516129016 0.775 0.956 -0.99 0.094 0.020214285714285702 0.7 0.928 -0.94 -0.03 -0.07908333333333334 0.3 0.893 -0.73 0.028 0.40154545454545454 0.825 0.941 -0.99 -0.99
0.0 0.0 0.0 0.0 0.0 0.0 1.0 0.0 0.0 0.0 0.0 0.0 0.0 0.0 0.0 0.0 0.0 0.0 0.0 0.0 0.0 1.0 0.0 0.0 0.0 0.7755714285714286 0.5833333333333334 0.996 0.996 0.36 0.4166666666666667 -0.0 0.08 0.2630909090909091 0.9166666666666666 0.996 -0.78 0.996 0.26766666666666666 0.5 0.955 -0.65 0.795 0.3048 0.4166666666666667 0.615 -0.21 0.614 0.2319 0.8333333333333334 0.914 -0.74 0.706
0.0 0.0 1.0 0.0 5.0 0.0 2.0 0.0 0.0 1.0 0.0 0.0 0.0 2.0 0.0 0.0 0.0 0.0 0.0 1.0 0.0 0.0 0.0 0.0 0.0 0.6449615384615384 0.8387096774193549 0.935 0.884 0.67 0.16129032258064516 -0.0 0.93 0.37204761904761907 0.6774193548387096 0.956 -0.96 0.929 0.15647826086956523 0.7419354838709677 0.99 -0.94 0.861 0.31 0.2903225806451613 0.948 -0.21 0.88 0.5106153846153847 0.8387096774193549 0.935 -0.94 0.862
0.0 0.0 0.0 0.0 0.0 0.0 0.0 0.0 2.0 0.0 0.0 0.0 0.0 2.0 0.0 0.0 0.0 0.0 0.0 0.0 0.0 0.0 0.0 1.0 0.0 0.604037037037037 0.8709677419354839 0.97 0.84 0.6175 0.12903225806451613 -0.0 0.91 0.38235714285714295 0.9032258064516129 0.99 -0.83 -0.83 0.1215217391304348 0.7419354838709677 0.991 -0.94 -0.81 0.2101111111111111 0.2903225806451613 0.925 -0.13 0.925 0.42516666666666675 0.7741935483870968 0.935 -0.99 -0.99
0.0 0.0 1.0 0.0 0.0 0.0 3.0 0.0 0.0 0.0 0.0 3.0 0.0 1.0 0.0 0.0 0.0 0.0 0.0 0.0 0.0 1.0 0.0 0.0 0.0 0.3558181818181818 0.7333333333333333 0.864 0.063 0.615 0.26666666666666666 -0.0 0.66 -0.13181818181818183 0.7333333333333333 0.633 -0.89 -0.78 0.009444444444444453 0.6 0.853 -0.94 0.136 0.34142857142857136 0.4666666666666667 0.717 -0.13 0.585 0.09913333333333334 1.0 0.935 -0.97 -0.63
0.0 1.0 0.0 0.0 0.0 0.0 0.0 0.0 1.0 0.0 1.0 0.0 0.0 0.0 0.0 0.0 0.0 0.0 0.0 0.0 1.0 0.0 0.0 0.0 0.0 0.6265000000000001 0.6666666666666666 0.939 0.076 0.395 0.3333333333333333 -0.0 0.65 0.1683333333333333 1.0 0.899 -0.93 -0.93 0.19225 0.6666666666666666 0.979 -0.65 0.129 0.015 0.5 0.096 -0.1 0.096 0.10760000000000003 0.8333333333333334 0.851 -0.92 -0.92
0.0 0.0 0.0 0.0 1.0 0.0 0.0 0.0 1.0 0.0 0.0 0.0 0.0 1.0 0.0 0.0 0.0 0.0 0.0 0.0 0.0 0.0 0.0 0.0 1.0 0.4836470588235294 0.8095238095238095 0.939 0.099 0.6125 0.19047619047619047 -0.0 0.76 0.23686666666666667 0.7142857142857143 0.96 -0.95 0.098 0.044312500000000005 0.7619047619047619 0.992 -0.94 0.163 0.07649999999999998 0.38095238095238093 0.856 -0.78 -0.09 0.33805882352941174 0.8095238095238095 0.935 -0.82 0.232
0.0 0.0 0.0 0.0 0.0 0.0 0.0 0.0 0.0 0.0 0.0 0.0 0.0 0.0 0.0 0.0 0.0 0.0 0.0 0.0 0.0 0.0 0.0 1.0 0.0 0.52525 0.6666666666666666 0.935 0.157 0.845 0.3333333333333333 -0.0 0.94 0.24675 0.6666666666666666 0.956 -0.89 -0.89 0.44533333333333336 0.5 0.982 0.0 0.191 -0.11933333333333329 0.5 0.672 -0.94 -0.94 0.16350000000000003 0.6666666666666666 0.914 -0.69 -0.69
0.0 0.0 0.0 0.0 0.0 1.0 0.0 0.0 1.0 0.0 0.0 2.0 0.0 0.0 0.0 0.0 0.0 0.0 0.0 0.0 0.0 0.0 0.0 1.0 0.0 0.5300666666666667 0.7894736842105263 0.943 0.805 0.645 0.21052631578947367 -0.0 0.84 0.20264285714285712 0.7368421052631579 0.957 -0.95 0.052 0.21892307692307694 0.6842105263157895 0.979 -0.81 0.717 -0.03700000000000003 0.21052631578947367 0.706 -0.78 0.706 0.3474615384615385 0.6842105263157895 0.921 -0.98 0.893
0.0 0.0 0.0 0.0 0.0 0.0 0.0 0.0 0.0 0.0 0.0 0.0 0.0 0.0 0.0 0.0 0.0 0.0 0.0 0.0 0.0 0.0 0.0 1.0 0.0 0.0 0.0 0.0 0.0 0.46 1.0 -0.0 0.14 -0.595 1.0 0.0 -0.75 -0.44 0.311 0.5 0.311 0.0 0.311 0.4345 1.0 0.82 0.0 0.049 -0.39 0.5 0.0 -0.39 -0.39
0.0 0.0 0.0 0.0 0.0 0.0 0.0 0.0 0.0 0.0 0.0 0.0 0.0 0.0 0.0 0.0 0.0 0.0 0.0 0.0 0.0 0.0 0.0 1.0 0.0 0.477 1.0 0.855 0.099 0.0 0.0 -0.0 -0.0 0.0 0.0 0.0 0.0 0.0 0.565 1.0 0.967 0.0 0.163 -0.09 0.5 0.0 -0.09 -0.09 0.4875 1.0 0.743 0.0 0.232
0.0 0.0 0.0 0.0 0.0 2.0 0.0 0.0 0.0 0.0 0.0 0.0 0.0 0.0 0.0 0.0 0.0 0.0 0.0 0.0 0.0 0.0 0.0 0.0 0.0 0.5450526315789476 0.76 0.943 0.053 0.5583333333333333 0.24 -0.0 0.88 0.35077777777777785 0.72 0.995 -0.98 -0.98 0.09013333333333333 0.6 0.943 -0.88 0.141 0.17842857142857144 0.28 0.869 -0.11 0.869 0.2958181818181818 0.88 0.958 -0.82 -0.8
0.0 0.0 0.0 0.0 0.0 0.0 1.0 0.0 0.0 0.0 0.0 0.0 0.0 0.0 0.0 0.0 0.0 0.0 0.0 0.0 0.0 1.0 0.0 0.0 0.0 0.755 0.7142857142857143 0.939 0.939 0.8400000000000001 0.2857142857142857 -0.0 0.78 0.32400000000000007 0.8571428571428571 0.956 -0.91 -0.82 0.33775 0.5714285714285714 0.979 -0.88 0.979 -0.13133333333333333 0.42857142857142855 0.666 -0.9 0.666 0.259 0.5714285714285714 0.914 -0.85 -0.85
0.0 0.0 0.0 0.0 0.0 0.0 0.0 0.0 0.0 0.0 0.0 0.0 0.0 2.0 0.0 0.0 0.0 0.0 0.0 0.0 0.0 0.0 0.0 1.0 0.0 0.39121739130434785 0.8214285714285714 0.939 0.048 0.654 0.17857142857142858 -0.0 0.02 0.15804166666666666 0.8571428571428571 0.961 -0.95 0.026 0.2813636363636363 0.7857142857142857 0.979 -0.79 0.069 -2.0000000000001475E-4 0.35714285714285715 0.689 -0.78 -0.05 0.15635 0.7142857142857143 0.935 -0.9 0.068
0.0 0.0 0.0 0.0 0.0 1.0 0.0 0.0 1.0 0.0 0.0 0.0 0.0 2.0 0.0 0.0 0.0 0.0 0.0 0.0 0.0 0.0 0.0 1.0 0.0 0.510074074074074 0.6585365853658537 0.966 0.091 0.6842857142857142 0.34146341463414637 -0.0 0.77 0.03874193548387096 0.7560975609756098 0.966 -0.99 -0.1 0.10463636363636364 0.5365853658536586 0.979 -0.94 0.152 0.035888888888888866 0.43902439024390244 0.866 -0.81 -0.08 0.08247058823529411 0.8292682926829268 0.935 -0.96 0.208
0.0 0.0 0.0 0.0 1.0 0.0 1.0 0.0 1.0 0.0 0.0 0.0 0.0 0.0 0.0 0.0 0.0 0.0 0.0 0.0 0.0 1.0 0.0 0.0 0.0 0.4856428571428572 0.7567567567567568 0.939 0.728 0.3844444444444445 0.24324324324324326 -0.0 0.93 0.27387500000000004 0.8648648648648649 0.956 -0.87 0.704 0.29138461538461535 0.7027027027027027 0.979 -0.79 0.751 -0.055588235294117654 0.4594594594594595 0.882 -0.96 -0.91 0.24733333333333327 0.7297297297297297 0.998 -0.95 -0.95
0.0 0.0 0.0 1.0 0.0 2.0 0.0 0.0 0.0 0.0 0.0 0.0 0.0 0.0 0.0 0.0 0.0 0.0 0.0 0.0 0.0 0.0 0.0 0.0 0.0 0.039 0.5 0.039 0.039 0.92 0.5 -0.0 0.92 -0.08 0.5 0.0 -0.08 -0.08 0.155 0.5 0.155 0.0 0.155 -0.5549999999999999 1.0 0.0 -0.98 -0.13 -0.3165 1.0 0.217 -0.85 0.217
0.0 0.0 0.0 0.0 0.0 1.0 1.0 0.0 2.0 0.0 0.0 0.0 0.0 2.0 0.0 0.0 0.0 0.0 0.0 0.0 0.0 0.0 1.0 0.0 0.0 0.680875 0.8888888888888888 0.933 0.873 0.66 0.1111111111111111 -0.0 0.66 0.25860000000000005 0.5555555555555556 0.972 -0.78 0.098 0.15885714285714286 0.7777777777777778 0.99 -0.94 0.899 0.10833333333333332 0.3333333333333333 0.585 -0.13 -0.13 0.5377777777777778 1.0 0.894 -0.63 0.846
0.0 0.0 0.0 0.0 0.0 0.0 1.0 0.0 0.0 1.0 0.0 0.0 0.0 0.0 0.0 0.0 0.0 0.0 0.0 1.0 0.0 0.0 0.0 0.0 0.0 0.497 0.7142857142857143 0.789 0.789 0.49 0.2857142857142857 -0.0 0.07 0.42800000000000005 0.7142857142857143 0.781 0.0 0.022 -0.39875000000000005 0.5714285714285714 0.115 -0.79 -0.13 -0.26566666666666666 0.42857142857142855 0.153 -0.87 0.153 0.2257142857142857 1.0 0.935 -0.95 -0.31
0.0 0.0 0.0 0.0 0.0 0.0 1.0 0.0 0.0 0.0 0.0 0.0 0.0 0.0 0.0 0.0 0.0 0.0 0.0 0.0 0.0 0.0 0.0 1.0 0.0 0.65825 0.8 0.935 0.935 0.05 0.2 -0.0 0.05 0.5469999999999999 1.0 0.956 -0.02 -0.02 0.239 0.2 0.239 0.0 0.239 0.063 0.4 0.077 0.0 0.077 0.6837500000000001 0.8 0.914 0.0 0.914
0.0 0.0 1.0 0.0 0.0 0.0 3.0 0.0 0.0 1.0 0.0 3.0 0.0 0.0 0.0 0.0 0.0 0.0 0.0 0.0 0.0 1.0 0.0 0.0 0.0 0.4265714285714286 0.7777777777777778 0.911 0.823 0.75 0.2222222222222222 -0.0 0.66 0.156 0.8888888888888888 0.967 -0.95 0.967 0.4606 0.5555555555555556 0.795 0.0 0.795 0.0835 0.4444444444444444 0.585 -0.21 0.049 0.21855555555555556 1.0 0.958 -0.73 0.706
0.0 0.0 0.0 0.0 0.0 0.0 1.0 0.0 0.0 1.0 0.0 0.0 0.0 0.0 0.0 0.0 0.0 0.0 0.0 1.0 0.0 0.0 0.0 0.0 0.0 0.5911428571428571 0.875 0.903 0.903 0.93 0.125 -0.0 0.93 0.7691666666666667 0.75 0.97 0.0 0.746 0.4253333333333333 0.75 0.97 -0.79 0.97 -0.13925 0.5 0.773 -0.91 0.773 0.43183333333333335 0.75 0.994 -0.95 0.994
0.0 0.0 0.0 0.0 1.0 0.0 1.0 0.0 0.0 0.0 0.0 0.0 0.0 0.0 0.0 0.0 0.0 0.0 0.0 0.0 0.0 0.0 0.0 0.0 0.0 0.5803333333333334 0.75 0.833 0.806 0.93 0.25 -0.0 0.93 0.21900000000000003 1.0 0.92 -0.87 0.806 -0.326 0.5 0.228 -0.88 -0.88 0.398 0.5 0.936 -0.14 -0.14 0.007000000000000006 0.75 0.695 -0.98 0.695
0.0 0.0 0.0 0.0 0.0 0.0 2.0 0.0 0.0 0.0 0.0 0.0 0.0 0.0 0.0 0.0 0.0 0.0 0.0 0.0 0.0 1.0 0.0 0.0 0.0 0.8185 0.6666666666666666 0.893 0.893 0.66 0.3333333333333333 -0.0 0.66 0.3 1.0 0.899 -0.78 0.899 0.0 0.0 0.0 0.0 0.0 0.585 0.3333333333333333 0.585 0.0 0.585 0.3213333333333333 1.0 0.888 -0.63 0.888
