0.0 0.0 0.0 0.0 0.0 0.0 1.0 0.0 1.0 0.0 0.0 2.0 0.0 2.0 0.0 0.0 0.0 0.0 0.0 0.0 0.0 0.0 0.0 1.0 0.0 0.4976666666666667 0.7777777777777778 0.939 0.82 0.5199999999999999 0.2222222222222222 -0.0 0.02 0.23866666666666664 0.7777777777777778 0.961 -0.74 0.723 0.1874375 0.5925925925925926 0.979 -0.94 0.816 -0.076375 0.2962962962962963 0.049 -0.11 -0.1 0.29227999999999993 0.9259259259259259 0.959 -0.74 0.922
0.0 0.0 0.0 0.0 0.0 0.0 0.0 0.0 0.0 0.0 0.0 0.0 0.0 0.0 0.0 0.0 0.0 0.0 0.0 0.0 0.0 0.0 0.0 1.0 0.0 0.28358333333333335 0.8571428571428571 0.935 0.063 0.525 0.14285714285714285 -0.0 0.11 0.24754545454545454 0.7857142857142857 0.956 -0.22 -0.03 -0.027416666666666683 0.8571428571428571 0.239 -0.79 0.136 -0.30025 0.2857142857142857 0.049 -0.94 -0.09 0.3403333333333333 0.8571428571428571 0.935 0.0 0.246
0.0 0.0 0.0 0.0 0.0 1.0 0.0 0.0 0.0 0.0 0.0 0.0 0.0 3.0 0.0 0.0 0.0 0.0 0.0 0.0 0.0 0.0 0.0 1.0 0.0 0.3596896551724138 0.90625 0.935 0.054 0.5633333333333334 0.09375 -0.0 0.79 0.2160689655172414 0.90625 0.956 -0.71 -0.05 0.11235714285714285 0.875 0.993 -0.94 0.07 -0.02125 0.375 0.856 -0.23 -0.23 0.23782142857142863 0.875 0.935 -0.87 0.142
0.0 0.0 0.0 0.0 1.0 1.0 1.0 0.0 0.0 0.0 0.0 0.0 0.0 0.0 0.0 0.0 0.0 0.0 0.0 0.0 0.0 0.0 1.0 0.0 0.0 0.40125 0.5714285714285714 0.765 0.069 0.6066666666666666 0.42857142857142855 -0.0 0.82 -0.0887142857142857 1.0 0.725 -0.91 -0.69 -0.16319999999999998 0.7142857142857143 0.311 -0.74 0.092 0.4355 0.5714285714285714 0.883 0.0 0.883 -0.05614285714285715 1.0 0.898 -0.91 -0.91
0.0 0.0 0.0 0.0 0.0 1.0 1.0 0.0 1.0 0.0 0.0 2.0 0.0 2.0 0.0 0.0 0.0 0.0 0.0 0.0 0.0 1.0 0.0 0.0 0.0 0.496375 0.7619047619047619 0.864 0.766 0.786 0.23809523809523808 -0.0 0.93 -0.025411764705882363 0.8095238095238095 0.811 -0.96 0.7 -0.15184615384615385 0.6190476190476191 0.858 -0.94 -0.64 0.24562499999999998 0.38095238095238093 0.936 -0.81 -0.14 0.20074999999999998 0.9523809523809523 0.953 -0.98 0.953
0.0 0.0 0.0 0.0 0.0 2.0 0.0 0.0 0.0 0.0 0.0 1.0 0.0 1.0 0.0 0.0 0.0 0.0 0.0 0.0 0.0 0.0 1.0 0.0 0.0 0.4986363636363638 0.825 0.939 0.024 0.7242857142857142 0.175 -0.0 0.84 0.2527714285714285 0.875 0.956 -0.99 -0.04 -0.07626666666666668 0.75 0.979 -0.94 0.088 -0.06720000000000001 0.25 0.584 -0.78 0.013 0.282909090909091 0.825 0.935 -0.86 0.069
0.0 0.0 0.0 0.0 0.0 0.0 0.0 0.0 0.0 0.0 0.0 0.0 0.0 1.0 0.0 0.0 0.0 0.0 0.0 0.0 0.0 0.0 0.0 1.0 0.0 0.909 0.8 0.935 0.933 0.14 0.2 -0.0 0.14 0.6628000000000001 1.0 0.956 -0.44 0.922 0.12533333333333332 0.6 0.945 -0.88 0.945 0.049 0.2 0.049 0.0 0.049 0.53325 0.8 0.914 -0.39 0.914
0.0 0.0 0.0 0.0 0.0 0.0 1.0 0.0 1.0 0.0 0.0 1.0 0.0 1.0 0.0 0.0 0.0 0.0 0.0 0.0 0.0 1.0 0.0 0.0 0.0 0.561875 0.9411764705882353 0.943 0.876 0.14 0.058823529411764705 -0.0 0.14 0.3603571428571429 0.8235294117647058 0.975 -0.44 -0.44 -0.07762500000000003 0.9411764705882353 0.969 -0.99 0.969 -0.08014285714285714 0.4117647058823529 0.049 -0.13 0.049 0.5221333333333333 0.8823529411764706 0.961 -0.39 0.783
0.0 0.0 0.0 0.0 2.0 1.0 0.0 0.0 1.0 1.0 1.0 0.0 0.0 1.0 0.0 0.0 0.0 0.0 0.0 0.0 0.0 0.0 0.0 0.0 0.0 0.4127777777777777 0.782608695652174 0.935 0.05 0.7540000000000001 0.21739130434782608 -0.0 0.8 0.023849999999999955 0.8695652173913043 0.956 -0.99 0.03 -9.333333333333342E-4 0.6521739130434783 0.99 -0.94 0.657 0.0955833333333333 0.5217391304347826 0.893 -0.71 -0.28 0.20128571428571426 0.9130434782608695 0.914 -0.92 0.071
0.0 0.0 1.0 0.0 2.0 0.0 3.0 0.0 0.0 0.0 0.0 0.0 0.0 0.0 0.0 0.0 0.0 0.0 0.0 0.0 0.0 0.0 0.0 0.0 1.0 0.6072857142857143 0.9333333333333333 0.935 0.853 0.05 0.06666666666666667 -0.0 0.05 0.5455384615384615 0.8666666666666667 0.956 -0.06 -0.06 0.03149999999999999 0.8 0.857 -0.94 -0.02 -0.0642 0.3333333333333333 0.059 -0.3 0.02 0.5635714285714286 0.9333333333333333 0.998 -0.17 -0.17
0.0 0.0 0.0 0.0 0.0 0.0 3.0 0.0 1.0 0.0 0.0 0.0 0.0 0.0 0.0 0.0 0.0 0.0 0.0 0.0 0.0 0.0 0.0 1.0 0.0 0.3986666666666666 0.8 0.935 0.723 0.6111111111111112 0.2 -0.0 0.08 0.13945454545454544 0.7333333333333333 0.967 -0.85 -0.05 0.06814705882352941 0.7555555555555555 0.984 -0.85 0.745 0.1204736842105263 0.4222222222222222 0.97 -0.87 0.019 0.290675 0.8888888888888888 0.935 -0.95 0.701
0.0 0.0 1.0 1.0 0.0 2.0 2.0 0.0 3.0 1.0 0.0 0.0 0.0 0.0 0.0 0.0 0.0 0.0 0.0 0.0 0.0 1.0 0.0 0.0 0.0 0.5871515151515152 0.9166666666666666 0.97 0.951 0.48333333333333334 0.08333333333333333 -0.0 0.02 0.5201333333333333 0.8333333333333334 0.995 -0.85 0.73 0.15103703703703703 0.75 0.991 -0.95 0.951 0.11288888888888884 0.25 0.614 -0.11 -0.05 0.429851851851852 0.75 0.958 -0.74 0.198
0.0 0.0 0.0 0.0 0.0 0.0 1.0 0.0 0.0 0.0 0.0 0.0 0.0 0.0 0.0 0.0 0.0 0.0 0.0 0.0 0.0 1.0 0.0 0.0 0.0 0.5255454545454544 0.9166666666666666 0.935 0.903 0.05 0.08333333333333333 -0.0 0.05 0.5607272727272726 0.9166666666666666 0.97 -0.02 0.746 0.18477777777777776 0.75 0.97 -0.79 0.97 0.1518 0.4166666666666667 0.773 -0.09 0.773 0.6043999999999999 0.8333333333333334 0.994 0.0 0.994
0.0 0.0 0.0 0.0 0.0 0.0 3.0 0.0 0.0 0.0 0.0 0.0 0.0 1.0 0.0 0.0 0.0 0.0 0.0 0.0 0.0 1.0 0.0 0.0 0.0 0.3803599999999999 0.8928571428571429 0.935 0.076 0.7300000000000001 0.10714285714285714 -0.0 0.78 0.2517083333333333 0.8571428571428571 0.977 -0.78 0.076 0.043789473684210545 0.6785714285714286 0.892 -0.95 -0.65 0.093375 0.5714285714285714 0.82 -0.21 0.081 0.3513200000000001 0.8928571428571429 0.996 -0.76 0.184
0.0 0.0 0.0 0.0 0.0 0.0 2.0 0.0 0.0 0.0 0.0 0.0 0.0 0.0 0.0 0.0 0.0 0.0 0.0 0.0 0.0 1.0 0.0 0.0 0.0 0.8712000000000002 1.0 0.919 0.9 0.0 0.0 -0.0 -0.0 0.847 0.6 0.963 0.0 0.857 0.04300000000000001 0.8 0.904 -0.84 0.904 0.0 0.0 0.0 0.0 0.0 0.9312499999999999 0.8 0.948 0.0 0.896
0.0 0.0 0.0 0.0 1.0 0.0 0.0 0.0 0.0 0.0 0.0 0.0 0.0 2.0 0.0 0.0 0.0 0.0 0.0 0.0 0.0 0.0 0.0 0.0 1.0 0.5031666666666668 1.0 0.97 0.208 0.0 0.0 -0.0 -0.0 0.5015 0.6666666666666666 0.949 0.0 0.295 0.025833333333333344 1.0 0.991 -0.94 0.239 -0.060500000000000005 0.3333333333333333 0.049 -0.17 0.049 0.48020000000000007 0.8333333333333334 0.788 0.0 0.346
0.0 0.0 1.0 0.0 0.0 0.0 3.0 0.0 0.0 0.0 0.0 0.0 1.0 0.0 0.0 0.0 0.0 0.0 0.0 0.0 0.0 1.0 0.0 0.0 0.0 0.0 0.0 0.0 0.0 0.0 0.0 -0.0 -0.0 0.0 0.0 0.0 0.0 0.0 0.0 0.0 0.0 0.0 0.0 0.0 0.0 0.0 0.0 0.0 0.0 0.0 0.0 0.0 0.0
0.0 0.0 0.0 0.0 1.0 2.0 0.0 0.0 1.0 0.0 0.0 1.0 0.0 1.0 0.0 0.0 0.0 0.0 0.0 0.0 0.0 0.0 1.0 0.0 0.0 0.5830476190476191 0.7636363636363637 0.939 0.753 0.64 0.23636363636363636 -0.0 0.8 0.20169387755102053 0.8909090909090909 0.956 -0.99 -0.71 0.04232432432432432 0.6727272727272727 0.979 -0.79 -0.77 0.29399999999999993 0.38181818181818183 0.983 -0.25 0.983 0.30722916666666666 0.8727272727272727 0.935 -0.99 -0.72
0.0 0.0 0.0 0.0 0.0 1.0 0.0 0.0 0.0 0.0 0.0 0.0 0.0 0.0 0.0 0.0 0.0 0.0 0.0 0.0 0.0 0.0 1.0 0.0 0.0 0.3423333333333334 0.6666666666666666 0.943 0.065 0.7366666666666667 0.3333333333333333 -0.0 0.54 -0.04371428571428574 0.7777777777777778 0.705 -0.91 0.146 0.35725 0.4444444444444444 0.943 0.0 0.095 -0.061666666666666654 0.6666666666666666 0.561 -0.74 -0.04 0.015399999999999992 0.5555555555555556 0.851 -0.78 -0.51
0.0 1.0 1.0 0.0 0.0 0.0 2.0 0.0 0.0 0.0 1.0 0.0 0.0 0.0 0.0 0.0 0.0 0.0 0.0 0.0 1.0 0.0 0.0 0.0 0.0 0.7334999999999999 0.6666666666666666 0.935 0.886 0.7966666666666665 0.3333333333333333 -0.0 0.76 0.2932857142857143 0.7777777777777778 0.956 -0.8 0.023 0.32775 0.4444444444444444 0.99 -0.65 0.99 0.0 0.3333333333333333 0.83 -0.74 -0.74 0.26285714285714284 0.7777777777777778 0.914 -0.96 0.782
0.0 0.0 0.0 0.0 0.0 1.0 1.0 0.0 0.0 0.0 0.0 0.0 0.0 2.0 0.0 0.0 0.0 0.0 0.0 0.0 0.0 0.0 1.0 0.0 0.0 0.7865 0.4444444444444444 0.935 0.935 0.45200000000000007 0.5555555555555556 -0.0 0.93 0.011571428571428566 0.7777777777777778 0.956 -0.99 -0.99 -0.2926666666666667 0.6666666666666666 0.311 -0.94 0.311 -0.35050000000000003 0.4444444444444444 0.079 -0.93 -0.93 0.10355555555555558 1.0 0.914 -0.88 -0.88
0.0 0.0 0.0 0.0 1.0 0.0 0.0 0.0 1.0 0.0 0.0 0.0 0.0 1.0 0.0 0.0 0.0 0.0 0.0 0.0 0.0 0.0 0.0 0.0 1.0 0.49900000000000005 0.75 0.778 0.059 0.91 0.25 -0.0 0.91 -0.05666666666666669 0.75 0.705 -0.91 0.035 0.076 0.25 0.076 0.0 0.076 0.0 0.0 0.0 0.0 0.0 0.526 0.75 0.851 0.0 0.067
0.0 0.0 0.0 0.0 0.0 1.0 0.0 0.0 1.0 0.0 0.0 4.0 0.0 1.0 0.0 0.0 0.0 0.0 0.0 0.0 0.0 0.0 1.0 0.0 0.0 0.5224 0.6818181818181818 0.924 0.863 0.3914285714285714 0.3181818181818182 -0.0 0.03 0.2333846153846154 0.5909090909090909 0.957 -0.77 -0.77 -0.014470588235294117 0.7727272727272727 0.894 -0.94 -0.04 -0.028076923076923086 0.5909090909090909 0.816 -0.75 0.113 0.24874999999999997 0.9090909090909091 0.935 -0.97 0.863
0.0 1.0 0.0 0.0 0.0 0.0 0.0 0.0 0.0 0.0 1.0 0.0 0.0 0.0 0.0 0.0 0.0 0.0 0.0 0.0 1.0 0.0 0.0 0.0 0.0 0.07 0.5 0.07 0.07 0.75 0.5 -0.0 0.75 0.023 0.5 0.023 0.0 0.023 0.173 0.5 0.173 0.0 0.173 -0.42 1.0 0.0 -0.75 -0.75 -0.279 1.0 0.182 -0.74 -0.74
0.0 0.0 0.0 0.0 0.0 0.0 1.0 0.0 2.0 0.0 0.0 0.0 0.0 1.0 0.0 0.0 0.0 0.0 0.0 0.0 0.0 0.0 0.0 1.0 0.0 0.4725 0.9090909090909091 0.935 0.935 0.14 0.09090909090909091 -0.0 0.14 0.4132857142857143 0.6363636363636364 0.956 -0.44 0.956 -0.104 0.8181818181818182 0.747 -0.94 -0.88 -0.06275 0.36363636363636365 0.049 -0.13 -0.09 0.3948 0.9090909090909091 0.935 -0.39 0.914
0.0 0.0 0.0 0.0 1.0 1.0 1.0 0.0 0.0 0.0 0.0 4.0 0.0 1.0 0.0 0.0 0.0 0.0 0.0 0.0 0.0 0.0 1.0 0.0 0.0 0.3667499999999999 0.8 0.943 0.091 0.40800000000000003 0.2 -0.0 0.83 0.16289999999999996 0.8 0.956 -0.8 -0.71 0.11331249999999997 0.64 0.943 -0.79 0.163 -0.01125000000000001 0.48 0.615 -0.8 0.081 0.2178888888888889 0.72 0.96 -0.96 -0.96
0.0 0.0 0.0 0.0 0.0 0.0 0.0 0.0 0.0 0.0 0.0 2.0 0.0 1.0 0.0 0.0 0.0 0.0 0.0 0.0 0.0 0.0 0.0 1.0 0.0 0.6108333333333335 0.8571428571428571 0.935 0.053 0.66 0.14285714285714285 -0.0 0.66 0.43566666666666665 0.8571428571428571 0.956 -0.78 -0.04 0.369 0.42857142857142855 0.882 0.0 0.141 0.2475 0.2857142857142857 0.585 -0.09 -0.09 0.4006666666666667 0.8571428571428571 0.959 -0.63 0.21
0.0 0.0 0.0 0.0 0.0 0.0 0.0 0.0 0.0 0.0 0.0 0.0 0.0 0.0 0.0 0.0 0.0 0.0 0.0 0.0 0.0 0.0 0.0 0.0 0.0 0.785 0.5 0.785 0.785 0.14 0.5 -0.0 0.14 0.13599999999999998 1.0 0.712 -0.44 -0.44 0.311 0.5 0.311 0.0 0.311 0.049 0.5 0.049 0.0 0.049 0.23399999999999999 1.0 0.858 -0.39 -0.39
0.0 0.0 0.0 0.0 0.0 0.0 0.0 0.0 1.0 0.0 0.0 1.0 0.0 2.0 0.0 0.0 0.0 0.0 0.0 0.0 0.0 0.0 0.0 0.0 0.0 0.6381 0.8333333333333334 0.939 0.099 0.8200000000000001 0.16666666666666666 -0.0 0.91 0.2995294117647058 0.7083333333333334 0.956 -0.91 -0.91 0.05094117647058826 0.7083333333333334 0.99 -0.94 0.163 0.23437499999999994 0.3333333333333333 0.82 -0.21 0.82 0.5622631578947367 0.7916666666666666 0.986 -0.85 0.232
0.0 0.0 0.0 0.0 0.0 0.0 0.0 0.0 0.0 0.0 0.0 0.0 0.0 0.0 0.0 0.0 0.0 0.0 0.0 0.0 0.0 0.0 0.0 1.0 0.0 0.6365714285714287 0.7777777777777778 0.935 0.067 0.13999999999999999 0.2222222222222222 -0.0 0.04 0.424375 0.8888888888888888 0.956 -0.75 0.033 0.5396666666666666 0.6666666666666666 0.949 0.0 0.158 -0.12974999999999998 0.4444444444444444 0.011 -0.42 -0.06 0.3265 0.6666666666666666 0.914 -0.06 0.145
0.0 1.0 0.0 0.0 0.0 0.0 0.0 0.0 0.0 0.0 1.0 0.0 0.0 0.0 0.0 0.0 0.0 0.0 0.0 0.0 1.0 0.0 0.0 0.0 0.0 0.4335 0.5 0.785 0.082 0.91 0.5 -0.0 0.91 -0.24525000000000002 1.0 0.712 -0.91 -0.91 0.069 0.25 0.069 0.0 0.069 0.4575 0.5 0.886 0.0 0.886 0.022666666666666686 0.75 0.858 -0.95 -0.95
0.0 0.0 0.0 0.0 1.0 0.0 0.0 0.0 0.0 0.0 0.0 0.0 0.0 0.0 0.0 0.0 0.0 0.0 0.0 0.0 0.0 0.0 0.0 0.0 1.0 0.6447142857142857 0.875 0.939 0.08 0.91 0.125 -0.0 0.91 0.3308571428571429 0.875 0.956 -0.91 -0.03 -0.10379999999999998 0.625 0.979 -0.95 0.201 -0.04 0.125 0.0 -0.04 -0.04 0.6126666666666668 0.75 0.914 0.0 0.201
0.0 0.0 0.0 0.0 0.0 0.0 0.0 0.0 0.0 0.0 0.0 0.0 0.0 0.0 0.0 0.0 0.0 0.0 0.0 0.0 0.0 0.0 0.0 0.0 0.0 0.44818181818181824 0.6470588235294118 0.833 0.663 0.7616666666666667 0.35294117647058826 -0.0 0.74 0.010062499999999981 0.9411764705882353 0.92 -0.85 0.861 -0.18136363636363637 0.6470588235294118 0.636 -0.95 -0.52 0.43922222222222224 0.5294117647058824 0.99 -0.27 0.785 0.1578 0.8823529411764706 0.935 -0.87 0.598
0.0 0.0 0.0 0.0 0.0 0.0 0.0 0.0 0.0 0.0 0.0 3.0 0.0 1.0 0.0 0.0 0.0 0.0 0.0 0.0 0.0 0.0 0.0 1.0 0.0 0.46775000000000005 0.6153846153846154 0.939 0.043 0.514 0.38461538461538464 -0.0 0.66 0.152 0.8461538461538461 0.956 -0.87 -0.74 0.21055555555555555 0.6923076923076923 0.979 -0.72 0.112 0.1915555555555556 0.6923076923076923 0.991 -0.6 0.66 0.20318181818181816 0.8461538461538461 0.914 -0.72 -0.64
0.0 0.0 0.0 0.0 0.0 0.0 1.0 0.0 0.0 0.0 0.0 0.0 0.0 0.0 0.0 0.0 0.0 0.0 0.0 0.0 0.0 1.0 0.0 0.0 0.0 0.5223333333333334 0.8571428571428571 0.935 0.297 0.74 0.14285714285714285 -0.0 0.74 0.34057142857142864 1.0 0.956 -0.94 -0.94 0.491 0.5714285714285714 0.984 0.0 0.568 0.07400000000000001 0.5714285714285714 0.557 -0.22 0.557 0.3814285714285714 1.0 0.914 -0.71 -0.71
0.0 0.0 0.0 0.0 0.0 0.0 1.0 0.0 0.0 0.0 0.0 0.0 0.0 0.0 0.0 0.0 0.0 0.0 0.0 0.0 0.0 1.0 0.0 0.0 0.0 0.123 0.3333333333333333 0.123 0.123 0.72 0.6666666666666666 -0.0 0.66 -0.461 1.0 0.147 -0.78 -0.78 0.126 0.3333333333333333 0.126 0.0 0.126 0.4383333333333333 1.0 0.82 -0.09 0.585 -0.158 0.6666666666666666 0.314 -0.63 -0.63
0.0 0.0 1.0 0.0 0.0 0.0 2.0 0.0 0.0 1.0 0.0 0.0 0.0 0.0 0.0 0.0 0.0 0.0 0.0 0.0 0.0 1.0 0.0 0.0 0.0 0.653 0.7142857142857143 0.83 0.83 0.78 0.2857142857142857 -0.0 0.84 0.24983333333333332 0.8571428571428571 1.0 -0.99 1.0 -0.47450000000000003 0.5714285714285714 0.342 -0.8 -0.65 0.386 0.2857142857142857 0.882 -0.11 -0.11 0.21033333333333334 0.8571428571428571 0.935 -0.73 0.66
0.0 0.0 0.0 0.0 0.0 0.0 1.0 0.0 0.0 0.0 0.0 0.0 0.0 0.0 0.0 0.0 0.0 0.0 0.0 0.0 0.0 1.0 0.0 0.0 0.0 0.629 0.75 0.935 0.744 0.68 0.25 -0.0 0.68 0.3755 1.0 0.956 -0.53 -0.53 0.239 0.25 0.239 0.0 0.239 0.29600000000000004 0.5 0.543 0.0 0.543 0.244 1.0 0.914 -0.99 -0.99
0.0 0.0 0.0 0.0 0.0 0.0 1.0 0.0 0.0 0.0 0.0 0.0 0.0 0.0 0.0 0.0 0.0 0.0 0.0 0.0 0.0 1.0 0.0 0.0 0.0 0.734 1.0 0.744 0.724 0.0 0.0 -0.0 -0.0 0.7995 1.0 0.818 0.0 0.818 -0.69 0.5 0.0 -0.69 -0.69 0.0 0.0 0.0 0.0 0.0 0.6815 1.0 0.706 0.0 0.657
0.0 0.0 0.0 0.0 0.0 0.0 1.0 0.0 0.0 0.0 0.0 0.0 0.0 0.0 0.0 0.0 0.0 0.0 0.0 0.0 0.0 0.0 0.0 0.0 0.0 0.401625 0.8421052631578947 0.811 0.083 0.51 0.15789473684210525 -0.0 0.76 0.23066666666666666 0.7894736842105263 0.994 -0.77 -0.02 0.12485714285714287 0.7368421052631579 0.811 -0.66 0.141 -0.04285714285714286 0.3684210526315789 0.87 -0.75 -0.06 0.32639999999999997 0.7894736842105263 0.851 -0.74 0.285
0.0 0.0 0.0 0.0 0.0 1.0 1.0 0.0 0.0 1.0 0.0 0.0 0.0 0.0 0.0 0.0 0.0 0.0 0.0 0.0 0.0 0.0 1.0 0.0 0.0 0.5995 0.75 0.935 0.048 0.72 0.25 -0.0 0.78 0.014999999999999986 0.75 0.956 -0.78 -0.07 0.2602 0.625 0.99 -0.94 0.186 0.3087499999999999 0.5 0.82 -0.1 -0.1 0.4317142857142858 0.875 0.914 -0.63 0.181
0.0 0.0 0.0 0.0 0.0 0.0 0.0 0.0 0.0 0.0 0.0 0.0 0.0 0.0 0.0 0.0 0.0 0.0 0.0 0.0 0.0 0.0 0.0 1.0 0.0 0.6004500000000002 0.9523809523809523 0.939 0.091 0.03 0.047619047619047616 -0.0 0.03 0.5353157894736844 0.9047619047619048 0.956 -0.05 0.781 0.13673333333333335 0.7142857142857143 0.979 -0.91 0.152 -0.0482 0.23809523809523808 0.049 -0.09 -0.08 0.5669411764705883 0.8095238095238095 0.98 -0.03 0.208
0.0 0.0 0.0 0.0 0.0 0.0 0.0 0.0 0.0 0.0 0.0 0.0 0.0 0.0 0.0 0.0 0.0 0.0 0.0 0.0 0.0 0.0 0.0 0.0 0.0 0.5351481481481483 0.84375 0.943 0.8 0.626 0.15625 -0.0 0.65 0.3115862068965517 0.90625 0.956 -0.96 -0.93 0.3306818181818182 0.6875 0.979 -0.81 0.142 0.09706666666666665 0.46875 0.936 -0.18 0.096 0.19034782608695652 0.71875 0.914 -0.99 0.8
0.0 0.0 0.0 0.0 0.0 0.0 1.0 0.0 0.0 0.0 0.0 0.0 0.0 0.0 0.0 0.0 0.0 0.0 0.0 0.0 0.0 1.0 0.0 0.0 0.0 0.7789999999999999 1.0 0.847 0.746 0.0 0.0 -0.0 -0.0 0.7666666666666666 1.0 0.796 0.0 0.723 0.828 0.3333333333333333 0.828 0.0 0.828 0.0 0.0 0.0 0.0 0.0 0.797 1.0 0.916 0.0 0.769
0.0 0.0 0.0 0.0 0.0 0.0 0.0 0.0 0.0 0.0 0.0 0.0 0.0 0.0 0.0 0.0 0.0 0.0 0.0 0.0 0.0 0.0 0.0 1.0 0.0 0.8053333333333333 1.0 0.851 0.821 0.0 0.0 -0.0 -0.0 0.752 0.6666666666666666 0.781 0.0 0.781 0.82 0.3333333333333333 0.82 0.0 0.82 0.0 0.0 0.0 0.0 0.0 0.836 1.0 0.98 0.0 0.822
0.0 0.0 0.0 0.0 0.0 0.0 1.0 0.0 2.0 0.0 0.0 1.0 0.0 0.0 0.0 0.0 0.0 0.0 0.0 0.0 0.0 1.0 0.0 0.0 0.0 0.5466338028169015 0.8452380952380952 0.939 0.082 0.5776923076923077 0.15476190476190477 -0.0 0.65 0.3675384615384614 0.7738095238095238 0.99 -0.98 -0.86 0.02366129032258064 0.7380952380952381 0.984 -0.94 -0.08 0.16866666666666666 0.2857142857142857 0.87 -0.78 0.609 0.4035342465753425 0.8690476190476191 0.989 -0.83 -0.5
0.0 0.0 0.0 0.0 0.0 0.0 2.0 0.0 0.0 0.0 0.0 0.0 0.0 0.0 0.0 0.0 0.0 0.0 0.0 0.0 0.0 1.0 0.0 0.0 0.0 0.5741000000000002 0.8333333333333334 0.935 0.089 0.755 0.16666666666666666 -0.0 0.75 0.3643333333333333 0.75 0.956 -0.78 0.138 0.48928571428571427 0.5833333333333334 0.99 0.0 0.134 0.12800000000000003 0.4166666666666667 0.801 -0.09 -0.06 0.37749999999999995 1.0 0.958 -0.73 0.151
0.0 0.0 0.0 0.0 0.0 0.0 1.0 0.0 0.0 0.0 0.0 0.0 0.0 0.0 0.0 0.0 0.0 0.0 0.0 0.0 0.0 0.0 0.0 0.0 0.0 0.6655 0.75 0.857 0.068 0.72 0.25 -0.0 0.72 0.09116666666666672 0.75 0.905 -0.9 -0.9 0.2226 0.625 0.82 -0.65 0.82 0.278 0.25 0.278 0.0 0.278 0.278625 1.0 0.892 -0.99 -0.99
0.0 0.0 0.0 0.0 0.0 2.0 0.0 0.0 0.0 1.0 0.0 1.0 0.0 2.0 0.0 0.0 0.0 0.0 0.0 1.0 0.0 0.0 0.0 0.0 0.0 0.47411538461538466 0.7428571428571429 0.94 0.857 0.13 0.2571428571428571 -0.0 0.81 0.308 0.8857142857142857 0.982 -0.77 0.905 0.032615384615384616 0.7428571428571429 0.979 -0.94 0.773 0.033352941176470585 0.4857142857142857 0.816 -0.13 -0.09 0.33953333333333335 0.8571428571428571 0.959 -0.85 0.892
0.0 0.0 0.0 0.0 1.0 0.0 0.0 0.0 0.0 0.0 0.0 0.0 0.0 0.0 0.0 0.0 0.0 0.0 0.0 0.0 0.0 0.0 0.0 1.0 0.0 0.4126 1.0 0.853 0.112 0.0 0.0 -0.0 -0.0 0.4718 1.0 1.0 0.0 0.137 2.499999999999933E-4 0.8 0.461 -0.79 0.211 -0.14433333333333334 0.6 0.017 -0.34 -0.11 0.5552500000000001 0.8 0.907 0.0 0.212
0.0 0.0 0.0 0.0 0.0 0.0 1.0 0.0 1.0 0.0 0.0 0.0 0.0 0.0 0.0 0.0 0.0 0.0 0.0 0.0 0.0 0.0 0.0 0.0 0.0 0.6861111111111111 0.9473684210526315 0.94 0.817 0.72 0.05263157894736842 -0.0 0.72 0.6029333333333333 0.7894736842105263 0.979 -0.55 0.819 0.19235714285714284 0.7368421052631579 0.979 -0.94 0.638 0.0484 0.2631578947368421 0.882 -0.36 -0.36 0.5841333333333333 0.7894736842105263 0.946 -0.73 0.816
0.0 0.0 0.0 0.0 0.0 0.0 1.0 0.0 0.0 0.0 0.0 0.0 0.0 0.0 0.0 0.0 0.0 0.0 0.0 0.0 0.0 0.0 0.0 1.0 0.0 0.5835 0.8888888888888888 0.935 0.837 0.75 0.1111111111111111 -0.0 0.75 0.47487499999999994 0.8888888888888888 0.956 -0.83 0.885 0.36350000000000005 0.4444444444444444 0.902 0.0 0.145 0.14525000000000002 0.4444444444444444 0.546 -0.07 0.546 0.396 0.8888888888888888 0.958 -0.88 0.788
0.0 0.0 0.0 0.0 0.0 0.0 0.0 0.0 1.0 0.0 0.0 0.0 0.0 0.0 0.0 0.0 0.0 0.0 0.0 0.0 0.0 0.0 0.0 1.0 0.0 0.49621739130434783 0.8846153846153846 0.939 0.075 0.3466666666666667 0.11538461538461539 -0.0 0.08 0.3407600000000002 0.9615384615384616 0.956 -0.98 0.041 -0.008384615384615426 0.5 0.979 -0.88 0.979 0.010999999999999987 0.2692307692307692 0.737 -0.16 -0.11 0.4271428571428571 0.8076923076923077 0.96 -0.92 0.109
0.0 0.0 0.0 0.0 0.0 0.0 1.0 0.0 0.0 0.0 0.0 0.0 0.0 0.0 0.0 0.0 0.0 0.0 0.0 0.0 0.0 1.0 0.0 0.0 0.0 0.745 1.0 0.746 0.746 0.0 0.0 -0.0 -0.0 0.752 1.0 0.781 0.0 0.723 0.0 0.0 0.0 0.0 0.0 0.0 0.0 0.0 0.0 0.0 0.7375 1.0 0.769 0.0 0.769
0.0 0.0 0.0 0.0 0.0 0.0 0.0 0.0 0.0 0.0 0.0 0.0 0.0 0.0 0.0 0.0 0.0 0.0 0.0 0.0 0.0 0.0 0.0 1.0 0.0 0.546 1.0 0.926 0.887 0.0 0.0 -0.0 -0.0 0.45525 0.8 1.0 -0.1 0.961 0.52825 0.8 0.916 0.0 0.885 -0.095 0.4 0.0 -0.1 -0.09 0.5660000000000001 1.0 0.901 0.0 0.889
0.0 0.0 0.0 0.0 0.0 0.0 0.0 0.0 0.0 0.0 0.0 0.0 0.0 0.0 0.0 0.0 0.0 0.0 0.0 0.0 0.0 0.0 0.0 0.0 0.0 0.43725 0.8 0.83 0.064 0.74 0.2 -0.0 0.78 0.1767 1.0 1.0 -0.75 0.093 -0.1915 0.6 0.249 -0.88 -0.04 0.18583333333333332 0.6 0.82 -0.16 0.031 0.301375 0.8 0.935 -0.74 0.153
0.0 0.0 0.0 0.0 0.0 0.0 0.0 0.0 0.0 0.0 0.0 2.0 0.0 0.0 0.0 0.0 0.0 0.0 0.0 0.0 0.0 0.0 0.0 0.0 0.0 0.4034166666666667 0.6 0.935 0.051 0.42499999999999993 0.4 -0.0 0.07 0.062374999999999944 0.8 0.962 -0.87 -0.07 0.1947777777777778 0.45 0.816 -0.65 0.193 -0.03466666666666665 0.45 0.614 -0.8 0.009 0.12706249999999997 0.8 0.996 -0.86 -0.12
0.0 0.0 0.0 0.0 0.0 0.0 0.0 0.0 0.0 0.0 0.0 0.0 0.0 0.0 0.0 0.0 0.0 0.0 0.0 0.0 0.0 0.0 0.0 0.0 0.0 0.5636666666666666 1.0 0.886 0.886 0.0 0.0 -0.0 -0.0 0.781 0.3333333333333333 0.781 0.0 0.781 0.5255 0.6666666666666666 0.99 0.0 0.99 0.0 0.0 0.0 0.0 0.0 0.5163333333333333 1.0 0.782 0.0 0.782
0.0 0.0 0.0 0.0 0.0 0.0 1.0 0.0 0.0 0.0 0.0 0.0 0.0 0.0 0.0 0.0 0.0 0.0 0.0 0.0 0.0 1.0 0.0 0.0 0.0 0.7203333333333334 0.7741935483870968 0.943 0.943 0.45428571428571424 0.22580645161290322 -0.0 0.08 0.48995999999999995 0.8064516129032258 0.967 -0.83 0.819 -0.020400000000000022 0.6451612903225806 0.984 -0.88 0.943 0.12828571428571428 0.22580645161290322 0.828 -0.74 0.751 0.4981481481481482 0.8709677419354839 0.935 -0.78 0.816
0.0 0.0 1.0 0.0 0.0 0.0 2.0 0.0 0.0 0.0 0.0 2.0 0.0 0.0 0.0 0.0 0.0 0.0 0.0 0.0 0.0 0.0 0.0 0.0 0.0 0.6078333333333333 0.8571428571428571 0.935 0.764 0.78 0.14285714285714285 -0.0 0.78 0.42919999999999997 0.7142857142857143 0.956 -0.75 0.956 0.47024999999999995 0.5714285714285714 0.776 0.0 0.759 0.4345 0.2857142857142857 0.82 0.0 0.049 0.5964 0.7142857142857143 0.914 0.0 0.769
0.0 0.0 1.0 0.0 0.0 0.0 3.0 0.0 0.0 0.0 0.0 0.0 0.0 0.0 0.0 0.0 0.0 0.0 0.0 0.0 0.0 0.0 0.0 0.0 0.0 0.562875 1.0 0.922 0.091 0.0 0.0 -0.0 -0.0 0.4859999999999999 0.875 0.907 -0.1 0.17 0.5938 0.625 0.96 0.0 0.171 -0.032999999999999995 0.375 0.081 -0.1 0.081 0.5787142857142857 0.875 0.958 0.0 0.184
0.0 0.0 0.0 0.0 0.0 0.0 1.0 0.0 0.0 1.0 0.0 0.0 0.0 0.0 0.0 0.0 0.0 0.0 0.0 0.0 0.0 1.0 0.0 0.0 0.0 0.47925 0.8 0.857 0.258 0.66 0.2 -0.0 0.66 0.28125 0.8 0.905 -0.78 0.277 0.3473333333333333 0.6 0.773 0.0 0.161 0.307 0.4 0.585 0.0 0.029 0.2916 1.0 0.892 -0.63 0.337
0.0 0.0 0.0 0.0 0.0 0.0 1.0 0.0 0.0 0.0 0.0 0.0 0.0 0.0 0.0 0.0 0.0 0.0 0.0 0.0 0.0 0.0 0.0 1.0 0.0 0.5144 0.8333333333333334 0.886 0.048 0.78 0.16666666666666666 -0.0 0.78 0.1726 0.8333333333333334 0.922 -0.75 -0.07 0.52675 0.6666666666666666 0.99 0.0 0.186 0.21666666666666667 0.5 0.82 -0.1 -0.1 0.448 0.6666666666666666 0.782 0.0 0.181
0.0 0.0 0.0 0.0 0.0 0.0 0.0 0.0 0.0 0.0 0.0 1.0 0.0 0.0 0.0 0.0 0.0 0.0 0.0 0.0 0.0 0.0 0.0 1.0 0.0 0.4727037037037038 0.9310344827586207 0.939 0.022 0.845 0.06896551724137931 -0.0 0.85 0.3591249999999999 0.8275862068965517 0.956 -0.61 -0.07 0.23996000000000003 0.8620689655172413 0.979 -0.92 0.137 -0.04109090909090909 0.3793103448275862 0.981 -0.89 -0.06 0.40696153846153843 0.896551724137931 0.935 -0.98 0.095
0.0 0.0 0.0 0.0 0.0 0.0 1.0 0.0 0.0 0.0 0.0 0.0 0.0 0.0 0.0 0.0 0.0 0.0 0.0 0.0 0.0 1.0 0.0 0.0 0.0 0.5092 0.8333333333333334 0.911 0.074 0.78 0.16666666666666666 -0.0 0.78 0.2688333333333333 1.0 0.865 -0.75 0.057 -0.3845 0.3333333333333333 0.141 -0.91 0.141 0.2803333333333333 0.5 0.82 -0.06 -0.06 0.5508 0.8333333333333334 0.958 0.0 0.162
0.0 0.0 1.0 0.0 2.0 0.0 2.0 0.0 2.0 0.0 0.0 0.0 0.0 1.0 0.0 0.0 0.0 0.0 0.0 0.0 0.0 0.0 0.0 0.0 0.0 0.495235294117647 0.9714285714285714 0.935 0.748 0.66 0.02857142857142857 -0.0 0.66 0.40487500000000004 0.6857142857142857 0.995 -0.78 0.561 0.02562068965517244 0.8285714285714286 0.853 -0.94 -0.79 8.749999999999938E-4 0.22857142857142856 0.585 -0.16 -0.12 0.5449999999999999 0.8571428571428571 0.944 -0.63 0.89
0.0 0.0 0.0 0.0 0.0 0.0 1.0 0.0 0.0 0.0 0.0 0.0 0.0 0.0 0.0 0.0 0.0 0.0 0.0 0.0 0.0 0.0 0.0 0.0 0.0 0.27525 1.0 0.744 0.065 0.0 0.0 -0.0 -0.0 0.2585 1.0 0.781 -0.11 0.068 0.21866666666666668 0.75 0.283 0.0 0.134 -0.056999999999999995 0.75 0.049 -0.16 -0.06 0.376 1.0 0.706 0.0 0.121
0.0 0.0 0.0 0.0 0.0 0.0 1.0 0.0 0.0 0.0 0.0 0.0 0.0 0.0 0.0 0.0 0.0 0.0 0.0 0.0 0.0 1.0 0.0 0.0 0.0 0.0 0.0 0.0 0.0 0.93 1.0 -0.0 0.93 -0.87 1.0 0.0 -0.87 -0.87 0.0 0.0 0.0 0.0 0.0 0.936 1.0 0.936 0.0 0.936 -0.98 1.0 0.0 -0.98 -0.98
0.0 0.0 0.0 0.0 0.0 0.0 0.0 0.0 0.0 0.0 0.0 1.0 0.0 1.0 0.0 0.0 0.0 0.0 0.0 0.0 0.0 0.0 0.0 1.0 0.0 0.62785 0.8333333333333334 0.964 0.057 0.5800000000000001 0.16666666666666666 -0.0 0.76 0.35775 0.8333333333333334 0.956 -0.8 -0.09 0.2757857142857143 0.5833333333333334 0.979 -0.79 0.22 0.31483333333333335 0.25 0.783 -0.18 -0.18 0.3658421052631579 0.7916666666666666 0.998 -0.97 0.286
0.0 0.0 0.0 0.0 0.0 1.0 0.0 0.0 0.0 0.0 0.0 0.0 0.0 1.0 0.0 0.0 0.0 0.0 0.0 0.0 0.0 0.0 0.0 1.0 0.0 0.8045833333333333 0.75 0.935 0.766 0.7649999999999999 0.25 -0.0 0.7 0.34778571428571425 0.875 0.956 -0.84 0.719 0.023399999999999956 0.625 0.872 -0.88 0.812 -0.01200000000000001 0.25 0.898 -0.84 0.614 0.6768888888888888 0.5625 0.96 -0.74 -0.74
0.0 0.0 0.0 0.0 0.0 0.0 1.0 0.0 1.0 1.0 0.0 0.0 0.0 0.0 0.0 0.0 0.0 0.0 0.0 1.0 0.0 0.0 0.0 0.0 0.0 0.4061363636363636 0.8627450980392157 0.939 0.675 0.8342857142857143 0.13725490196078433 -0.0 0.85 0.19769047619047622 0.8235294117647058 0.967 -0.89 0.686 0.19315789473684208 0.7450980392156863 0.979 -0.79 0.526 -0.022782608695652174 0.45098039215686275 0.856 -0.94 -0.94 0.2518666666666667 0.8823529411764706 0.935 -0.86 0.812
0.0 0.0 0.0 0.0 0.0 0.0 0.0 0.0 0.0 0.0 0.0 1.0 0.0 0.0 0.0 0.0 0.0 0.0 0.0 0.0 0.0 0.0 0.0 0.0 0.0 0.6431764705882352 0.8947368421052632 0.939 0.316 0.405 0.10526315789473684 -0.0 0.79 0.5524117647058823 0.8947368421052632 0.956 -0.75 -0.75 0.2780714285714286 0.7368421052631579 0.979 -0.87 0.534 0.076 0.3157894736842105 0.847 -0.21 0.847 0.4489166666666667 0.631578947368421 0.953 -0.78 -0.78
0.0 0.0 0.0 0.0 0.0 0.0 1.0 0.0 0.0 1.0 0.0 0.0 0.0 0.0 0.0 0.0 0.0 0.0 0.0 0.0 0.0 0.0 0.0 1.0 0.0 0.5805 1.0 0.933 0.933 0.0 0.0 -0.0 -0.0 0.60175 1.0 0.972 0.0 0.972 0.2226666666666667 0.75 0.902 -0.88 0.239 -0.010666666666666672 0.375 0.059 -0.14 0.049 0.5375 0.75 0.894 0.0 0.894
0.0 0.0 0.0 0.0 0.0 0.0 0.0 0.0 0.0 0.0 0.0 0.0 0.0 0.0 0.0 0.0 0.0 0.0 0.0 0.0 0.0 0.0 0.0 1.0 0.0 0.493 0.8461538461538461 0.943 0.681 0.52 0.15384615384615385 -0.0 0.14 0.38511111111111107 0.6923076923076923 0.95 -0.18 0.693 0.19979999999999998 0.7692307692307693 0.968 -0.86 -0.52 -0.1825 0.46153846153846156 0.049 -0.92 0.036 0.2686666666666666 0.6923076923076923 0.82 -0.88 0.82
0.0 0.0 0.0 0.0 0.0 0.0 1.0 0.0 0.0 1.0 0.0 0.0 0.0 0.0 0.0 0.0 0.0 0.0 0.0 0.0 0.0 0.0 0.0 0.0 0.0 0.0 0.0 0.0 0.0 0.28 1.0 -0.0 0.28 -0.08 1.0 0.0 -0.08 -0.08 0.202 1.0 0.202 0.0 0.202 0.615 1.0 0.615 0.0 0.615 -0.62 1.0 0.0 -0.62 -0.62
0.0 0.0 0.0 0.0 0.0 0.0 0.0 0.0 0.0 0.0 0.0 0.0 0.0 1.0 0.0 0.0 0.0 0.0 0.0 0.0 0.0 0.0 0.0 1.0 0.0 0.6351249999999999 0.8888888888888888 0.849 0.843 0.78 0.1111111111111111 -0.0 0.78 0.2992 0.5555555555555556 0.922 -0.75 0.633 0.15642857142857142 0.7777777777777778 0.82 -0.94 0.812 0.31999999999999995 0.2222222222222222 0.82 -0.18 -0.18 0.7178333333333334 0.6666666666666666 0.935 0.0 0.873
0.0 0.0 1.0 0.0 1.0 0.0 2.0 0.0 0.0 0.0 0.0 0.0 0.0 0.0 0.0 0.0 0.0 0.0 0.0 0.0 0.0 0.0 0.0 0.0 1.0 0.5473333333333333 0.75 0.779 0.779 0.71 0.25 -0.0 0.71 0.18950000000000003 1.0 0.784 -0.7 0.784 0.6036666666666667 0.75 0.764 0.0 0.764 -0.44 0.5 0.0 -0.72 -0.72 0.637 0.75 0.79 0.0 0.79
0.0 0.0 0.0 0.0 0.0 0.0 0.0 0.0 0.0 0.0 0.0 0.0 0.0 0.0 0.0 0.0 0.0 0.0 0.0 0.0 0.0 0.0 0.0 1.0 0.0 0.83 0.3333333333333333 0.83 0.83 0.815 0.6666666666666666 -0.0 0.89 -0.2233333333333333 1.0 1.0 -0.85 1.0 0.0 0.0 0.0 0.0 0.0 0.7869999999999999 0.6666666666666666 0.99 0.0 0.99 -0.3333333333333333 1.0 0.66 -0.87 0.66
0.0 0.0 0.0 0.0 0.0 0.0 0.0 0.0 1.0 0.0 0.0 2.0 0.0 2.0 0.0 0.0 0.0 0.0 0.0 0.0 0.0 0.0 0.0 1.0 0.0 0.6321785714285715 0.717948717948718 0.939 0.17 0.6154545454545454 0.28205128205128205 -0.0 0.77 0.2469032258064516 0.7948717948717948 0.956 -0.99 -0.98 -0.12782608695652173 0.5897435897435898 0.979 -0.94 -0.94 0.008066666666666673 0.38461538461538464 0.937 -0.96 0.383 0.2661944444444446 0.9230769230769231 0.98 -0.93 -0.93
0.0 0.0 0.0 0.0 0.0 0.0 0.0 0.0 0.0 1.0 0.0 1.0 0.0 0.0 0.0 0.0 0.0 0.0 0.0 1.0 0.0 0.0 0.0 0.0 0.0 0.5814857142857142 0.813953488372093 0.939 0.784 0.5012500000000001 0.18604651162790697 -0.0 0.08 0.4070277777777778 0.8372093023255814 0.967 -0.89 0.889 -0.0793 0.6976744186046512 0.979 -0.95 -0.9 -0.12687500000000002 0.37209302325581395 0.9 -0.99 0.039 0.3629189189189189 0.8604651162790697 0.935 -0.95 0.559
0.0 0.0 0.0 0.0 0.0 0.0 1.0 0.0 0.0 0.0 0.0 0.0 0.0 0.0 0.0 0.0 0.0 0.0 0.0 0.0 0.0 1.0 0.0 0.0 0.0 0.745 1.0 0.746 0.746 0.0 0.0 -0.0 -0.0 0.752 1.0 0.781 0.0 0.723 0.0 0.0 0.0 0.0 0.0 0.0 0.0 0.0 0.0 0.0 0.7375 1.0 0.769 0.0 0.769
0.0 0.0 0.0 0.0 0.0 0.0 1.0 0.0 0.0 1.0 0.0 0.0 0.0 0.0 0.0 0.0 0.0 0.0 0.0 1.0 0.0 0.0 0.0 0.0 0.0 0.7006666666666668 0.8571428571428571 0.886 0.884 0.78 0.14285714285714285 -0.0 0.78 0.39825000000000005 0.5714285714285714 0.929 -0.75 0.929 0.3922 0.7142857142857143 0.99 -0.79 0.861 0.82 0.14285714285714285 0.82 0.0 0.82 0.8214 0.7142857142857143 0.935 0.0 0.862
0.0 0.0 0.0 0.0 0.0 0.0 1.0 0.0 0.0 1.0 0.0 0.0 0.0 0.0 0.0 0.0 0.0 0.0 0.0 1.0 0.0 0.0 0.0 0.0 0.0 0.5796666666666667 0.75 0.883 0.821 0.715 0.25 -0.0 0.74 0.15771428571428572 0.875 0.931 -0.94 -0.94 0.6875 0.5 0.984 0.0 0.82 0.45366666666666666 0.375 0.723 0.0 0.557 0.17371428571428568 0.875 0.838 -0.74 -0.71
0.0 0.0 0.0 0.0 0.0 0.0 1.0 0.0 0.0 0.0 0.0 0.0 0.0 0.0 0.0 0.0 0.0 0.0 0.0 0.0 0.0 1.0 0.0 0.0 0.0 0.413 1.0 0.744 0.082 0.0 0.0 -0.0 -0.0 0.781 0.5 0.781 0.0 0.781 0.0 0.0 0.0 0.0 0.0 0.0 0.0 0.0 0.0 0.0 0.39399999999999996 1.0 0.706 0.0 0.082
0.0 0.0 0.0 0.0 0.0 0.0 1.0 0.0 0.0 0.0 0.0 0.0 0.0 0.0 0.0 0.0 0.0 0.0 0.0 0.0 0.0 1.0 0.0 0.0 0.0 0.496 0.8571428571428571 0.939 0.857 0.05 0.14285714285714285 -0.0 0.05 0.4015714285714286 1.0 0.905 -0.06 -0.06 0.445 1.0 0.979 -0.02 -0.02 -0.045 0.2857142857142857 0.02 -0.11 0.02 0.2318 0.7142857142857143 0.892 -0.17 -0.17
0.0 0.0 0.0 0.0 0.0 0.0 2.0 0.0 0.0 0.0 0.0 0.0 0.0 0.0 0.0 0.0 0.0 0.0 0.0 0.0 0.0 1.0 0.0 0.0 0.0 0.5011666666666666 1.0 0.935 0.166 0.0 0.0 -0.0 -0.0 0.61 0.8333333333333334 0.956 0.0 0.295 0.20466666666666666 0.5 0.239 0.0 0.136 0.049 0.3333333333333333 0.049 0.0 0.049 0.5461666666666668 1.0 0.914 0.0 0.196
0.0 0.0 0.0 0.0 0.0 0.0 1.0 0.0 0.0 1.0 0.0 2.0 0.0 2.0 0.0 0.0 0.0 0.0 0.0 0.0 0.0 1.0 0.0 0.0 0.0 0.4739268292682926 0.8913043478260869 0.939 0.833 0.6679999999999999 0.10869565217391304 -0.0 0.78 0.32856097560975617 0.8913043478260869 0.967 -0.8 0.799 -0.11908571428571431 0.7608695652173914 0.979 -0.95 0.753 -0.044000000000000004 0.391304347826087 0.82 -0.8 -0.09 0.375075 0.8695652173913043 0.946 -0.96 0.946
0.0 0.0 0.0 0.0 0.0 1.0 0.0 0.0 1.0 1.0 0.0 0.0 0.0 1.0 0.0 0.0 0.0 0.0 0.0 1.0 0.0 0.0 0.0 0.0 0.0 0.65778125 0.8421052631578947 0.939 0.891 0.4033333333333333 0.15789473684210525 -0.0 0.8 0.5001212121212122 0.868421052631579 0.967 -1.0 0.809 -0.018296296296296314 0.7105263157894737 0.979 -0.79 0.974 0.19249999999999998 0.2631578947368421 0.831 -0.08 0.831 0.4859354838709677 0.8157894736842105 0.959 -0.87 0.816
0.0 0.0 0.0 0.0 0.0 0.0 1.0 0.0 0.0 0.0 0.0 0.0 0.0 0.0 0.0 0.0 0.0 0.0 0.0 0.0 0.0 1.0 0.0 0.0 0.0 0.847 1.0 0.911 0.911 0.0 0.0 -0.0 -0.0 0.823 0.6666666666666666 0.865 0.0 0.865 0.99 0.3333333333333333 0.99 0.0 0.99 0.0 0.0 0.0 0.0 0.0 0.8153333333333332 1.0 0.958 0.0 0.958
0.0 0.0 0.0 0.0 0.0 0.0 1.0 0.0 0.0 0.0 0.0 0.0 0.0 0.0 0.0 0.0 0.0 0.0 0.0 0.0 0.0 1.0 0.0 0.0 0.0 0.7919999999999999 1.0 0.886 0.746 0.0 0.0 -0.0 -0.0 0.752 0.6666666666666666 0.781 0.0 0.723 0.99 0.3333333333333333 0.99 0.0 0.99 0.0 0.0 0.0 0.0 0.0 0.7523333333333334 1.0 0.782 0.0 0.769
0.0 0.0 0.0 0.0 0.0 0.0 1.0 0.0 0.0 0.0 0.0 0.0 0.0 0.0 0.0 0.0 0.0 0.0 0.0 0.0 0.0 1.0 0.0 0.0 0.0 0.4118888888888889 0.8181818181818182 0.939 0.067 0.42500000000000004 0.18181818181818182 -0.0 0.81 0.30975 0.7272727272727273 0.899 -0.84 0.055 0.36566666666666664 0.8181818181818182 0.979 -0.04 0.11 0.1183333333333333 0.5454545454545454 0.689 -0.05 -0.05 0.11655555555555552 0.8181818181818182 0.841 -0.9 0.149
0.0 0.0 0.0 0.0 0.0 0.0 1.0 0.0 0.0 0.0 0.0 0.0 0.0 1.0 0.0 0.0 0.0 0.0 0.0 0.0 0.0 1.0 0.0 0.0 0.0 0.585125 0.8 0.939 0.939 0.825 0.2 -0.0 0.81 0.22233333333333338 0.9 0.905 -0.99 -0.84 0.32157142857142856 0.7 0.979 -0.94 0.979 0.20266666666666666 0.3 0.689 -0.13 0.689 0.19075000000000003 0.8 0.892 -0.9 -0.9
0.0 0.0 0.0 0.0 0.0 0.0 1.0 0.0 0.0 0.0 0.0 0.0 0.0 0.0 0.0 0.0 0.0 0.0 0.0 0.0 0.0 1.0 0.0 0.0 0.0 0.60025 1.0 0.857 0.857 0.0 0.0 -0.0 -0.0 0.5680000000000001 1.0 0.905 -0.04 0.905 0.08800000000000001 0.75 0.773 -0.65 0.773 -0.09 0.25 0.0 -0.09 -0.09 0.68525 1.0 0.892 0.0 0.892
0.0 0.0 0.0 0.0 0.0 0.0 0.0 0.0 0.0 0.0 0.0 0.0 0.0 0.0 0.0 0.0 0.0 0.0 0.0 0.0 0.0 0.0 0.0 1.0 0.0 0.633375 0.8888888888888888 0.917 0.917 0.65 0.1111111111111111 -0.0 0.65 0.258 0.5555555555555556 0.781 -0.86 -0.86 0.40939999999999993 0.5555555555555556 0.99 -0.79 0.917 0.609 0.1111111111111111 0.609 0.0 0.609 0.46087500000000003 0.8888888888888888 0.935 -0.5 -0.5
0.0 0.0 0.0 0.0 0.0 0.0 2.0 0.0 1.0 0.0 0.0 1.0 0.0 2.0 0.0 0.0 0.0 0.0 0.0 0.0 0.0 1.0 0.0 0.0 0.0 0.4775365853658536 0.9318181818181818 0.959 0.959 0.66 0.06818181818181818 -0.0 0.65 0.4004117647058824 0.7727272727272727 0.967 -0.86 0.934 -0.06985714285714288 0.7954545454545454 0.983 -0.94 0.983 0.08825 0.2727272727272727 0.614 -0.23 0.609 0.40461538461538465 0.8863636363636364 0.935 -0.8 0.816
0.0 0.0 0.0 0.0 0.0 0.0 0.0 0.0 0.0 0.0 0.0 0.0 0.0 0.0 0.0 0.0 0.0 0.0 0.0 0.0 0.0 0.0 0.0 1.0 0.0 0.5975624999999999 0.8888888888888888 0.939 0.796 0.435 0.1111111111111111 -0.0 0.84 0.4810666666666667 0.8333333333333334 0.956 -0.85 0.717 -0.07 0.6111111111111112 0.991 -0.99 0.11 0.7921666666666667 0.3333333333333333 4.0 -0.12 -0.12 0.5715333333333333 0.8333333333333334 0.921 -0.03 0.875
0.0 0.0 0.0 0.0 0.0 0.0 1.0 0.0 0.0 0.0 0.0 0.0 0.0 0.0 0.0 0.0 0.0 0.0 0.0 0.0 0.0 0.0 0.0 0.0 0.0 0.5980769230769231 0.7222222222222222 0.935 0.884 0.194 0.2777777777777778 -0.0 0.04 0.2663076923076923 0.7222222222222222 0.956 -0.61 0.929 0.357 0.6111111111111112 0.99 -0.81 0.861 0.11957142857142856 0.3888888888888889 0.856 -0.11 0.026 0.4441428571428571 0.7777777777777778 0.914 -0.82 0.862
0.0 0.0 0.0 0.0 0.0 0.0 2.0 0.0 0.0 0.0 0.0 1.0 0.0 0.0 0.0 0.0 0.0 0.0 0.0 0.0 0.0 1.0 0.0 0.0 0.0 0.51775 0.7058823529411765 0.947 0.262 0.6260000000000001 0.29411764705882354 -0.0 0.77 0.263 0.8823529411764706 1.0 -0.85 0.43 0.40540000000000004 0.5882352941176471 0.924 -0.01 0.657 -0.06900000000000002 0.5294117647058824 0.816 -0.8 -0.28 0.2247857142857143 0.8235294117647058 0.914 -0.85 0.244
0.0 0.0 0.0 0.0 0.0 0.0 0.0 0.0 0.0 0.0 0.0 6.0 0.0 0.0 0.0 0.0 0.0 0.0 0.0 0.0 0.0 0.0 0.0 1.0 0.0 0.37568749999999995 0.8 0.939 0.129 0.5724999999999999 0.2 -0.0 0.07 0.13349999999999998 0.8 0.899 -0.85 -0.07 0.08606666666666665 0.75 0.986 -0.79 0.276 0.14391666666666664 0.6 0.82 -0.21 0.009 0.2609444444444445 0.9 0.935 -0.79 -0.12
0.0 0.0 0.0 0.0 0.0 0.0 0.0 0.0 0.0 0.0 0.0 1.0 0.0 1.0 0.0 0.0 0.0 0.0 0.0 0.0 0.0 0.0 0.0 0.0 0.0 0.5231250000000001 0.8888888888888888 0.939 0.258 0.82 0.1111111111111111 -0.0 0.82 0.552 0.6666666666666666 0.956 0.0 0.277 0.1615 0.6666666666666666 0.979 -0.94 0.161 -0.2255 0.4444444444444444 0.049 -0.81 0.029 0.3405 0.8888888888888888 0.914 -0.82 0.337
0.0 0.0 0.0 0.0 0.0 0.0 0.0 0.0 0.0 0.0 0.0 0.0 0.0 0.0 0.0 0.0 0.0 0.0 0.0 0.0 0.0 0.0 0.0 0.0 0.0 0.6136000000000001 1.0 0.806 0.806 0.0 0.0 -0.0 -0.0 0.7272500000000001 0.8 0.781 0.0 0.721 0.10499999999999998 0.6 0.892 -0.65 0.892 -0.05 0.2 0.0 -0.05 -0.05 0.603 0.8 0.851 0.0 0.067
0.0 0.0 0.0 0.0 0.0 0.0 1.0 0.0 0.0 0.0 0.0 2.0 0.0 0.0 0.0 0.0 0.0 0.0 0.0 0.0 0.0 1.0 0.0 0.0 0.0 0.7215238095238096 0.875 0.935 0.817 0.7533333333333333 0.125 -0.0 0.76 0.5286818181818181 0.9166666666666666 0.967 -0.89 0.819 -0.15037499999999998 0.6666666666666666 0.795 -0.94 0.701 0.386 0.20833333333333334 0.856 -0.2 0.856 0.5236521739130435 0.9583333333333334 0.935 -0.82 0.816
0.0 0.0 0.0 0.0 0.0 0.0 0.0 0.0 0.0 0.0 0.0 0.0 0.0 1.0 0.0 0.0 0.0 0.0 0.0 0.0 0.0 0.0 0.0 1.0 0.0 0.37716666666666676 0.9473684210526315 0.939 0.258 0.07 0.05263157894736842 -0.0 0.07 0.364625 0.8421052631578947 0.956 -0.07 0.277 0.06056249999999999 0.8421052631578947 0.979 -0.9 0.161 -0.019000000000000006 0.3684210526315789 0.049 -0.09 0.039 0.3888461538461539 0.6842105263157895 0.935 0.0 0.337
0.0 0.0 0.0 0.0 0.0 0.0 0.0 0.0 0.0 0.0 0.0 2.0 0.0 0.0 0.0 0.0 0.0 0.0 0.0 0.0 0.0 0.0 0.0 1.0 0.0 0.5021818181818182 0.9705882352941176 0.935 0.122 0.66 0.029411764705882353 -0.0 0.66 0.4886249999999999 0.7058823529411765 0.961 -0.78 0.815 0.23410344827586205 0.8529411764705882 0.972 -0.95 0.263 -0.004111111111111105 0.2647058823529412 0.585 -0.21 -0.21 0.4588620689655173 0.8529411764705882 0.959 -0.63 0.319
0.0 0.0 0.0 0.0 0.0 0.0 0.0 0.0 1.0 0.0 0.0 1.0 0.0 2.0 0.0 0.0 0.0 0.0 0.0 0.0 0.0 0.0 0.0 1.0 0.0 0.5655833333333332 0.8888888888888888 0.943 0.116 0.3 0.1111111111111111 -0.0 0.04 0.47372727272727266 0.8148148148148148 0.956 -0.07 -0.06 0.029611111111111126 0.6666666666666666 0.998 -0.94 0.126 0.011250000000000003 0.2962962962962963 0.773 -0.23 0.026 0.4795652173913043 0.8518518518518519 0.969 -0.88 0.11
0.0 0.0 0.0 0.0 0.0 2.0 1.0 0.0 0.0 0.0 0.0 0.0 0.0 1.0 0.0 0.0 0.0 0.0 0.0 0.0 0.0 0.0 0.0 0.0 0.0 0.44593548387096776 0.8157894736842105 0.935 0.805 0.7842857142857144 0.18421052631578946 -0.0 0.87 0.16772413793103444 0.7631578947368421 1.0 -0.91 -0.91 0.08712 0.6578947368421053 0.894 -0.94 0.819 -0.11979999999999999 0.39473684210526316 0.801 -0.74 -0.72 0.30870588235294116 0.8947368421052632 0.935 -0.99 0.792
0.0 0.0 0.0 0.0 0.0 0.0 1.0 0.0 0.0 0.0 0.0 0.0 0.0 0.0 0.0 0.0 0.0 0.0 0.0 0.0 0.0 1.0 0.0 0.0 0.0 0.6159999999999999 1.0 0.892 0.8 0.0 0.0 -0.0 -0.0 0.49779999999999996 0.7142857142857143 0.967 -0.04 0.825 0.4261428571428571 1.0 0.99 -0.85 0.775 -0.2 0.14285714285714285 0.0 -0.2 -0.2 0.521 0.7142857142857143 0.782 0.0 0.615
0.0 0.0 0.0 0.0 0.0 1.0 1.0 0.0 5.0 0.0 0.0 0.0 0.0 1.0 0.0 0.0 0.0 0.0 0.0 0.0 0.0 1.0 0.0 0.0 0.0 0.5142790697674419 0.7962962962962963 0.939 0.819 0.5909090909090909 0.2037037037037037 -0.0 0.89 0.24610000000000004 0.9259259259259259 0.956 -0.95 0.777 -0.00441666666666668 0.6666666666666666 0.979 -0.88 -0.88 -0.012565217391304373 0.42592592592592593 0.816 -0.8 -0.28 0.2849130434782609 0.8518518518518519 0.935 -0.98 0.79
0.0 0.0 0.0 0.0 0.0 0.0 1.0 0.0 0.0 0.0 0.0 2.0 0.0 0.0 0.0 0.0 0.0 0.0 0.0 0.0 0.0 1.0 0.0 0.0 0.0 0.4603333333333333 0.8571428571428571 0.935 0.157 0.93 0.14285714285714285 -0.0 0.93 0.26385714285714285 1.0 0.956 -0.87 -0.87 0.47050000000000003 0.5714285714285714 0.752 0.0 0.191 0.2823333333333334 0.42857142857142855 0.936 -0.11 0.936 0.07139999999999999 0.7142857142857143 0.914 -0.98 -0.98
0.0 0.0 0.0 0.0 0.0 0.0 1.0 0.0 2.0 0.0 0.0 0.0 0.0 1.0 0.0 0.0 0.0 0.0 0.0 0.0 0.0 0.0 0.0 0.0 0.0 0.5665000000000001 0.8 0.952 0.952 0.5714285714285714 0.2 -0.0 0.74 0.373 0.9142857142857143 0.986 -0.99 0.95 -0.1188421052631579 0.5428571428571428 0.953 -0.88 0.953 0.09599999999999999 0.37142857142857144 0.828 -0.74 0.028 0.3910645161290322 0.8857142857142857 0.958 -0.91 0.15
0.0 0.0 0.0 0.0 0.0 2.0 1.0 0.0 1.0 0.0 0.0 0.0 0.0 1.0 0.0 0.0 0.0 0.0 0.0 0.0 0.0 0.0 0.0 0.0 0.0 0.49455555555555564 0.8571428571428571 0.964 0.964 0.66 0.14285714285714285 -0.0 0.66 0.22376470588235295 0.8095238095238095 0.962 -0.78 0.962 0.06330769230769231 0.6190476190476191 0.967 -0.94 0.967 0.20916666666666664 0.2857142857142857 0.585 -0.23 -0.13 0.31882352941176473 0.8095238095238095 0.958 -0.63 0.203
0.0 0.0 0.0 0.0 0.0 0.0 1.0 0.0 0.0 0.0 0.0 0.0 0.0 1.0 0.0 0.0 0.0 0.0 0.0 0.0 0.0 0.0 0.0 0.0 0.0 0.5492121212121213 0.9705882352941176 0.939 0.875 0.02 0.029411764705882353 -0.0 0.02 0.48124137931034466 0.8529411764705882 0.956 -0.1 0.777 0.13478571428571426 0.8235294117647058 0.979 -0.85 -0.85 -0.1093846153846154 0.38235294117647056 0.049 -0.36 -0.08 0.5771724137931035 0.8529411764705882 0.958 0.0 0.875
0.0 0.0 0.0 0.0 0.0 0.0 0.0 0.0 0.0 1.0 0.0 1.0 0.0 0.0 0.0 0.0 0.0 0.0 0.0 1.0 0.0 0.0 0.0 0.0 0.0 0.6665000000000001 1.0 0.935 0.789 0.0 0.0 -0.0 -0.0 0.66025 1.0 1.0 0.0 0.633 -0.3335 0.5 0.123 -0.79 -0.79 0.0 0.0 0.0 0.0 0.0 0.6677500000000001 1.0 0.935 0.0 0.935
0.0 0.0 0.0 0.0 0.0 0.0 0.0 0.0 0.0 0.0 0.0 0.0 0.0 0.0 0.0 0.0 0.0 0.0 0.0 0.0 0.0 0.0 0.0 1.0 0.0 0.7108000000000001 1.0 0.935 0.886 0.0 0.0 -0.0 -0.0 0.5623333333333334 0.6 0.956 -0.05 -0.05 0.7603333333333332 0.6 0.99 0.0 0.99 -0.07 0.2 0.0 -0.07 -0.07 0.685 1.0 0.914 0.0 0.782
0.0 0.0 0.0 0.0 0.0 0.0 1.0 0.0 0.0 0.0 0.0 0.0 0.0 0.0 0.0 0.0 0.0 0.0 0.0 0.0 0.0 1.0 0.0 0.0 0.0 0.744 0.5 0.744 0.744 0.87 0.5 -0.0 0.87 -0.04949999999999999 1.0 0.781 -0.88 0.781 0.0 0.0 0.0 0.0 0.0 -0.86 0.5 0.0 -0.86 -0.86 0.706 0.5 0.706 0.0 0.706
0.0 0.0 0.0 0.0 0.0 0.0 1.0 0.0 0.0 0.0 0.0 0.0 0.0 0.0 0.0 0.0 0.0 0.0 0.0 0.0 0.0 1.0 0.0 0.0 0.0 0.5436111111111112 0.8181818181818182 0.939 0.358 0.6174999999999999 0.18181818181818182 -0.0 0.84 0.33349999999999996 1.0 0.97 -0.99 0.97 0.3397857142857143 0.6363636363636364 0.979 -0.65 0.102 0.06757142857142857 0.3181818181818182 0.773 -0.16 0.773 0.37750000000000006 0.8181818181818182 0.914 -0.73 0.878
0.0 0.0 0.0 0.0 0.0 0.0 1.0 0.0 0.0 0.0 0.0 0.0 0.0 0.0 0.0 0.0 0.0 0.0 0.0 0.0 0.0 0.0 0.0 1.0 0.0 0.603 0.75 0.857 0.849 0.81 0.25 -0.0 0.81 0.28775 1.0 0.922 -0.77 -0.77 0.5466666666666667 0.75 0.776 0.0 0.776 0.816 0.25 0.816 0.0 0.816 0.05566666666666664 0.75 0.892 -0.85 -0.85
0.0 0.0 0.0 0.0 0.0 0.0 1.0 0.0 0.0 0.0 0.0 0.0 0.0 0.0 0.0 0.0 0.0 0.0 0.0 0.0 0.0 1.0 0.0 0.0 0.0 0.302 0.8 0.857 0.857 0.02 0.2 -0.0 0.02 0.19659999999999997 1.0 0.905 -0.05 -0.05 0.2654 1.0 0.773 -0.03 -0.03 -0.08 0.4 0.0 -0.11 -0.05 0.366 0.8 0.892 0.0 0.892
0.0 0.0 0.0 0.0 0.0 0.0 2.0 0.0 1.0 0.0 0.0 0.0 0.0 0.0 0.0 0.0 0.0 0.0 0.0 0.0 0.0 0.0 0.0 1.0 0.0 0.6666 0.8333333333333334 0.846 0.823 0.07 0.16666666666666666 -0.0 0.07 0.66625 0.6666666666666666 0.967 0.0 0.967 0.00666666666666671 0.5 0.795 -0.94 0.795 -0.13 0.16666666666666666 0.0 -0.13 -0.13 0.531 1.0 0.816 -0.07 0.706
0.0 0.0 0.0 0.0 0.0 0.0 1.0 0.0 0.0 0.0 0.0 2.0 0.0 1.0 0.0 0.0 0.0 0.0 0.0 0.0 0.0 0.0 0.0 1.0 0.0 0.5475625000000001 0.9411764705882353 0.935 0.839 0.8 0.058823529411764705 -0.0 0.8 0.5432307692307692 0.7647058823529411 0.973 -0.8 0.973 -0.10966666666666668 0.7058823529411765 0.817 -0.94 -0.86 -0.08775000000000001 0.23529411764705882 0.049 -0.26 -0.06 0.5334285714285715 0.8235294117647058 0.935 0.0 0.705
0.0 0.0 0.0 0.0 0.0 0.0 0.0 0.0 0.0 0.0 0.0 0.0 0.0 0.0 0.0 0.0 0.0 0.0 0.0 0.0 0.0 0.0 0.0 1.0 0.0 0.6712 1.0 0.935 0.821 0.0 0.0 -0.0 -0.0 0.6045 0.8 0.956 -0.04 0.781 0.6046666666666667 0.6 0.858 0.0 0.82 0.0 0.0 0.0 0.0 0.0 0.63675 0.8 0.914 0.0 0.822
0.0 0.0 0.0 0.0 0.0 0.0 1.0 0.0 0.0 0.0 0.0 0.0 0.0 0.0 0.0 0.0 0.0 0.0 0.0 0.0 0.0 0.0 0.0 1.0 0.0 0.527 1.0 0.746 0.091 0.0 0.0 -0.0 -0.0 0.5579999999999999 1.0 0.781 0.0 0.17 0.0 0.0 0.0 0.0 0.0 0.081 0.3333333333333333 0.081 0.0 0.081 0.553 1.0 0.769 0.0 0.184
0.0 0.0 0.0 0.0 0.0 0.0 1.0 0.0 0.0 0.0 0.0 0.0 0.0 0.0 0.0 0.0 0.0 0.0 0.0 0.0 0.0 1.0 0.0 0.0 0.0 0.808 1.0 0.87 0.746 0.0 0.0 -0.0 -0.0 0.8015 1.0 0.88 0.0 0.723 0.86 0.5 0.86 0.0 0.86 0.0 0.0 0.0 0.0 0.0 0.769 0.5 0.769 0.0 0.769
0.0 0.0 0.0 0.0 0.0 1.0 0.0 0.0 0.0 0.0 0.0 0.0 0.0 0.0 0.0 0.0 0.0 0.0 0.0 0.0 0.0 0.0 1.0 0.0 0.0 0.40672222222222226 0.782608695652174 0.935 0.728 0.506 0.21739130434782608 -0.0 0.03 0.16670000000000004 0.8695652173913043 1.0 -0.98 -0.02 0.08564285714285713 0.6086956521739131 0.716 -0.79 0.716 0.11299999999999999 0.391304347826087 0.816 -0.12 -0.04 0.19861904761904767 0.9130434782608695 0.996 -0.89 0.741
0.0 0.0 0.0 0.0 0.0 0.0 0.0 0.0 0.0 0.0 0.0 0.0 0.0 0.0 0.0 0.0 0.0 0.0 0.0 0.0 0.0 0.0 0.0 0.0 0.0 0.5205 1.0 0.744 0.297 0.0 0.0 -0.0 -0.0 0.648 1.0 0.781 0.0 0.515 0.568 0.5 0.568 0.0 0.568 -0.22 0.5 0.0 -0.22 -0.22 0.5185 1.0 0.706 0.0 0.331
0.0 0.0 0.0 0.0 0.0 0.0 1.0 0.0 0.0 0.0 0.0 0.0 0.0 0.0 0.0 0.0 0.0 0.0 0.0 0.0 0.0 1.0 0.0 0.0 0.0 0.7933333333333333 1.0 0.857 0.779 0.0 0.0 -0.0 -0.0 0.843 0.6666666666666666 0.905 0.0 0.781 0.776 0.6666666666666666 0.779 0.0 0.779 0.0 0.0 0.0 0.0 0.0 0.7989999999999999 0.6666666666666666 0.892 0.0 0.706
0.0 0.0 0.0 0.0 0.0 0.0 1.0 0.0 0.0 0.0 0.0 0.0 0.0 0.0 0.0 0.0 0.0 0.0 0.0 0.0 0.0 1.0 0.0 0.0 0.0 0.35125 0.8 0.892 0.823 0.4 0.2 -0.0 0.04 0.136875 0.8 0.967 -0.72 0.967 0.23857142857142857 0.7 0.892 -0.65 0.795 0.08616666666666667 0.6 0.752 -0.13 -0.04 0.16455555555555554 0.9 0.788 -0.81 -0.04
0.0 0.0 0.0 0.0 0.0 0.0 1.0 0.0 0.0 0.0 0.0 1.0 0.0 0.0 0.0 0.0 0.0 0.0 0.0 0.0 0.0 1.0 0.0 0.0 0.0 0.5558500000000001 1.0 0.966 0.806 0.0 0.0 -0.0 -0.0 0.5320666666666667 0.75 1.0 -0.04 0.806 0.09591666666666665 0.6 0.943 -0.99 -0.13 -0.06714285714285714 0.35 0.0 -0.11 -0.05 0.520235294117647 0.85 0.959 0.0 0.08
0.0 0.0 0.0 0.0 0.0 0.0 0.0 0.0 0.0 1.0 0.0 0.0 0.0 0.0 0.0 0.0 0.0 0.0 0.0 1.0 0.0 0.0 0.0 0.0 0.0 0.7938000000000001 1.0 0.935 0.917 0.0 0.0 -0.0 -0.0 0.854 0.6 0.976 0.0 0.956 0.775 0.6 0.892 0.0 0.622 -0.29 0.2 0.0 -0.29 -0.29 0.7319999999999999 0.6 0.917 0.0 0.917
0.0 0.0 0.0 0.0 0.0 0.0 1.0 0.0 1.0 0.0 0.0 0.0 0.0 0.0 0.0 0.0 0.0 0.0 0.0 0.0 0.0 1.0 0.0 0.0 0.0 0.30823529411764705 1.0 0.92 0.166 0.0 0.0 -0.0 -0.0 0.4460909090909091 0.6470588235294118 0.97 -0.04 0.746 0.2906 0.8823529411764706 0.995 -0.79 0.333 -0.01744444444444445 0.5294117647058824 0.773 -0.32 -0.21 0.37142857142857144 0.8235294117647058 0.994 0.0 0.384
0.0 0.0 0.0 0.0 0.0 0.0 0.0 0.0 0.0 0.0 0.0 1.0 0.0 0.0 0.0 0.0 0.0 0.0 0.0 0.0 0.0 0.0 0.0 1.0 0.0 0.5698823529411764 0.9444444444444444 0.939 0.034 0.69 0.05555555555555555 -0.0 0.69 0.4465294117647059 0.9444444444444444 0.956 -0.75 0.094 -0.18607692307692308 0.7222222222222222 0.979 -0.88 -0.03 0.020833333333333346 0.3333333333333333 0.547 -0.2 0.028 0.5475333333333334 0.8333333333333334 0.959 -0.78 0.875
0.0 0.0 1.0 0.0 1.0 0.0 2.0 0.0 0.0 0.0 0.0 1.0 0.0 0.0 0.0 0.0 0.0 0.0 0.0 0.0 0.0 0.0 0.0 0.0 0.0 0.3343999999999999 0.8333333333333334 0.935 0.07 0.74 0.16666666666666666 -0.0 0.74 0.12354545454545453 0.9166666666666666 0.956 -0.74 0.041 0.038875 0.6666666666666666 0.338 -0.9 0.098 -0.088 0.4166666666666667 0.0 -0.21 -0.09 0.15860000000000002 0.8333333333333334 0.996 -0.74 0.21
0.0 0.0 0.0 0.0 0.0 0.0 1.0 0.0 0.0 0.0 0.0 0.0 0.0 0.0 0.0 0.0 0.0 0.0 0.0 0.0 0.0 1.0 0.0 0.0 0.0 0.45107692307692315 1.0 0.927 0.779 0.0 0.0 -0.0 -0.0 0.5625 0.6153846153846154 0.905 0.0 0.784 0.39466666666666667 0.9230769230769231 0.984 -0.79 0.764 -0.15525 0.3076923076923077 0.049 -0.26 0.049 0.4501818181818182 0.8461538461538461 0.935 0.0 0.79
0.0 0.0 0.0 0.0 0.0 0.0 1.0 0.0 0.0 0.0 0.0 0.0 0.0 1.0 0.0 0.0 0.0 0.0 0.0 0.0 0.0 1.0 0.0 0.0 0.0 0.5412105263157896 0.7307692307692307 0.943 0.74 0.7071428571428572 0.2692307692307692 -0.0 0.74 0.20355555555555557 0.6923076923076923 0.994 -0.98 -0.94 0.17152941176470587 0.6538461538461539 0.984 -0.94 -0.66 -0.07666666666666665 0.34615384615384615 0.674 -0.84 0.557 0.1654545454545455 0.8461538461538461 0.915 -0.93 -0.71
0.0 0.0 0.0 0.0 0.0 0.0 0.0 0.0 0.0 0.0 0.0 2.0 0.0 0.0 0.0 0.0 0.0 0.0 0.0 0.0 0.0 0.0 0.0 1.0 0.0 0.4598333333333333 0.75 0.935 0.101 0.7949999999999999 0.25 -0.0 0.8 0.027285714285714295 0.875 0.956 -0.99 -0.02 -0.12881818181818183 0.6875 0.764 -0.94 0.221 0.012250000000000014 0.5 0.786 -0.84 -0.17 0.3061333333333333 0.9375 0.935 -0.81 0.257
0.0 0.0 0.0 0.0 0.0 0.0 1.0 0.0 0.0 0.0 0.0 1.0 0.0 1.0 0.0 0.0 0.0 0.0 0.0 0.0 0.0 0.0 0.0 1.0 0.0 0.4753888888888889 0.8571428571428571 0.935 0.913 0.7866666666666666 0.14285714285714285 -0.0 0.92 0.29266666666666663 0.7142857142857143 0.972 -0.78 0.877 0.12179999999999999 0.7142857142857143 0.99 -0.94 0.949 0.004399999999999948 0.47619047619047616 0.82 -0.93 -0.14 0.3236111111111111 0.8571428571428571 0.914 -0.91 0.533
0.0 0.0 0.0 0.0 0.0 0.0 1.0 0.0 0.0 0.0 0.0 0.0 0.0 0.0 0.0 0.0 0.0 0.0 0.0 0.0 0.0 0.0 0.0 1.0 0.0 0.7157499999999999 1.0 0.939 0.903 0.0 0.0 -0.0 -0.0 0.8117777777777779 0.75 0.97 0.0 0.746 0.7472222222222222 0.75 0.99 0.0 0.97 0.28150000000000003 0.16666666666666666 0.773 -0.21 0.773 0.7328888888888889 0.75 0.994 0.0 0.994
0.0 0.0 0.0 0.0 0.0 0.0 1.0 0.0 0.0 1.0 0.0 0.0 0.0 0.0 0.0 0.0 0.0 0.0 0.0 0.0 0.0 1.0 0.0 0.0 0.0 0.8015 1.0 0.857 0.746 0.0 0.0 -0.0 -0.0 0.8140000000000001 1.0 0.905 0.0 0.723 0.773 0.5 0.773 0.0 0.773 0.0 0.0 0.0 0.0 0.0 0.8305 1.0 0.892 0.0 0.769
0.0 0.0 0.0 0.0 0.0 0.0 1.0 0.0 0.0 0.0 0.0 0.0 0.0 0.0 0.0 0.0 0.0 0.0 0.0 0.0 0.0 1.0 0.0 0.0 0.0 0.6858000000000001 0.8333333333333334 0.892 0.823 0.045 0.16666666666666666 -0.0 0.04 0.4252222222222222 0.75 0.967 -0.11 -0.11 0.3583333333333334 1.0 0.99 -0.79 0.075 -0.10666666666666667 0.25 0.0 -0.15 -0.08 0.6441428571428572 0.5833333333333334 0.935 0.0 0.706
0.0 0.0 0.0 0.0 0.0 0.0 1.0 0.0 1.0 1.0 0.0 0.0 0.0 1.0 0.0 0.0 0.0 0.0 0.0 0.0 0.0 1.0 0.0 0.0 0.0 0.4685555555555555 0.72 0.939 0.098 0.7400000000000001 0.28 -0.0 0.7 0.06770833333333336 0.96 0.956 -0.89 -0.59 -0.012533333333333348 0.6 0.979 -0.88 0.338 0.03763636363636364 0.44 0.672 -0.8 0.672 0.13708333333333333 0.96 0.935 -0.96 -0.83
0.0 0.0 1.0 0.0 0.0 0.0 4.0 0.0 0.0 0.0 0.0 1.0 0.0 0.0 0.0 0.0 0.0 0.0 0.0 0.0 0.0 0.0 0.0 0.0 0.0 0.6986666666666665 0.8181818181818182 0.939 0.939 0.405 0.18181818181818182 -0.0 0.76 0.56725 0.7272727272727273 0.967 -0.07 0.899 0.5294285714285715 0.6363636363636364 0.979 -0.01 0.979 -0.253 0.2727272727272727 0.071 -0.74 -0.74 0.4134285714285714 0.6363636363636364 0.921 -0.78 0.864
0.0 0.0 0.0 0.0 0.0 0.0 1.0 0.0 0.0 0.0 0.0 0.0 0.0 0.0 0.0 0.0 0.0 0.0 0.0 0.0 0.0 0.0 0.0 1.0 0.0 0.6455 0.9090909090909091 0.935 0.857 0.81 0.09090909090909091 -0.0 0.81 0.6138 0.9090909090909091 0.972 -0.77 0.92 -0.014749999999999985 0.36363636363636365 0.794 -0.84 0.794 0.258 0.18181818181818182 0.816 -0.3 0.816 0.49349999999999994 0.9090909090909091 0.948 -0.85 0.894
0.0 0.0 1.0 0.0 1.0 0.0 2.0 0.0 0.0 0.0 0.0 1.0 0.0 0.0 0.0 0.0 0.0 0.0 0.0 0.0 0.0 0.0 0.0 0.0 1.0 0.7420000000000001 1.0 0.935 0.916 0.0 0.0 -0.0 -0.0 0.7571666666666667 1.0 1.0 0.0 0.916 -0.14724999999999996 0.6666666666666666 0.9 -0.88 0.9 -0.07 0.16666666666666666 0.0 -0.07 -0.07 0.7518333333333334 1.0 0.935 0.0 0.933
0.0 0.0 0.0 0.0 0.0 0.0 1.0 0.0 1.0 0.0 0.0 0.0 0.0 0.0 0.0 0.0 0.0 0.0 0.0 0.0 0.0 1.0 0.0 0.0 0.0 0.47199999999999986 1.0 0.939 0.903 0.0 0.0 -0.0 -0.0 0.645125 0.7272727272727273 0.97 -0.04 0.746 0.3075 0.7272727272727273 0.979 -0.79 0.97 0.11979999999999999 0.45454545454545453 0.773 -0.09 0.773 0.5201111111111111 0.8181818181818182 0.994 0.0 0.994
0.0 0.0 0.0 0.0 0.0 0.0 1.0 0.0 1.0 0.0 0.0 0.0 0.0 0.0 0.0 0.0 0.0 0.0 0.0 0.0 0.0 1.0 0.0 0.0 0.0 0.49172727272727274 0.9166666666666666 0.935 0.693 0.81 0.08333333333333333 -0.0 0.81 0.333625 0.6666666666666666 0.956 -0.77 0.691 0.011 0.8333333333333334 0.773 -0.94 -0.5 0.0865 0.3333333333333333 0.816 -0.21 -0.21 0.42 1.0 0.914 -0.85 0.882
0.0 0.0 0.0 0.0 1.0 0.0 1.0 0.0 0.0 0.0 0.0 0.0 1.0 1.0 0.0 0.0 0.0 0.0 0.0 0.0 0.0 0.0 0.0 0.0 1.0 0.45753846153846156 0.6190476190476191 0.939 0.819 0.58625 0.38095238095238093 -0.0 0.07 0.045 0.9047619047619048 0.956 -0.9 0.777 0.32199999999999995 0.47619047619047616 0.979 -0.88 -0.88 -0.09 0.47619047619047616 0.614 -0.8 0.009 -0.040999999999999974 0.8571428571428571 0.996 -0.96 0.79
0.0 0.0 0.0 0.0 0.0 0.0 1.0 0.0 0.0 0.0 0.0 0.0 0.0 0.0 0.0 0.0 0.0 0.0 0.0 0.0 0.0 0.0 0.0 1.0 0.0 0.56 0.8571428571428571 0.917 0.917 0.65 0.14285714285714285 -0.0 0.65 0.258 0.7142857142857143 0.781 -0.86 -0.86 0.079 0.42857142857142855 0.917 -0.79 0.917 0.609 0.14285714285714285 0.609 0.0 0.609 0.3471666666666666 0.8571428571428571 0.935 -0.5 -0.5
0.0 0.0 0.0 0.0 0.0 0.0 0.0 0.0 1.0 0.0 0.0 2.0 0.0 1.0 0.0 0.0 0.0 0.0 0.0 0.0 0.0 0.0 0.0 1.0 0.0 0.5318541666666666 0.8 0.964 0.08 0.56 0.2 -0.0 0.84 0.3162608695652174 0.7666666666666667 0.956 -0.99 -0.95 0.07431707317073172 0.6833333333333333 0.979 -0.94 0.08 -0.02040909090909093 0.36666666666666664 0.9 -0.8 0.735 0.31860416666666663 0.8 0.998 -0.94 -0.84
0.0 0.0 0.0 0.0 0.0 0.0 2.0 0.0 0.0 0.0 0.0 0.0 0.0 0.0 0.0 0.0 0.0 0.0 0.0 0.0 0.0 1.0 0.0 0.0 0.0 0.5433333333333333 0.75 0.789 0.789 0.78 0.25 -0.0 0.78 0.22133333333333335 0.75 0.781 -0.75 0.633 -0.35450000000000004 0.5 0.081 -0.79 -0.79 0.82 0.25 0.82 0.0 0.82 0.5843333333333334 0.75 0.935 0.0 0.935
0.0 0.0 0.0 0.0 0.0 1.0 2.0 0.0 1.0 0.0 0.0 0.0 0.0 2.0 0.0 0.0 0.0 0.0 0.0 0.0 0.0 0.0 0.0 1.0 0.0 0.6586521739130435 0.8363636363636363 0.948 0.948 0.5533333333333333 0.16363636363636364 -0.0 0.76 0.5113589743589743 0.7090909090909091 0.971 -0.81 0.909 0.30250000000000005 0.6909090909090909 0.991 -0.94 0.986 -0.1633125 0.2909090909090909 0.948 -0.89 -0.8 0.4594347826086956 0.8363636363636363 0.969 -0.9 0.862
0.0 0.0 1.0 0.0 0.0 0.0 3.0 0.0 0.0 0.0 0.0 0.0 0.0 0.0 0.0 0.0 0.0 0.0 0.0 0.0 0.0 1.0 0.0 0.0 0.0 0.5093793103448276 0.90625 0.939 0.82 0.7666666666666666 0.09375 -0.0 0.66 0.348 0.65625 0.956 -0.84 0.723 0.12076923076923075 0.8125 0.979 -0.95 0.816 -0.09325000000000001 0.375 0.585 -0.8 0.049 0.47637037037037033 0.84375 0.935 -0.63 0.922
0.0 0.0 0.0 0.0 0.0 0.0 1.0 0.0 0.0 0.0 0.0 0.0 0.0 0.0 0.0 0.0 0.0 0.0 0.0 0.0 0.0 1.0 0.0 0.0 0.0 0.7785 1.0 0.779 0.779 0.0 0.0 -0.0 -0.0 0.7444999999999999 1.0 0.784 0.0 0.784 0.764 0.5 0.764 0.0 0.764 0.0 0.0 0.0 0.0 0.0 0.8205 1.0 0.851 0.0 0.79
0.0 0.0 0.0 0.0 0.0 1.0 2.0 0.0 0.0 0.0 0.0 1.0 0.0 0.0 0.0 0.0 0.0 0.0 0.0 0.0 0.0 0.0 1.0 0.0 0.0 0.5001111111111112 1.0 0.939 0.928 0.0 0.0 -0.0 -0.0 0.5036363636363637 0.6111111111111112 0.956 -0.04 0.082 -0.1374375 0.8888888888888888 0.979 -0.99 -0.99 -0.1325 0.2222222222222222 0.0 -0.21 -0.21 0.4663333333333333 0.8333333333333334 0.93 0.0 0.862
0.0 0.0 0.0 0.0 0.0 1.0 2.0 0.0 1.0 1.0 0.0 0.0 0.0 3.0 0.0 0.0 0.0 0.0 0.0 0.0 0.0 1.0 0.0 0.0 0.0 0.5703 0.9523809523809523 0.939 0.331 0.32 0.047619047619047616 -0.0 0.04 0.5664117647058824 0.8095238095238095 0.956 -0.77 0.635 -0.012088235294117629 0.8095238095238095 0.979 -0.99 0.639 -0.05072727272727273 0.2619047619047619 0.511 -0.26 -0.24 0.5151666666666667 0.8571428571428571 0.96 -0.53 0.291
0.0 0.0 0.0 0.0 1.0 0.0 0.0 0.0 0.0 0.0 0.0 0.0 0.0 2.0 0.0 0.0 0.0 0.0 0.0 0.0 0.0 0.0 0.0 1.0 0.0 0.6072272727272727 0.88 0.939 0.073 0.7733333333333334 0.12 -0.0 0.75 0.36152941176470593 0.68 0.956 -0.99 -0.99 0.018199999999999997 0.8 0.979 -0.94 0.073 0.38116666666666665 0.24 0.856 -0.11 0.754 0.37057894736842106 0.76 0.969 -0.85 -0.5
0.0 0.0 0.0 0.0 0.0 0.0 1.0 0.0 0.0 0.0 0.0 2.0 0.0 1.0 0.0 0.0 0.0 0.0 0.0 0.0 0.0 1.0 0.0 0.0 0.0 0.45599999999999996 0.75 0.829 0.034 0.66 0.25 -0.0 0.66 0.132875 1.0 0.928 -0.78 -0.78 -0.1996 0.625 0.338 -0.87 0.085 0.1918 0.625 0.585 -0.21 0.585 0.23350000000000004 1.0 0.935 -0.63 -0.63
0.0 0.0 0.0 0.0 0.0 0.0 0.0 0.0 0.0 0.0 0.0 1.0 0.0 0.0 0.0 0.0 0.0 0.0 0.0 0.0 0.0 0.0 0.0 1.0 0.0 0.4874545454545455 0.9166666666666666 0.935 0.048 0.9 0.08333333333333333 -0.0 0.9 0.23722222222222225 0.75 0.956 -0.96 -0.07 0.07275000000000001 0.6666666666666666 0.842 -0.94 0.186 -0.252 0.4166666666666667 0.01 -0.96 -0.1 0.4012727272727272 0.9166666666666666 0.935 -0.78 0.181
0.0 0.0 0.0 0.0 1.0 0.0 0.0 0.0 0.0 0.0 0.0 0.0 0.0 1.0 0.0 0.0 0.0 0.0 0.0 0.0 0.0 0.0 0.0 0.0 1.0 0.8136666666666666 0.75 0.849 0.849 0.76 0.25 -0.0 0.76 0.39275 1.0 0.922 -0.78 -0.78 0.8666666666666666 0.75 0.939 0.0 0.776 0.0 0.0 0.0 0.0 0.0 -0.006000000000000005 0.5 0.718 -0.73 -0.73
0.0 0.0 0.0 0.0 0.0 0.0 1.0 0.0 0.0 0.0 0.0 0.0 0.0 1.0 0.0 0.0 0.0 0.0 0.0 0.0 0.0 1.0 0.0 0.0 0.0 0.34723076923076923 0.8125 0.935 0.062 0.42333333333333334 0.1875 -0.0 0.93 0.13085714285714284 0.875 0.964 -0.93 -0.05 0.1595 0.75 0.728 -0.79 0.277 -0.2775 0.5 0.0 -0.93 -0.08 0.28600000000000003 0.875 0.996 -0.94 0.111
0.0 0.0 0.0 0.0 0.0 0.0 0.0 0.0 0.0 0.0 0.0 0.0 0.0 1.0 0.0 0.0 0.0 0.0 0.0 0.0 0.0 0.0 0.0 1.0 0.0 0.45 0.6666666666666666 0.867 0.867 0.9 0.3333333333333333 -0.0 0.9 0.444 0.6666666666666666 0.845 0.0 0.845 0.47750000000000004 0.6666666666666666 0.888 0.0 0.888 0.481 0.6666666666666666 0.95 0.0 0.012 -0.86 0.3333333333333333 0.0 -0.86 -0.86
0.0 0.0 0.0 0.0 0.0 1.0 0.0 0.0 0.0 0.0 0.0 4.0 0.0 0.0 0.0 0.0 0.0 0.0 0.0 0.0 0.0 0.0 0.0 1.0 0.0 0.5690909090909091 0.8148148148148148 0.935 0.846 0.348 0.18518518518518517 -0.0 0.07 0.37199999999999994 0.8518518518518519 0.956 -0.75 0.022 -0.19652941176470587 0.6296296296296297 0.864 -0.94 -0.13 0.19050000000000003 0.37037037037037035 0.83 -0.08 0.153 0.40348000000000006 0.9259259259259259 0.969 -0.96 -0.31
0.0 0.0 0.0 0.0 0.0 0.0 0.0 0.0 0.0 0.0 0.0 0.0 0.0 0.0 0.0 0.0 0.0 0.0 0.0 0.0 0.0 0.0 0.0 1.0 0.0 0.46941666666666665 0.9230769230769231 0.939 0.098 0.83 0.07692307692307693 -0.0 0.83 0.28769999999999996 0.7692307692307693 0.956 -0.71 0.082 0.15733333333333338 0.6923076923076923 0.979 -0.81 0.164 0.1065 0.46153846153846156 0.83 -0.09 -0.08 0.36308333333333337 0.9230769230769231 0.914 -0.96 0.215
0.0 0.0 0.0 0.0 0.0 0.0 0.0 0.0 0.0 0.0 0.0 0.0 0.0 0.0 0.0 0.0 0.0 0.0 0.0 0.0 0.0 0.0 0.0 1.0 0.0 0.38025 0.8571428571428571 0.935 0.09 0.7949999999999999 0.14285714285714285 -0.0 0.73 0.13192857142857142 1.0 0.956 -0.99 -0.03 -0.1322 0.7142857142857143 0.271 -0.79 0.2 -0.05274999999999999 0.5714285714285714 0.918 -0.73 -0.1 0.42553846153846153 0.9285714285714286 0.935 -0.54 0.298
0.0 0.0 0.0 0.0 0.0 0.0 1.0 0.0 1.0 0.0 0.0 1.0 0.0 0.0 0.0 0.0 0.0 0.0 0.0 0.0 0.0 1.0 0.0 0.0 0.0 0.702857142857143 0.9333333333333333 0.939 0.756 0.28 0.06666666666666667 -0.0 0.28 0.6248333333333334 0.8 0.956 -0.08 0.766 0.013857142857142854 0.9333333333333333 0.979 -0.94 0.747 0.17133333333333334 0.2 0.615 -0.13 -0.13 0.5986363636363635 0.7333333333333333 0.935 -0.62 0.814
0.0 0.0 0.0 0.0 0.0 0.0 0.0 0.0 0.0 0.0 0.0 0.0 0.0 0.0 0.0 0.0 0.0 0.0 0.0 0.0 0.0 0.0 0.0 1.0 0.0 0.4491428571428572 0.875 0.939 0.034 0.3433333333333333 0.125 -0.0 0.93 0.37233333333333335 0.875 0.972 -0.93 -0.1 0.15541176470588236 0.7083333333333334 0.979 -0.79 0.171 -0.12309090909090914 0.4583333333333333 0.061 -0.93 -0.1 0.38788888888888895 0.75 0.935 -0.94 0.17
0.0 0.0 0.0 0.0 0.0 0.0 1.0 0.0 0.0 0.0 0.0 0.0 0.0 0.0 0.0 0.0 0.0 0.0 0.0 0.0 0.0 1.0 0.0 0.0 0.0 0.6504285714285716 0.7777777777777778 0.928 0.865 0.775 0.2222222222222222 -0.0 0.75 0.19600000000000004 0.6666666666666666 0.961 -0.92 -0.79 0.49400000000000005 0.7777777777777778 0.967 -0.64 0.967 -0.0027500000000000024 0.4444444444444444 0.74 -0.72 -0.72 0.419 0.7777777777777778 0.948 -0.76 0.763
0.0 0.0 1.0 0.0 0.0 0.0 2.0 0.0 0.0 0.0 0.0 0.0 0.0 0.0 0.0 0.0 0.0 0.0 0.0 0.0 0.0 1.0 0.0 0.0 0.0 0.0 0.0 0.0 0.0 0.93 1.0 -0.0 0.93 -0.93 1.0 0.0 -0.93 -0.93 0.0 0.0 0.0 0.0 0.0 -0.93 1.0 0.0 -0.93 -0.93 -0.94 1.0 0.0 -0.94 -0.94
0.0 0.0 0.0 0.0 0.0 0.0 1.0 0.0 2.0 0.0 0.0 5.0 0.0 2.0 0.0 0.0 0.0 0.0 0.0 0.0 0.0 0.0 0.0 1.0 0.0 0.4948148148148149 0.7297297297297297 0.964 0.053 0.714 0.2702702702702703 -0.0 0.84 0.05853333333333332 0.8108108108108109 0.956 -0.99 -0.99 -0.01495652173913043 0.6216216216216216 0.979 -0.94 0.141 0.1356923076923077 0.35135135135135137 0.948 -0.72 -0.72 0.199 0.918918918918919 0.978 -0.96 -0.7
0.0 0.0 0.0 0.0 0.0 2.0 0.0 0.0 0.0 0.0 0.0 1.0 0.0 0.0 0.0 0.0 0.0 0.0 0.0 0.0 0.0 0.0 1.0 0.0 0.0 0.5224999999999999 0.8837209302325582 0.97 0.789 0.8479999999999999 0.11627906976744186 -0.0 0.7 0.38155882352941173 0.7906976744186046 0.995 -0.99 0.633 -8.064516129032158E-4 0.7209302325581395 0.991 -0.91 -0.79 -0.20180000000000006 0.3488372093023256 0.614 -1.0 -0.08 0.4292000000000001 0.9302325581395349 0.968 -1.0 0.935
0.0 0.0 0.0 0.0 0.0 1.0 0.0 0.0 1.0 0.0 0.0 0.0 0.0 1.0 0.0 0.0 0.0 0.0 0.0 0.0 0.0 0.0 1.0 0.0 0.0 0.3485555555555556 0.75 0.935 0.058 0.6255555555555556 0.25 -0.0 0.87 0.13706896551724135 0.8055555555555556 0.978 -0.91 -0.91 0.03758333333333334 0.6666666666666666 0.858 -0.94 -0.06 0.04489473684210525 0.5277777777777778 0.955 -0.72 -0.72 0.040290322580645174 0.8611111111111112 0.914 -0.99 -0.99
0.0 0.0 0.0 0.0 2.0 2.0 0.0 0.0 0.0 0.0 0.0 1.0 0.0 2.0 0.0 0.0 0.0 0.0 0.0 0.0 0.0 0.0 0.0 1.0 0.0 0.7038333333333334 0.6923076923076923 0.939 0.05 0.6325 0.3076923076923077 -0.0 0.08 0.3150909090909091 0.8461538461538461 0.956 -0.95 0.025 -0.0536923076923077 0.5 0.979 -0.94 0.979 -0.08477777777777774 0.34615384615384615 0.948 -0.91 0.039 0.30439999999999995 0.7692307692307693 0.935 -0.81 0.074
0.0 0.0 0.0 0.0 0.0 2.0 0.0 0.0 1.0 0.0 0.0 6.0 0.0 1.0 0.0 0.0 0.0 0.0 0.0 0.0 0.0 0.0 1.0 0.0 0.0 0.5631785714285714 0.8235294117647058 0.939 0.125 0.6066666666666667 0.17647058823529413 -0.0 0.93 0.3934827586206897 0.8529411764705882 0.967 -0.96 0.044 0.2138888888888889 0.5294117647058824 0.979 -0.94 0.657 -0.06507692307692312 0.38235294117647056 0.948 -0.96 0.88 0.3556296296296295 0.7941176470588235 0.935 -0.94 0.206
0.0 0.0 0.0 0.0 0.0 1.0 0.0 0.0 1.0 0.0 0.0 0.0 0.0 1.0 0.0 0.0 0.0 0.0 0.0 0.0 0.0 0.0 0.0 1.0 0.0 0.5519999999999999 0.7755102040816326 0.935 0.786 0.7318181818181819 0.22448979591836735 -0.0 0.76 0.31957500000000005 0.8163265306122449 0.956 -0.78 0.849 -0.14032258064516126 0.6326530612244898 0.82 -0.94 0.723 0.11986956521739131 0.46938775510204084 0.948 -0.86 0.785 0.23995454545454536 0.8979591836734694 0.935 -0.96 -0.72
0.0 0.0 0.0 0.0 0.0 0.0 0.0 0.0 0.0 0.0 0.0 6.0 0.0 1.0 0.0 0.0 0.0 0.0 0.0 0.0 0.0 0.0 0.0 0.0 0.0 0.4953648648648648 0.9135802469135802 0.97 0.333 0.3528571428571428 0.08641975308641975 -0.0 0.35 0.42847761194029843 0.8271604938271605 0.971 -0.8 0.573 0.06555172413793105 0.7160493827160493 0.991 -0.95 0.616 -0.0015000000000000037 0.2962962962962963 0.816 -0.8 -0.24 0.4065810810810812 0.9135802469135802 0.989 -0.96 0.389
0.0 0.0 0.0 0.0 0.0 0.0 0.0 0.0 0.0 0.0 0.0 0.0 0.0 0.0 0.0 0.0 0.0 0.0 0.0 0.0 0.0 0.0 0.0 0.0 0.0 0.7826666666666666 0.6 0.785 0.778 0.865 0.4 -0.0 0.8 0.06579999999999997 1.0 0.712 -0.93 -0.87 0.0 0.0 0.0 0.0 0.0 0.0010000000000000009 0.4 0.932 -0.93 0.932 0.20540000000000003 1.0 0.858 -0.94 -0.6
0.0 0.0 0.0 0.0 0.0 1.0 0.0 0.0 0.0 0.0 0.0 2.0 0.0 0.0 0.0 0.0 0.0 0.0 0.0 0.0 0.0 0.0 1.0 0.0 0.0 0.4212222222222223 0.75 0.935 0.053 0.5666666666666668 0.25 -0.0 0.86 0.001999999999999987 0.75 0.956 -0.99 -0.04 -0.023777777777777776 0.75 0.785 -0.94 0.141 -0.02442857142857143 0.5833333333333334 0.816 -0.73 -0.09 0.33330000000000004 0.8333333333333334 0.935 -0.85 0.21
0.0 0.0 0.0 0.0 1.0 1.0 0.0 0.0 0.0 0.0 0.0 1.0 0.0 0.0 0.0 0.0 0.0 0.0 0.0 0.0 0.0 0.0 0.0 1.0 0.0 0.7655 0.5714285714285714 0.936 0.789 0.37833333333333335 0.42857142857142855 -0.0 0.27 0.07287500000000001 0.5714285714285714 0.967 -0.89 -0.82 0.37699999999999995 0.7142857142857143 0.986 -0.79 0.226 -0.1682857142857143 0.5 0.672 -0.77 -0.46 0.2601538461538462 0.9285714285714286 0.935 -0.92 -0.05
0.0 0.0 0.0 0.0 0.0 0.0 0.0 0.0 0.0 0.0 0.0 1.0 0.0 0.0 0.0 0.0 0.0 0.0 0.0 0.0 0.0 0.0 0.0 1.0 0.0 0.4551515151515152 0.825 0.952 0.952 0.5442857142857143 0.175 -0.0 0.64 0.1984705882352941 0.85 0.983 -0.84 0.95 -0.032566666666666674 0.75 0.953 -0.88 0.953 0.040133333333333326 0.375 0.612 -0.8 0.612 0.36060606060606065 0.825 0.966 -0.8 -0.79
0.0 0.0 0.0 0.0 0.0 1.0 0.0 0.0 1.0 0.0 0.0 1.0 0.0 0.0 0.0 0.0 0.0 0.0 0.0 0.0 0.0 0.0 1.0 0.0 0.0 0.4890416666666666 0.7272727272727273 0.935 0.789 0.5344444444444444 0.2727272727272727 -0.0 0.87 0.21007142857142855 0.8484848484848485 0.991 -0.95 -0.91 0.006272727272727238 0.6666666666666666 0.884 -0.94 -0.79 -0.04018750000000001 0.48484848484848486 0.82 -0.91 -0.72 0.27682142857142855 0.8484848484848485 0.935 -0.99 -0.99
0.0 0.0 0.0 0.0 0.0 0.0 0.0 0.0 0.0 0.0 0.0 1.0 0.0 2.0 0.0 0.0 0.0 0.0 0.0 0.0 0.0 0.0 0.0 1.0 0.0 0.5798125 0.9056603773584906 0.953 0.044 0.7300000000000001 0.09433962264150944 -0.0 0.83 0.4884651162790697 0.8113207547169812 0.964 -0.97 -0.07 0.24418421052631584 0.7169811320754716 0.988 -0.94 0.122 0.03483333333333333 0.22641509433962265 0.793 -0.77 -0.12 0.40705128205128194 0.7358490566037735 0.935 -0.88 0.081
0.0 0.0 0.0 0.0 0.0 2.0 0.0 0.0 2.0 0.0 0.0 0.0 0.0 3.0 0.0 0.0 0.0 0.0 0.0 0.0 0.0 0.0 1.0 0.0 0.0 0.5284999999999999 0.9180327868852459 0.986 0.023 0.76 0.08196721311475409 -0.0 0.85 0.4009056603773586 0.8688524590163934 0.986 -0.99 -0.04 -0.007325000000000001 0.6557377049180327 0.991 -0.94 0.076 -0.017176470588235283 0.2786885245901639 0.717 -0.8 0.033 0.39532692307692324 0.8524590163934426 0.935 -0.97 0.094
0.0 0.0 0.0 0.0 0.0 0.0 0.0 0.0 0.0 0.0 0.0 0.0 0.0 0.0 0.0 0.0 0.0 0.0 0.0 0.0 0.0 0.0 0.0 1.0 0.0 0.6586666666666667 0.6 0.935 0.935 0.465 0.4 -0.0 0.76 0.3105 0.8 0.956 -0.52 -0.52 0.096 0.2 0.096 0.0 0.096 0.28650000000000003 0.4 0.783 -0.21 0.783 0.16460000000000002 1.0 0.914 -0.97 -0.97
0.0 0.0 0.0 0.0 0.0 0.0 0.0 0.0 0.0 0.0 0.0 0.0 0.0 0.0 0.0 0.0 0.0 0.0 0.0 0.0 0.0 0.0 0.0 0.0 0.0 0.5037368421052631 0.8260869565217391 0.94 0.94 0.6525 0.17391304347826086 -0.0 1.0 0.40911764705882353 0.7391304347826086 0.956 -0.9 0.933 0.21486666666666668 0.6521739130434783 0.979 -0.81 0.078 0.15741666666666668 0.5217391304347826 1.0 -0.14 0.042 0.3759999999999999 0.8260869565217391 0.946 -0.99 0.946
0.0 0.0 0.0 0.0 0.0 0.0 0.0 0.0 0.0 0.0 0.0 1.0 0.0 0.0 0.0 0.0 0.0 0.0 0.0 0.0 0.0 0.0 0.0 1.0 0.0 0.4200000000000001 0.6666666666666666 0.935 0.048 0.71 0.3333333333333333 -0.0 0.38 0.11142857142857143 0.7777777777777778 0.956 -0.71 -0.07 -0.2292 0.5555555555555556 0.186 -0.79 0.186 0.2102 0.5555555555555556 0.871 -0.49 -0.1 0.08344444444444446 1.0 0.935 -0.97 0.181
0.0 0.0 0.0 0.0 0.0 0.0 1.0 0.0 0.0 0.0 0.0 0.0 0.0 0.0 0.0 0.0 0.0 0.0 0.0 0.0 0.0 0.0 0.0 0.0 0.0 0.5412000000000001 0.8333333333333334 0.935 0.849 0.83 0.16666666666666666 -0.0 0.83 0.2116 0.8333333333333334 0.956 -0.71 0.922 0.45375 0.6666666666666666 0.776 0.0 0.776 0.21333333333333335 0.5 0.83 -0.1 -0.1 0.2548 0.8333333333333334 0.929 -0.96 0.181
0.0 0.0 0.0 0.0 0.0 1.0 1.0 0.0 1.0 0.0 0.0 5.0 0.0 1.0 0.0 0.0 0.0 0.0 0.0 0.0 0.0 0.0 1.0 0.0 0.0 0.5272368421052631 0.8444444444444444 0.939 0.157 0.5928571428571429 0.15555555555555556 -0.0 0.03 0.4349393939393939 0.7333333333333333 0.956 -0.93 0.082 0.10103333333333332 0.6666666666666666 0.979 -0.79 0.191 0.017066666666666674 0.3333333333333333 0.948 -0.93 0.061 0.35089999999999993 0.8888888888888888 0.948 -0.99 0.198
0.0 1.0 0.0 0.0 0.0 0.0 0.0 0.0 0.0 0.0 1.0 0.0 0.0 0.0 0.0 0.0 0.0 0.0 0.0 0.0 1.0 0.0 0.0 0.0 0.0 0.5042380952380954 0.8076923076923077 0.98 0.095 0.796 0.19230769230769232 -0.0 0.69 0.19669565217391305 0.8846153846153846 0.977 -0.96 -0.86 0.13217647058823526 0.6538461538461539 0.982 -0.94 0.097 0.097375 0.3076923076923077 0.82 -0.96 0.547 0.23839999999999995 0.7692307692307693 0.935 -0.78 0.092
0.0 0.0 0.0 0.0 0.0 0.0 0.0 0.0 0.0 0.0 0.0 0.0 0.0 0.0 0.0 0.0 0.0 0.0 0.0 0.0 0.0 0.0 0.0 1.0 0.0 0.8133333333333334 0.375 0.939 0.765 0.688 0.625 -0.0 0.74 0.0635 0.5 0.899 -0.79 -0.58 0.24849999999999994 0.5 0.979 -0.67 -0.02 0.28874999999999995 0.5 0.955 -0.79 0.955 -0.16566666666666666 0.75 0.898 -0.95 -0.69
0.0 0.0 0.0 0.0 0.0 2.0 0.0 0.0 3.0 0.0 0.0 1.0 0.0 0.0 0.0 0.0 0.0 0.0 0.0 0.0 0.0 0.0 1.0 0.0 0.0 0.4491666666666667 0.8571428571428571 0.846 0.076 0.88 0.14285714285714285 -0.0 0.88 0.1835 0.5714285714285714 0.633 -0.03 0.074 -0.35916666666666663 0.8571428571428571 0.245 -0.94 0.129 0.152 0.5714285714285714 0.948 -0.18 0.948 0.3165714285714286 1.0 0.935 -0.81 -0.81
0.0 0.0 0.0 0.0 1.0 1.0 0.0 0.0 3.0 0.0 0.0 0.0 0.0 2.0 0.0 0.0 0.0 0.0 0.0 0.0 0.0 0.0 1.0 0.0 0.0 0.5177714285714284 0.7608695652173914 0.939 0.708 0.5209090909090909 0.2391304347826087 -0.0 0.07 0.2804324324324324 0.8043478260869565 0.995 -0.96 0.654 -0.03548387096774193 0.6739130434782609 0.979 -0.94 -0.57 0.11646666666666666 0.32608695652173914 0.948 -0.74 0.049 0.30104999999999993 0.8695652173913043 0.935 -0.85 0.898
0.0 0.0 1.0 0.0 0.0 0.0 3.0 0.0 0.0 0.0 0.0 2.0 0.0 0.0 0.0 0.0 0.0 0.0 0.0 0.0 0.0 1.0 0.0 0.0 0.0 0.0 0.0 0.0 0.0 0.83 1.0 -0.0 0.83 -0.71 1.0 0.0 -0.71 -0.71 0.0 0.0 0.0 0.0 0.0 0.83 1.0 0.83 0.0 0.83 -0.96 1.0 0.0 -0.96 -0.96
0.0 0.0 0.0 0.0 0.0 1.0 0.0 0.0 1.0 0.0 0.0 0.0 0.0 1.0 0.0 0.0 0.0 0.0 0.0 0.0 0.0 0.0 0.0 1.0 0.0 0.46437500000000015 0.6666666666666666 0.953 0.786 0.8075000000000001 0.3333333333333333 -0.0 0.88 0.07978571428571427 0.875 0.982 -0.98 0.849 0.06350000000000001 0.5 0.996 -0.95 0.723 0.2646538461538462 0.5416666666666666 0.948 -0.91 -0.28 0.06885365853658536 0.8541666666666666 0.935 -0.97 0.244
0.0 0.0 0.0 0.0 0.0 0.0 1.0 0.0 1.0 0.0 0.0 1.0 0.0 0.0 0.0 0.0 0.0 0.0 0.0 0.0 0.0 1.0 0.0 0.0 0.0 0.652 0.6 0.943 0.805 0.44999999999999996 0.4 -0.0 0.07 0.067 0.8 0.743 -0.71 -0.06 0.38399999999999995 0.6 0.943 -0.03 -0.03 0.2986666666666667 0.6 0.83 0.0 0.017 0.0010000000000000009 0.8 0.868 -0.96 -0.25
0.0 0.0 0.0 0.0 0.0 0.0 0.0 0.0 0.0 0.0 0.0 1.0 0.0 2.0 0.0 0.0 0.0 0.0 0.0 0.0 0.0 0.0 0.0 1.0 0.0 0.4893333333333334 0.5625 0.907 0.105 0.7442857142857144 0.4375 -0.0 0.2 -0.10375000000000001 0.75 0.888 -0.95 -0.34 -0.30633333333333335 0.5625 0.141 -0.94 0.102 0.14933333333333337 0.5625 0.974 -0.93 -0.36 -0.08128571428571431 0.875 0.959 -0.94 -0.83
0.0 0.0 0.0 0.0 0.0 1.0 1.0 0.0 0.0 0.0 0.0 0.0 0.0 0.0 0.0 0.0 0.0 0.0 0.0 0.0 0.0 0.0 1.0 0.0 0.0 0.64225 0.5714285714285714 0.935 0.935 0.725 0.42857142857142855 -0.0 0.7 0.07924999999999997 0.8571428571428571 0.956 -1.0 -0.83 -0.030000000000000013 0.5714285714285714 0.82 -0.79 -0.05 0.25866666666666666 0.42857142857142855 0.991 -0.97 0.584 0.0519090909090909 0.7857142857142857 0.914 -0.93 -0.68
0.0 0.0 0.0 0.0 0.0 0.0 0.0 0.0 1.0 0.0 0.0 0.0 0.0 1.0 0.0 0.0 0.0 0.0 0.0 0.0 0.0 0.0 0.0 1.0 0.0 0.8412857142857142 0.7 0.943 0.726 0.67 0.3 -0.0 0.81 0.2243333333333333 0.9 0.878 -0.95 0.744 0.21516666666666662 0.6 0.943 -0.79 -0.76 -0.28300000000000003 0.3 0.721 -0.93 0.721 0.27171428571428574 0.7 0.996 -0.94 0.669
0.0 0.0 0.0 0.0 0.0 0.0 0.0 0.0 0.0 0.0 0.0 0.0 0.0 1.0 0.0 0.0 0.0 0.0 0.0 0.0 0.0 0.0 0.0 1.0 0.0 0.4416111111111112 0.72 0.935 0.774 0.3085714285714286 0.28 -0.0 0.09 0.2447272727272727 0.88 0.956 -0.78 0.719 0.3161428571428571 0.56 0.949 -0.65 0.902 0.07200000000000001 0.48 0.615 -0.11 -0.04 0.14823809523809525 0.84 0.914 -0.87 0.701
0.0 0.0 0.0 0.0 0.0 0.0 1.0 0.0 1.0 0.0 0.0 1.0 0.0 2.0 0.0 0.0 0.0 0.0 0.0 0.0 0.0 0.0 0.0 0.0 0.0 0.6341111111111111 0.8181818181818182 0.939 0.766 0.7749999999999999 0.18181818181818182 -0.0 0.75 0.41079999999999994 0.9090909090909091 0.993 -0.89 0.719 0.3114 0.6818181818181818 0.979 -0.88 0.812 0.229375 0.36363636363636365 0.83 -0.11 0.672 0.2837777777777778 0.8181818181818182 0.914 -0.96 -0.69
0.0 0.0 0.0 0.0 0.0 0.0 0.0 0.0 0.0 0.0 0.0 0.0 0.0 3.0 0.0 0.0 0.0 0.0 0.0 0.0 0.0 0.0 0.0 1.0 0.0 0.369074074074074 0.8181818181818182 0.939 0.033 0.42166666666666663 0.18181818181818182 -0.0 0.03 0.2739230769230769 0.7878787878787878 0.899 -0.77 -0.09 0.1364814814814815 0.8181818181818182 0.979 -0.87 0.205 0.13852941176470585 0.5151515151515151 0.816 -0.16 -0.16 0.19315384615384612 0.7878787878787878 0.868 -0.85 0.183
0.0 0.0 0.0 0.0 1.0 0.0 0.0 0.0 1.0 0.0 0.0 0.0 0.0 1.0 0.0 0.0 0.0 0.0 0.0 0.0 0.0 0.0 0.0 0.0 1.0 0.673125 0.8 0.936 0.884 0.46 0.2 -0.0 0.76 0.5447272727272728 0.55 0.972 -0.91 0.929 0.15576923076923072 0.65 0.99 -0.94 0.861 -0.16333333333333333 0.3 0.071 -0.74 -0.12 0.5272941176470588 0.85 0.935 -0.78 0.862
0.0 1.0 0.0 0.0 0.0 0.0 2.0 0.0 1.0 0.0 1.0 1.0 0.0 1.0 0.0 0.0 0.0 0.0 0.0 0.0 1.0 0.0 0.0 0.0 0.0 0.42142857142857143 0.5384615384615384 0.935 0.783 0.5683333333333334 0.46153846153846156 -0.0 0.27 -0.35633333333333334 0.6923076923076923 0.956 -0.78 -0.75 0.11485714285714288 0.5384615384615384 0.836 -0.94 0.154 0.14244444444444446 0.6923076923076923 0.882 -0.64 -0.64 0.04153846153846154 1.0 0.914 -0.96 0.142
0.0 0.0 0.0 0.0 0.0 1.0 0.0 0.0 0.0 0.0 0.0 0.0 0.0 0.0 0.0 0.0 0.0 0.0 0.0 0.0 0.0 0.0 1.0 0.0 0.0 0.4725000000000001 0.8666666666666667 0.964 0.083 0.6425000000000001 0.13333333333333333 -0.0 0.95 0.3548095238095238 0.7 0.964 -0.78 -0.02 0.2228095238095238 0.7 0.982 -0.79 0.141 0.1132 0.3333333333333333 0.932 -0.11 -0.06 0.2812 0.8333333333333334 0.964 -0.96 0.285
0.0 0.0 0.0 0.0 0.0 2.0 0.0 0.0 2.0 0.0 0.0 0.0 0.0 1.0 0.0 0.0 0.0 0.0 0.0 0.0 0.0 0.0 0.0 1.0 0.0 0.45646153846153853 0.7959183673469388 0.983 0.045 0.655 0.20408163265306123 -0.0 0.87 0.12367499999999995 0.8163265306122449 0.956 -0.91 -0.07 0.008156250000000009 0.6530612244897959 0.983 -0.94 0.079 -0.029789473684210553 0.3877551020408163 0.83 -0.8 -0.72 0.28665853658536594 0.8367346938775511 0.996 -0.99 0.129
0.0 0.0 0.0 0.0 0.0 0.0 0.0 0.0 0.0 0.0 0.0 0.0 0.0 0.0 0.0 0.0 0.0 0.0 0.0 0.0 0.0 0.0 0.0 0.0 0.0 0.5755 0.6666666666666666 0.943 0.943 0.16 0.3333333333333333 -0.0 0.16 0.022499999999999992 0.6666666666666666 0.295 -0.25 -0.25 0.38399999999999995 1.0 0.943 -0.03 -0.03 -0.050499999999999996 0.6666666666666666 0.049 -0.15 -0.15 0.032999999999999974 0.6666666666666666 0.346 -0.28 -0.28
0.0 0.0 0.0 0.0 1.0 0.0 0.0 0.0 0.0 0.0 0.0 3.0 0.0 0.0 0.0 0.0 0.0 0.0 0.0 0.0 0.0 0.0 0.0 0.0 1.0 0.445875 0.7272727272727273 0.935 0.113 0.5399999999999999 0.2727272727272727 -0.0 0.03 0.0775 0.7272727272727273 0.956 -0.72 0.04 0.03674999999999999 0.7272727272727273 0.99 -0.79 -0.04 0.185 0.6363636363636364 0.83 -0.17 0.113 0.2074545454545455 1.0 0.935 -0.96 -0.04
0.0 0.0 0.0 0.0 0.0 1.0 0.0 0.0 1.0 0.0 0.0 0.0 0.0 1.0 0.0 0.0 0.0 0.0 0.0 0.0 0.0 0.0 0.0 1.0 0.0 0.6211290322580645 0.8157894736842105 0.939 0.034 0.4828571428571428 0.18421052631578946 -0.0 0.09 0.3777586206896551 0.7631578947368421 0.956 -0.99 0.094 0.047827586206896554 0.7631578947368421 0.979 -0.94 -0.03 0.1733333333333333 0.39473684210526316 0.964 -0.12 0.028 0.434 0.8421052631578947 0.986 -0.98 0.895
0.0 0.0 0.0 0.0 0.0 0.0 0.0 0.0 0.0 0.0 0.0 0.0 0.0 0.0 0.0 0.0 0.0 0.0 0.0 0.0 0.0 0.0 0.0 0.0 0.0 0.851 0.6666666666666666 0.924 0.924 0.9 0.3333333333333333 -0.0 0.9 0.24366666666666667 1.0 0.986 -0.96 0.986 0.0 0.0 0.0 0.0 0.0 -0.96 0.3333333333333333 0.0 -0.96 -0.96 0.311 1.0 0.862 -0.78 0.862
0.0 0.0 0.0 0.0 0.0 0.0 0.0 0.0 0.0 0.0 0.0 1.0 0.0 0.0 0.0 0.0 0.0 0.0 0.0 0.0 0.0 0.0 0.0 1.0 0.0 0.0 0.0 0.0 0.0 0.6799999999999999 1.0 -0.0 0.61 -0.626 1.0 0.0 -0.97 -0.53 0.098 0.2 0.098 0.0 0.098 0.684 0.6 0.82 0.0 0.57 -0.7525000000000001 0.8 0.0 -0.89 -0.73
0.0 0.0 0.0 0.0 0.0 2.0 0.0 0.0 0.0 0.0 0.0 0.0 0.0 0.0 0.0 0.0 0.0 0.0 0.0 0.0 0.0 0.0 1.0 0.0 0.0 0.4879333333333334 0.8823529411764706 0.935 0.849 0.875 0.11764705882352941 -0.0 0.86 0.17471428571428574 0.8235294117647058 0.956 -0.99 0.922 0.07391666666666667 0.7058823529411765 0.938 -0.94 0.776 0.015000000000000013 0.23529411764705882 0.99 -0.73 -0.73 0.42758333333333337 0.7058823529411765 0.935 -0.87 0.198
0.0 0.0 0.0 0.0 0.0 0.0 0.0 0.0 0.0 0.0 0.0 0.0 0.0 1.0 0.0 0.0 0.0 0.0 0.0 0.0 0.0 0.0 0.0 1.0 0.0 0.445 1.0 0.775 0.775 0.0 0.0 -0.0 -0.0 0.55 0.5 0.55 0.0 0.55 -0.98 0.5 0.0 -0.98 -0.98 0.0 0.0 0.0 0.0 0.0 0.4545 1.0 0.794 0.0 0.794
0.0 0.0 0.0 0.0 0.0 0.0 0.0 0.0 0.0 0.0 0.0 0.0 0.0 0.0 0.0 0.0 0.0 0.0 0.0 0.0 0.0 0.0 0.0 0.0 0.0 0.8766666666666666 0.75 0.935 0.849 0.83 0.25 -0.0 0.83 0.38433333333333336 0.75 0.956 -0.71 -0.71 -0.94 0.25 0.0 -0.94 -0.94 0.83 0.25 0.83 0.0 0.83 0.372 1.0 0.914 -0.96 -0.96
0.0 0.0 0.0 0.0 0.0 0.0 0.0 0.0 0.0 0.0 0.0 0.0 0.0 0.0 0.0 0.0 0.0 0.0 0.0 0.0 0.0 0.0 0.0 1.0 0.0 0.5258 0.8333333333333334 0.935 0.784 0.775 0.16666666666666666 -0.0 0.79 0.3138181818181818 0.9166666666666666 0.956 -0.93 -0.93 -0.28285714285714286 0.5833333333333334 0.902 -0.9 -0.9 0.33525 0.3333333333333333 0.856 -0.07 0.595 0.2698181818181819 0.9166666666666666 0.935 -0.83 -0.83
0.0 0.0 0.0 0.0 5.0 0.0 0.0 0.0 1.0 0.0 0.0 0.0 0.0 1.0 0.0 0.0 0.0 0.0 0.0 0.0 0.0 0.0 0.0 1.0 0.0 0.5980689655172414 0.8529411764705882 0.964 0.753 0.512 0.14705882352941177 -0.0 0.87 0.36319230769230776 0.7647058823529411 0.965 -0.96 0.686 0.2829166666666667 0.7058823529411765 0.99 -0.95 -0.77 0.07624999999999997 0.23529411764705882 0.83 -0.81 -0.1 0.38220000000000015 0.8823529411764706 0.928 -0.96 0.797
0.0 0.0 0.0 0.0 0.0 1.0 0.0 0.0 0.0 0.0 0.0 0.0 0.0 0.0 0.0 0.0 0.0 0.0 0.0 0.0 0.0 0.0 0.0 0.0 0.0 0.7564285714285715 0.875 0.949 0.949 0.83 0.125 -0.0 0.83 0.554 1.0 0.956 -0.71 0.91 0.88725 0.5 0.988 0.0 0.988 0.83 0.125 0.83 0.0 0.83 0.344 0.625 0.914 -0.96 -0.96
0.0 0.0 0.0 0.0 0.0 1.0 1.0 0.0 0.0 0.0 0.0 0.0 0.0 0.0 0.0 0.0 0.0 0.0 0.0 0.0 0.0 0.0 0.0 0.0 0.0 0.5408 0.625 0.952 0.87 0.7250000000000001 0.375 -0.0 0.76 0.1257857142857143 0.875 0.956 -0.83 0.814 -0.25250000000000006 0.5 0.953 -0.88 -0.87 0.2785555555555555 0.5625 0.82 -1.0 0.752 0.14100000000000001 0.8125 0.935 -1.0 0.918
0.0 0.0 0.0 0.0 0.0 0.0 1.0 0.0 0.0 0.0 0.0 0.0 0.0 0.0 0.0 0.0 0.0 0.0 0.0 0.0 0.0 1.0 0.0 0.0 0.0 0.45725 0.5 0.939 0.939 0.6275 0.5 -0.0 0.03 0.13440000000000002 0.625 0.899 -0.95 -0.02 0.10879999999999998 0.625 0.979 -0.65 -0.05 0.04849999999999999 0.5 0.883 -0.8 0.082 -0.19257142857142853 0.875 0.788 -0.83 -0.07
0.0 0.0 0.0 0.0 0.0 0.0 0.0 0.0 0.0 0.0 0.0 0.0 0.0 2.0 0.0 0.0 0.0 0.0 0.0 0.0 0.0 0.0 0.0 1.0 0.0 0.5472711864406778 0.855072463768116 0.943 0.856 0.6610000000000001 0.14492753623188406 -0.0 0.34 0.3123269230769232 0.7536231884057971 0.995 -0.82 0.876 0.12725 0.6956521739130435 0.979 -0.99 -0.99 0.25385714285714284 0.30434782608695654 0.99 -0.14 -0.14 0.31067741935483867 0.8985507246376812 0.947 -0.87 0.697
0.0 0.0 0.0 0.0 0.0 1.0 1.0 0.0 0.0 0.0 0.0 1.0 0.0 0.0 0.0 0.0 0.0 0.0 0.0 0.0 0.0 0.0 0.0 0.0 0.0 0.5251538461538463 0.7878787878787878 0.939 0.053 0.8499999999999999 0.21212121212121213 -0.0 0.93 0.33559259259259266 0.8181818181818182 0.956 -0.96 -0.04 0.31873684210526315 0.5757575757575758 0.979 -0.79 0.141 -0.0428125 0.48484848484848486 0.949 -0.91 -0.91 0.16811538461538464 0.7878787878787878 0.935 -0.96 -0.95
0.0 0.0 0.0 0.0 1.0 0.0 3.0 0.0 1.0 0.0 0.0 3.0 0.0 2.0 0.0 0.0 0.0 0.0 0.0 0.0 0.0 0.0 0.0 1.0 0.0 0.4937083333333334 0.6486486486486487 0.943 0.034 0.7638461538461538 0.35135135135135137 -0.0 0.07 0.08146428571428573 0.7567567567567568 0.956 -0.95 0.094 -0.04480952380952381 0.5675675675675675 0.943 -0.94 -0.03 0.4484444444444445 0.4864864864864865 0.937 -0.21 0.028 0.11432142857142856 0.7567567567567568 0.935 -0.97 -0.12
0.0 0.0 0.0 0.0 0.0 0.0 1.0 0.0 1.0 0.0 0.0 0.0 0.0 0.0 0.0 0.0 0.0 0.0 0.0 0.0 0.0 0.0 0.0 1.0 0.0 0.6100000000000001 0.8 0.806 0.067 0.86 0.2 -0.0 0.86 0.2958 1.0 0.982 -0.99 -0.04 0.10799999999999998 0.6 0.858 -0.67 0.136 -0.73 0.2 0.0 -0.73 -0.73 0.3935 0.4 0.682 0.0 0.105
0.0 0.0 0.0 0.0 0.0 1.0 0.0 0.0 1.0 0.0 0.0 0.0 0.0 0.0 0.0 0.0 0.0 0.0 0.0 0.0 0.0 0.0 1.0 0.0 0.0 0.524952380952381 0.7777777777777778 0.935 0.857 0.5800000000000001 0.2222222222222222 -0.0 0.7 0.25772000000000006 0.9259259259259259 0.956 -0.95 -0.59 0.16461111111111112 0.6666666666666666 0.992 -0.88 0.794 0.011333333333333343 0.3333333333333333 0.762 -0.91 0.672 0.3175 0.7407407407407407 0.935 -0.83 -0.83
0.0 0.0 0.0 0.0 1.0 0.0 0.0 0.0 0.0 0.0 0.0 0.0 0.0 0.0 0.0 0.0 0.0 0.0 0.0 0.0 0.0 0.0 0.0 0.0 1.0 0.3669523809523809 0.7777777777777778 0.935 0.262 0.8350000000000001 0.2222222222222222 -0.0 0.87 0.034499999999999975 0.8148148148148148 0.956 -0.96 0.43 0.034882352941176475 0.6296296296296297 0.79 -0.79 0.657 -0.18807692307692309 0.48148148148148145 0.816 -0.91 -0.28 0.20541666666666666 0.8888888888888888 0.935 -0.85 0.244
0.0 0.0 1.0 0.0 0.0 0.0 3.0 0.0 1.0 0.0 0.0 0.0 0.0 0.0 0.0 0.0 0.0 0.0 0.0 0.0 0.0 1.0 0.0 0.0 0.0 0.943 0.5 0.943 0.943 0.83 0.5 -0.0 0.83 -0.71 0.5 0.0 -0.71 -0.71 0.943 0.5 0.943 0.0 0.943 0.83 0.5 0.83 0.0 0.83 -0.96 0.5 0.0 -0.96 -0.96
0.0 0.0 0.0 0.0 0.0 0.0 0.0 0.0 0.0 0.0 0.0 1.0 0.0 0.0 0.0 0.0 0.0 0.0 0.0 0.0 0.0 0.0 0.0 1.0 0.0 0.5048888888888889 0.5294117647058824 0.893 0.091 0.6587500000000002 0.47058823529411764 -0.0 0.04 -0.002733333333333297 0.8823529411764706 0.932 -0.97 -0.03 0.0784 0.5882352941176471 0.855 -0.79 0.152 0.038363636363636364 0.6470588235294118 0.99 -0.93 -0.08 -0.2081538461538461 0.7647058823529411 0.935 -0.99 0.208
