0.0 0.0 0.0 0.0 0.0 0.0 0.0 0.0 1.0 0.0 0.0 0.0 0.0 0.0 0.0 0.0 0.0 0.0 0.0 0.0 0.0 0.0 0.0 1.0 0.0 0.44766666666666666 0.5714285714285714 0.833 0.832 0.7588888888888888 0.42857142857142855 -0.0 0.7 0.013352941176470593 0.8095238095238095 0.92 -0.99 -0.59 -0.03646153846153846 0.6190476190476191 0.855 -0.88 0.855 0.1673636363636364 0.5238095238095238 0.936 -0.7 0.672 -0.0677222222222222 0.8571428571428571 0.935 -0.98 -0.83
0.0 0.0 0.0 0.0 1.0 0.0 1.0 0.0 0.0 0.0 0.0 0.0 0.0 0.0 0.0 0.0 0.0 0.0 0.0 0.0 0.0 0.0 0.0 0.0 1.0 0.44163636363636366 0.9166666666666666 0.943 0.943 0.66 0.08333333333333333 -0.0 0.66 0.5158571428571428 0.5833333333333334 0.899 -0.04 0.324 0.3643636363636364 0.9166666666666666 0.979 -0.65 0.943 -0.24200000000000005 0.4166666666666667 0.0 -0.66 -0.34 0.27414285714285713 0.5833333333333334 0.788 0.0 0.442
0.0 1.0 0.0 0.0 0.0 0.0 0.0 0.0 0.0 0.0 1.0 0.0 0.0 0.0 0.0 0.0 0.0 0.0 0.0 0.0 1.0 0.0 0.0 0.0 0.0 0.847 0.5 0.889 0.889 0.535 0.5 -0.0 0.93 0.07250000000000004 1.0 0.877 -0.89 -0.89 0.6065 0.5 0.902 0.0 0.311 0.049 0.25 0.049 0.0 0.049 -0.16066666666666665 0.75 0.868 -0.96 -0.96
0.0 0.0 0.0 0.0 0.0 0.0 0.0 0.0 0.0 0.0 0.0 0.0 0.0 1.0 0.0 0.0 0.0 0.0 0.0 0.0 0.0 0.0 0.0 1.0 0.0 0.90125 0.8 0.939 0.886 0.9 0.2 -0.0 0.9 0.419 0.8 0.956 -0.91 0.956 0.9844999999999999 0.4 0.99 0.0 0.99 -0.9 0.2 0.0 -0.9 -0.9 0.8853333333333334 0.6 0.96 0.0 0.782
0.0 0.0 0.0 0.0 0.0 0.0 1.0 0.0 0.0 0.0 0.0 0.0 0.0 0.0 0.0 0.0 0.0 0.0 0.0 0.0 0.0 1.0 0.0 0.0 0.0 0.4566363636363636 0.8461538461538461 0.939 0.129 0.535 0.15384615384615385 -0.0 0.14 0.14511111111111108 0.6923076923076923 0.899 -0.97 -0.44 0.16854545454545453 0.8461538461538461 0.979 -0.79 0.311 -0.0505 0.3076923076923077 0.049 -0.21 0.049 0.3220909090909091 0.8461538461538461 0.95 -0.89 -0.39
0.0 0.0 1.0 0.0 0.0 0.0 2.0 0.0 0.0 0.0 0.0 0.0 0.0 1.0 0.0 0.0 0.0 0.0 0.0 0.0 0.0 0.0 0.0 1.0 0.0 0.07250000000000001 0.6666666666666666 0.075 0.075 0.87 0.3333333333333333 -0.0 0.87 -0.4375 0.6666666666666666 0.075 -0.95 0.075 0.0 0.0 0.0 0.0 0.0 -0.42000000000000004 0.6666666666666666 0.0 -0.78 -0.06 0.139 0.6666666666666666 0.203 0.0 0.075
0.0 0.0 1.0 0.0 0.0 0.0 11.0 0.0 0.0 0.0 0.0 1.0 0.0 0.0 0.0 0.0 0.0 0.0 0.0 0.0 0.0 1.0 0.0 0.0 0.0 0.0 0.0 0.0 0.0 0.66 1.0 -0.0 0.66 0.0 0.0 0.0 0.0 0.0 0.0 0.0 0.0 0.0 0.0 -0.66 1.0 0.0 -0.66 -0.66 0.0 0.0 0.0 0.0 0.0
0.0 0.0 0.0 0.0 0.0 1.0 0.0 0.0 0.0 0.0 1.0 0.0 0.0 0.0 0.0 0.0 0.0 0.0 0.0 0.0 1.0 0.0 0.0 0.0 0.0 0.11333333333333334 0.42857142857142855 0.208 0.071 0.2775 0.5714285714285714 -0.0 0.07 -0.08700000000000001 0.8571428571428571 0.295 -0.74 -0.09 0.09799999999999999 0.7142857142857143 0.241 -0.06 -0.06 -0.22160000000000002 0.7142857142857143 0.049 -0.7 -0.05 0.1255 0.5714285714285714 0.346 -0.09 0.13
0.0 0.0 0.0 0.0 0.0 0.0 0.0 0.0 2.0 0.0 0.0 0.0 0.0 0.0 0.0 0.0 0.0 0.0 0.0 0.0 0.0 0.0 0.0 0.0 0.0 0.5735 1.0 0.789 0.358 0.0 0.0 -0.0 -0.0 0.3815 1.0 0.721 0.0 0.042 0.09399999999999997 1.0 0.858 -0.67 -0.67 0.0 0.0 0.0 0.0 0.0 0.361 0.5 0.361 0.0 0.361
0.0 0.0 0.0 0.0 0.0 0.0 1.0 0.0 0.0 0.0 0.0 0.0 0.0 1.0 0.0 0.0 0.0 0.0 0.0 0.0 0.0 0.0 0.0 1.0 0.0 0.6796 1.0 0.857 0.103 0.0 0.0 -0.0 -0.0 0.5753333333333334 0.6 0.905 0.0 0.098 -0.18799999999999997 0.8 0.773 -0.94 0.165 -0.13 0.2 0.0 -0.13 -0.13 0.7246 1.0 0.934 0.0 0.284
0.0 0.0 0.0 0.0 0.0 0.0 0.0 0.0 0.0 1.0 0.0 0.0 0.0 0.0 0.0 0.0 0.0 0.0 0.0 1.0 0.0 0.0 0.0 0.0 0.0 0.5248333333333334 1.0 0.935 0.142 0.0 0.0 -0.0 -0.0 0.446 0.8333333333333334 0.956 -0.07 0.093 0.3692500000000001 0.6666666666666666 0.99 0.0 0.136 -0.005499999999999998 0.3333333333333333 0.049 -0.06 -0.06 0.5573333333333333 1.0 0.914 0.0 0.197
0.0 0.0 0.0 0.0 0.0 3.0 1.0 0.0 2.0 1.0 0.0 0.0 0.0 1.0 0.0 0.0 0.0 0.0 0.0 0.0 0.0 0.0 0.0 1.0 0.0 0.49349999999999994 0.9230769230769231 0.939 0.057 0.32 0.07692307692307693 -0.0 0.07 0.3775769230769231 0.6666666666666666 0.956 -0.9 -0.11 -0.03135483870967738 0.7948717948717948 0.979 -0.94 0.227 -0.0042142857142857156 0.358974358974359 0.841 -0.13 0.022 0.4789722222222222 0.9230769230769231 0.976 -0.73 -0.09
0.0 0.0 0.0 0.0 0.0 0.0 1.0 0.0 0.0 1.0 0.0 0.0 0.0 0.0 0.0 0.0 0.0 0.0 0.0 1.0 0.0 0.0 0.0 0.0 0.0 0.518142857142857 0.9333333333333333 0.935 0.053 0.78 0.06666666666666667 -0.0 0.78 0.3685384615384615 0.8666666666666667 0.956 -0.97 0.024 0.22000000000000003 0.6666666666666666 0.984 -0.79 -0.79 0.08728571428571429 0.4666666666666667 0.84 -0.15 0.017 0.49921428571428567 0.9333333333333333 0.935 -0.52 0.151
0.0 0.0 0.0 0.0 1.0 1.0 0.0 0.0 0.0 2.0 0.0 3.0 0.0 1.0 0.0 0.0 0.0 0.0 0.0 1.0 0.0 0.0 0.0 0.0 0.0 0.4788333333333335 0.8 0.943 0.178 0.42444444444444446 0.2 -0.0 0.72 0.23023684210526313 0.8444444444444444 0.967 -0.78 0.229 0.12491428571428569 0.7777777777777778 0.968 -0.94 0.127 0.13284999999999997 0.4444444444444444 0.882 -0.21 0.882 0.29606060606060597 0.7333333333333333 0.935 -0.97 -0.73
0.0 0.0 1.0 0.0 0.0 1.0 2.0 0.0 1.0 0.0 0.0 3.0 0.0 0.0 0.0 0.0 0.0 0.0 0.0 0.0 0.0 0.0 0.0 0.0 0.0 0.5138461538461537 0.9285714285714286 0.939 0.722 0.8 0.07142857142857142 -0.0 0.79 0.3238333333333333 0.8571428571428571 1.0 -0.95 0.745 -0.18519047619047618 0.75 0.979 -0.94 -0.71 0.09288888888888887 0.32142857142857145 0.945 -0.21 0.945 0.4554074074074074 0.9642857142857143 0.996 -0.85 0.709
0.0 0.0 0.0 0.0 0.0 0.0 0.0 0.0 0.0 0.0 0.0 0.0 0.0 0.0 0.0 0.0 0.0 0.0 0.0 0.0 0.0 0.0 0.0 1.0 0.0 0.5103125 0.6666666666666666 0.948 0.116 0.5725 0.3333333333333333 -0.0 0.98 0.1882105263157895 0.7916666666666666 0.956 -0.98 0.113 0.07881250000000001 0.6666666666666666 0.986 -0.79 0.126 -0.06058333333333335 0.5 0.801 -0.99 -0.99 0.24700000000000005 0.7083333333333334 0.935 -0.79 0.11
0.0 0.0 0.0 0.0 0.0 0.0 0.0 0.0 0.0 0.0 1.0 0.0 0.0 0.0 0.0 0.0 0.0 0.0 0.0 0.0 1.0 0.0 0.0 0.0 0.0 0.082 0.3333333333333333 0.082 0.082 0.15000000000000002 0.6666666666666666 -0.0 0.13 -0.09433333333333334 1.0 0.127 -0.26 -0.26 0.009500000000000001 0.6666666666666666 0.069 -0.05 -0.05 -0.11366666666666665 1.0 0.029 -0.21 -0.16 -0.049999999999999996 1.0 0.16 -0.16 -0.16
0.0 1.0 0.0 0.0 0.0 0.0 0.0 0.0 0.0 0.0 1.0 0.0 0.0 0.0 0.0 0.0 0.0 0.0 0.0 0.0 1.0 0.0 0.0 0.0 0.0 0.07 0.5 0.07 0.07 0.75 0.5 -0.0 0.75 0.023 0.5 0.023 0.0 0.023 0.173 0.5 0.173 0.0 0.173 -0.42 1.0 0.0 -0.75 -0.75 -0.279 1.0 0.182 -0.74 -0.74
0.0 0.0 0.0 0.0 0.0 0.0 0.0 0.0 0.0 0.0 0.0 2.0 0.0 0.0 0.0 0.0 0.0 0.0 0.0 0.0 0.0 0.0 0.0 1.0 0.0 0.6564444444444445 0.75 0.935 0.726 0.8066666666666666 0.25 -0.0 0.7 0.24209090909090908 0.9166666666666666 0.956 -0.92 0.501 0.1255714285714286 0.5833333333333334 0.858 -0.99 -0.99 0.6599999999999999 0.16666666666666666 0.706 0.0 0.614 0.470875 0.6666666666666666 0.935 -0.74 0.68
0.0 0.0 0.0 0.0 0.0 0.0 0.0 0.0 0.0 0.0 0.0 1.0 0.0 0.0 0.0 0.0 0.0 0.0 0.0 0.0 0.0 0.0 0.0 0.0 0.0 0.5884285714285714 1.0 0.846 0.761 0.0 0.0 -0.0 -0.0 0.6474 0.7142857142857143 0.936 0.0 0.936 -0.30742857142857144 1.0 0.756 -0.94 -0.79 -0.13 0.14285714285714285 0.0 -0.13 -0.13 0.5658333333333333 0.8571428571428571 0.935 0.0 0.552
0.0 0.0 0.0 0.0 0.0 0.0 0.0 0.0 0.0 0.0 0.0 0.0 0.0 1.0 0.0 0.0 0.0 0.0 0.0 0.0 0.0 0.0 0.0 0.0 0.0 0.846 0.5 0.846 0.846 0.14 0.5 -0.0 0.14 -0.44 0.5 0.0 -0.44 -0.44 -0.3145 1.0 0.311 -0.94 0.311 0.049 0.5 0.049 0.0 0.049 0.177 1.0 0.744 -0.39 -0.39
0.0 1.0 0.0 0.0 0.0 0.0 0.0 0.0 0.0 0.0 1.0 0.0 0.0 0.0 0.0 0.0 0.0 0.0 0.0 0.0 1.0 0.0 0.0 0.0 0.0 0.746 0.75 0.789 0.736 0.14 0.25 -0.0 0.14 0.41100000000000003 1.0 0.749 -0.44 -0.44 -0.10124999999999999 1.0 0.724 -0.79 0.311 0.049 0.25 0.049 0.0 0.049 0.4443333333333334 0.75 0.935 -0.39 -0.39
0.0 1.0 0.0 0.0 2.0 0.0 0.0 0.0 0.0 0.0 1.0 0.0 0.0 0.0 0.0 0.0 0.0 0.0 1.0 0.0 1.0 0.0 0.0 0.0 0.0 0.719 0.5 0.719 0.719 0.91 0.5 -0.0 0.91 -0.09100000000000003 1.0 0.728 -0.91 -0.91 0.713 0.5 0.713 0.0 0.713 0.0 0.0 0.0 0.0 0.0 0.715 0.5 0.715 0.0 0.715
0.0 0.0 0.0 0.0 2.0 1.0 0.0 0.0 3.0 0.0 0.0 0.0 0.0 2.0 0.0 0.0 0.0 0.0 0.0 0.0 0.0 0.0 0.0 1.0 0.0 0.5231136363636364 0.7586206896551724 0.952 0.053 0.5378571428571429 0.2413793103448276 -0.0 0.8 0.26926 0.8620689655172413 0.995 -0.88 -0.88 -0.006209302325581393 0.7413793103448276 0.979 -0.94 0.241 0.05688000000000001 0.43103448275862066 0.98 -1.0 0.854 0.26243749999999993 0.8275862068965517 0.968 -1.0 -0.66
0.0 0.0 0.0 0.0 1.0 1.0 1.0 0.0 1.0 0.0 0.0 1.0 0.0 0.0 0.0 0.0 0.0 0.0 0.0 0.0 0.0 0.0 0.0 0.0 0.0 0.5299615384615385 0.6842105263157895 0.935 0.35 0.6066666666666667 0.3157894736842105 -0.0 0.64 0.21696774193548377 0.8157894736842105 0.979 -0.99 -0.53 -0.020809523809523802 0.5526315789473685 0.749 -0.94 0.621 -0.03123529411764706 0.4473684210526316 0.893 -1.0 0.612 0.21035135135135136 0.9736842105263158 0.935 -1.0 -0.79
0.0 0.0 0.0 0.0 0.0 1.0 1.0 0.0 1.0 0.0 0.0 0.0 0.0 1.0 0.0 0.0 0.0 0.0 0.0 0.0 0.0 0.0 1.0 0.0 0.0 0.5347105263157895 0.8636363636363636 0.939 0.823 0.7416666666666667 0.13636363636363635 -0.0 0.66 0.32139024390243903 0.9318181818181818 0.988 -0.78 0.967 -0.006733333333333332 0.6818181818181818 0.979 -0.94 0.795 0.16246666666666665 0.3409090909090909 0.918 -0.21 0.585 0.3168205128205127 0.8863636363636364 0.935 -0.96 0.706
0.0 1.0 0.0 0.0 0.0 0.0 0.0 0.0 0.0 0.0 1.0 0.0 0.0 0.0 0.0 0.0 0.0 0.0 0.0 0.0 1.0 0.0 0.0 0.0 0.0 0.27125 0.6666666666666666 0.831 0.082 0.15000000000000002 0.3333333333333333 -0.0 0.13 0.11979999999999998 0.8333333333333334 0.912 -0.26 -0.26 0.23419999999999996 0.8333333333333334 0.749 -0.05 -0.05 -0.11420000000000001 0.8333333333333334 0.029 -0.21 -0.16 0.06559999999999999 0.8333333333333334 0.298 -0.16 -0.16
0.0 0.0 0.0 0.0 0.0 0.0 1.0 0.0 0.0 0.0 0.0 0.0 0.0 0.0 0.0 0.0 0.0 0.0 0.0 0.0 0.0 1.0 0.0 0.0 0.0 0.88 0.5714285714285714 0.97 0.843 0.43 0.42857142857142855 -0.0 0.07 0.25742857142857145 1.0 0.956 -0.91 -0.17 0.20140000000000002 0.7142857142857143 0.991 -0.79 -0.15 -0.25 0.2857142857142857 0.0 -0.42 -0.08 0.357 0.2857142857142857 0.914 -0.2 -0.2
0.0 0.0 0.0 0.0 1.0 0.0 0.0 0.0 0.0 0.0 0.0 0.0 0.0 0.0 0.0 0.0 0.0 0.0 0.0 0.0 0.0 0.0 0.0 0.0 1.0 0.067 0.3333333333333333 0.067 0.067 0.845 0.6666666666666666 -0.0 0.91 -0.5666666666666668 1.0 0.0 -0.91 -0.04 0.136 0.3333333333333333 0.136 0.0 0.136 0.82 0.3333333333333333 0.82 0.0 0.82 0.105 0.3333333333333333 0.105 0.0 0.105
0.0 1.0 0.0 0.0 0.0 0.0 0.0 0.0 0.0 0.0 1.0 0.0 0.0 0.0 0.0 0.0 0.0 0.0 0.0 0.0 1.0 0.0 0.0 0.0 0.0 0.065 0.5 0.065 0.065 0.91 0.5 -0.0 0.91 -0.42100000000000004 1.0 0.068 -0.91 -0.91 0.134 0.5 0.134 0.0 0.134 -0.06 0.5 0.0 -0.06 -0.06 0.121 0.5 0.121 0.0 0.121
0.0 1.0 0.0 0.0 0.0 0.0 0.0 0.0 0.0 0.0 1.0 0.0 0.0 0.0 0.0 0.0 0.0 0.0 0.0 0.0 1.0 0.0 0.0 0.0 0.0 0.0 0.0 0.0 0.0 0.91 1.0 -0.0 0.91 -0.91 1.0 0.0 -0.91 -0.91 0.0 0.0 0.0 0.0 0.0 0.0 0.0 0.0 0.0 0.0 0.0 0.0 0.0 0.0 0.0
0.0 0.0 0.0 0.0 0.0 2.0 0.0 0.0 0.0 0.0 0.0 0.0 0.0 0.0 0.0 0.0 0.0 0.0 0.0 0.0 0.0 0.0 1.0 0.0 0.0 0.5656666666666664 0.8095238095238095 0.952 0.728 0.6566666666666667 0.19047619047619047 -0.0 0.34 0.30737254901960775 0.8095238095238095 0.971 -0.87 -0.14 -0.06844186046511631 0.6825396825396826 0.979 -0.99 0.098 0.03368181818181817 0.3492063492063492 0.99 -0.91 0.662 0.36666666666666664 0.8095238095238095 0.935 -0.87 -0.65
0.0 0.0 0.0 0.0 0.0 0.0 1.0 0.0 0.0 0.0 0.0 0.0 0.0 0.0 0.0 0.0 0.0 0.0 0.0 0.0 0.0 1.0 0.0 0.0 0.0 0.4205 1.0 0.789 0.08 0.0 0.0 -0.0 -0.0 0.35625 1.0 0.781 -0.04 -0.04 -0.1566666666666667 0.75 0.228 -0.79 0.228 -0.043000000000000003 0.5 0.014 -0.1 -0.1 0.50675 1.0 0.935 0.0 0.238
0.0 0.0 0.0 0.0 0.0 0.0 2.0 0.0 0.0 0.0 0.0 0.0 0.0 0.0 0.0 0.0 0.0 0.0 0.0 0.0 0.0 1.0 0.0 0.0 0.0 0.7673333333333333 1.0 0.911 0.761 0.0 0.0 -0.0 -0.0 0.6717500000000001 0.6666666666666666 0.935 0.0 0.935 0.22279999999999997 0.8333333333333334 0.99 -0.8 -0.8 0.0 0.0 0.0 0.0 0.0 0.7423333333333333 1.0 0.958 0.0 0.547
0.0 0.0 0.0 0.0 0.0 3.0 1.0 0.0 0.0 0.0 0.0 4.0 0.0 0.0 0.0 0.0 0.0 0.0 0.0 0.0 0.0 1.0 0.0 0.0 0.0 0.596 0.8928571428571429 0.943 0.084 0.8066666666666666 0.10714285714285714 -0.0 0.84 0.4712380952380953 0.75 0.988 -0.95 0.032 0.23755 0.7142857142857143 0.979 -0.94 0.261 -0.221 0.35714285714285715 0.0 -0.8 -0.15 0.3984 0.7142857142857143 0.958 -0.78 0.198
0.0 0.0 0.0 0.0 0.0 0.0 0.0 0.0 0.0 1.0 0.0 0.0 0.0 0.0 0.0 0.0 0.0 0.0 0.0 0.0 0.0 0.0 0.0 0.0 0.0 0.5041818181818182 0.7857142857142857 0.957 0.043 0.26333333333333336 0.21428571428571427 -0.0 0.08 0.24290909090909094 0.7857142857142857 0.956 -0.78 -0.08 -0.0991 0.7142857142857143 0.969 -0.96 0.112 0.023749999999999993 0.2857142857142857 0.585 -0.34 -0.06 0.47850000000000004 0.7142857142857143 0.945 -0.63 0.191
0.0 0.0 0.0 0.0 0.0 1.0 1.0 0.0 0.0 0.0 0.0 0.0 0.0 0.0 0.0 0.0 0.0 0.0 0.0 0.0 0.0 0.0 1.0 0.0 0.0 0.46025 0.9230769230769231 0.935 0.891 0.66 0.07692307692307693 -0.0 0.66 0.3948333333333333 0.9230769230769231 0.961 -0.78 0.952 0.2165 0.7692307692307693 0.916 -0.79 0.842 0.10683333333333335 0.46153846153846156 0.585 -0.09 -0.09 0.39675 0.9230769230769231 0.935 -0.63 0.878
0.0 0.0 0.0 0.0 0.0 1.0 1.0 0.0 0.0 0.0 0.0 0.0 0.0 0.0 0.0 0.0 0.0 0.0 0.0 0.0 0.0 1.0 0.0 0.0 0.0 0.5712500000000003 0.8888888888888888 0.939 0.036 0.594 0.1111111111111111 -0.0 0.78 0.3836097560975609 0.9111111111111111 0.988 -0.78 -0.06 0.26085714285714284 0.7777777777777778 0.998 -0.94 0.109 0.11284615384615383 0.28888888888888886 0.82 -0.18 -0.05 0.3931612903225807 0.6888888888888889 0.935 -0.74 0.158
0.0 0.0 0.0 0.0 0.0 0.0 1.0 0.0 0.0 0.0 0.0 0.0 0.0 0.0 0.0 0.0 0.0 0.0 0.0 0.0 0.0 1.0 0.0 0.0 0.0 0.515 1.0 0.883 0.147 0.0 0.0 -0.0 -0.0 0.4305 1.0 0.77 0.0 0.091 0.121 0.5 0.121 0.0 0.121 0.0 0.0 0.0 0.0 0.0 0.6125 1.0 0.996 0.0 0.229
0.0 0.0 0.0 0.0 0.0 0.0 1.0 0.0 2.0 0.0 0.0 1.0 0.0 1.0 0.0 0.0 0.0 0.0 0.0 0.0 0.0 0.0 0.0 1.0 0.0 0.6199473684210527 0.95 0.939 0.087 0.04 0.05 -0.0 0.04 0.6348333333333334 0.9 1.0 -0.08 0.095 0.25975000000000004 0.6 0.996 -0.79 0.204 -0.09983333333333333 0.3 0.011 -0.22 -0.12 0.5847777777777777 0.9 0.969 -0.04 0.174
0.0 0.0 0.0 0.0 0.0 0.0 1.0 0.0 0.0 0.0 0.0 0.0 0.0 0.0 0.0 0.0 0.0 0.0 0.0 0.0 0.0 1.0 0.0 0.0 0.0 0.0 0.0 0.0 0.0 0.93 1.0 -0.0 0.93 -0.87 1.0 0.0 -0.87 -0.87 0.0 0.0 0.0 0.0 0.0 0.936 1.0 0.936 0.0 0.936 -0.98 1.0 0.0 -0.98 -0.98
0.0 0.0 0.0 0.0 0.0 0.0 2.0 0.0 0.0 0.0 0.0 4.0 0.0 1.0 0.0 0.0 0.0 0.0 0.0 0.0 0.0 1.0 0.0 0.0 0.0 0.6320980392156863 0.8225806451612904 0.952 0.939 0.770909090909091 0.1774193548387097 -0.0 0.87 0.3865961538461538 0.8387096774193549 1.0 -0.96 0.912 0.006243902439024415 0.6612903225806451 0.979 -0.94 0.953 0.36439999999999995 0.3225806451612903 0.882 -0.13 0.028 0.3669245283018867 0.8548387096774194 0.966 -0.92 0.966
0.0 0.0 0.0 0.0 0.0 0.0 1.0 0.0 2.0 0.0 0.0 5.0 0.0 0.0 0.0 0.0 0.0 0.0 0.0 0.0 0.0 1.0 0.0 0.0 0.0 0.44795454545454555 0.88 0.943 0.046 0.6583333333333333 0.12 -0.0 0.76 0.2552558139534883 0.86 0.967 -0.81 -0.04 0.27357142857142863 0.56 0.979 -0.79 0.127 0.1286 0.3 0.816 -0.23 -0.12 0.33434146341463417 0.82 0.935 -0.87 0.223
0.0 0.0 0.0 0.0 0.0 0.0 0.0 0.0 0.0 0.0 0.0 0.0 0.0 0.0 0.0 0.0 0.0 0.0 0.0 0.0 0.0 0.0 0.0 1.0 0.0 0.3984 1.0 0.878 0.091 0.0 0.0 -0.0 -0.0 0.45949999999999996 0.8 0.812 -0.05 -0.05 0.39425 0.8 0.984 0.0 0.278 -0.060500000000000005 0.4 0.049 -0.17 -0.17 0.45499999999999996 1.0 0.838 0.0 0.319
0.0 0.0 0.0 0.0 0.0 0.0 2.0 0.0 0.0 0.0 0.0 1.0 0.0 0.0 0.0 0.0 0.0 0.0 0.0 0.0 0.0 1.0 0.0 0.0 0.0 0.5217692307692308 0.9285714285714286 0.943 0.943 0.72 0.07142857142857142 -0.0 0.72 0.22039999999999998 0.7142857142857143 0.92 -0.9 0.109 0.23491666666666666 0.8571428571428571 0.99 -0.88 0.943 0.278 0.07142857142857142 0.278 0.0 0.278 0.32591666666666663 0.8571428571428571 0.934 -0.99 0.098
0.0 0.0 0.0 0.0 0.0 0.0 2.0 0.0 0.0 1.0 0.0 0.0 0.0 0.0 0.0 0.0 0.0 0.0 0.0 1.0 0.0 0.0 0.0 0.0 0.0 0.5736428571428572 0.6666666666666666 0.939 0.73 0.44714285714285706 0.3333333333333333 -0.0 0.04 0.2 0.8571428571428571 0.967 -0.82 -0.1 0.233 0.7619047619047619 0.979 -0.93 0.077 0.2843 0.47619047619047616 0.99 -0.14 -0.11 0.23800000000000004 0.7142857142857143 0.947 -0.87 0.75
0.0 0.0 0.0 0.0 0.0 1.0 1.0 0.0 1.0 0.0 0.0 1.0 0.0 0.0 0.0 0.0 0.0 0.0 0.0 0.0 0.0 1.0 0.0 0.0 0.0 0.5160399999999999 0.8928571428571429 0.951 0.817 0.5033333333333333 0.10714285714285714 -0.0 0.73 0.37 0.7142857142857143 0.986 -0.81 0.819 0.0945 0.7142857142857143 0.979 -0.94 0.701 0.0565 0.42857142857142855 0.52 -0.09 -0.08 0.4281739130434783 0.8214285714285714 0.935 -0.87 0.816
0.0 0.0 1.0 0.0 0.0 0.0 3.0 0.0 0.0 1.0 0.0 0.0 0.0 0.0 0.0 0.0 0.0 0.0 0.0 0.0 0.0 1.0 0.0 0.0 0.0 0.669611111111111 0.8571428571428571 0.943 0.746 0.56 0.14285714285714285 -0.0 0.81 0.397 0.8095238095238095 0.957 -0.77 0.723 0.3237333333333333 0.7142857142857143 0.979 -0.79 0.773 0.157 0.2857142857142857 0.816 -0.21 -0.21 0.4705 0.8571428571428571 0.935 -0.85 0.769
0.0 0.0 0.0 0.0 0.0 0.0 1.0 0.0 0.0 0.0 0.0 0.0 0.0 0.0 0.0 0.0 0.0 0.0 0.0 0.0 0.0 1.0 0.0 0.0 0.0 0.3525 1.0 0.935 0.258 0.0 0.0 -0.0 -0.0 0.386875 0.6666666666666666 0.956 -0.12 0.277 0.24366666666666667 0.75 0.99 0.0 0.161 -0.022166666666666668 0.5 0.049 -0.09 -0.07 0.4033333333333334 1.0 0.914 0.0 0.337
0.0 0.0 0.0 0.0 0.0 1.0 1.0 0.0 1.0 0.0 0.0 2.0 0.0 0.0 0.0 0.0 0.0 0.0 0.0 0.0 0.0 0.0 0.0 0.0 0.0 0.5564666666666667 0.8823529411764706 0.948 0.746 0.755 0.11764705882352941 -0.0 0.75 0.36663636363636365 0.6470588235294118 0.95 -0.8 0.723 -0.002999999999999977 0.7647058823529411 0.979 -0.94 -0.94 0.303 0.29411764705882354 0.752 -0.05 -0.05 0.43435714285714283 0.8235294117647058 0.948 -0.81 0.769
0.0 0.0 0.0 0.0 0.0 0.0 1.0 0.0 0.0 0.0 0.0 0.0 0.0 1.0 0.0 0.0 0.0 0.0 0.0 0.0 0.0 0.0 0.0 1.0 0.0 0.8260000000000002 0.8333333333333334 0.935 0.766 0.7 0.16666666666666666 -0.0 0.7 0.456 0.75 0.956 -0.75 0.719 0.85075 0.6666666666666666 0.99 0.0 0.812 0.614 0.16666666666666666 0.614 0.0 0.614 0.3755714285714286 0.5833333333333334 0.914 -0.74 -0.74
0.0 0.0 0.0 0.0 0.0 0.0 2.0 0.0 3.0 0.0 0.0 0.0 0.0 0.0 0.0 0.0 0.0 0.0 0.0 0.0 0.0 0.0 0.0 1.0 0.0 0.5362173913043479 0.92 0.935 0.15 0.7749999999999999 0.08 -0.0 0.85 0.46347368421052626 0.76 0.956 -0.75 -0.03 0.1967058823529412 0.68 0.902 -0.94 0.213 0.0734 0.4 0.99 -0.17 -0.08 0.4101 0.8 0.935 -0.74 0.268
0.0 0.0 0.0 0.0 0.0 0.0 0.0 0.0 0.0 0.0 0.0 1.0 0.0 0.0 0.0 0.0 0.0 0.0 0.0 0.0 0.0 0.0 0.0 0.0 0.0 0.867 1.0 0.867 0.867 0.0 0.0 -0.0 -0.0 0.845 1.0 0.845 0.0 0.845 0.888 1.0 0.888 0.0 0.888 0.0 0.0 0.0 0.0 0.0 0.0 0.0 0.0 0.0 0.0
0.0 0.0 0.0 0.0 0.0 0.0 0.0 0.0 0.0 0.0 0.0 0.0 0.0 0.0 0.0 0.0 0.0 0.0 0.0 0.0 0.0 0.0 0.0 0.0 0.0 0.40519999999999995 1.0 0.943 0.943 0.0 0.0 -0.0 -0.0 0.37233333333333335 0.6 0.781 0.0 0.781 0.33525 0.8 0.943 0.0 0.943 0.049 0.2 0.049 0.0 0.049 0.371 0.6 0.706 0.0 0.706
0.0 0.0 0.0 0.0 0.0 0.0 1.0 0.0 0.0 0.0 0.0 0.0 0.0 0.0 0.0 0.0 0.0 0.0 0.0 0.0 0.0 1.0 0.0 0.0 0.0 0.5630000000000001 1.0 0.911 0.911 0.0 0.0 -0.0 -0.0 0.5153333333333333 1.0 0.865 -0.1 0.865 0.171 0.3333333333333333 0.171 0.0 0.171 -0.1 0.3333333333333333 0.0 -0.1 -0.1 0.6113333333333334 1.0 0.958 0.0 0.958
0.0 0.0 0.0 0.0 1.0 1.0 0.0 0.0 1.0 0.0 0.0 1.0 0.0 0.0 0.0 0.0 0.0 0.0 0.0 0.0 0.0 0.0 0.0 0.0 0.0 0.46366666666666645 0.9 0.899 0.874 0.47400000000000003 0.1 -0.0 0.06 0.37225581395348833 0.86 1.0 -0.92 0.847 -0.20871428571428563 0.84 0.882 -0.97 0.871 -0.02068750000000001 0.32 0.783 -0.9 0.028 0.4479285714285715 0.84 0.935 -0.74 0.903
0.0 0.0 0.0 0.0 0.0 0.0 0.0 0.0 0.0 0.0 0.0 0.0 0.0 2.0 0.0 0.0 0.0 0.0 0.0 0.0 0.0 0.0 0.0 1.0 0.0 0.4008125 0.8888888888888888 0.852 0.073 0.745 0.1111111111111111 -0.0 0.78 0.16666666666666666 0.6666666666666666 0.946 -0.75 0.054 -0.05499999999999999 0.6666666666666666 0.801 -0.94 0.077 0.36549999999999994 0.2222222222222222 0.82 -0.06 -0.06 0.2672 0.8333333333333334 0.98 -0.86 0.068
0.0 0.0 0.0 0.0 0.0 0.0 0.0 0.0 0.0 0.0 0.0 0.0 0.0 0.0 0.0 0.0 0.0 0.0 0.0 0.0 0.0 0.0 0.0 1.0 0.0 0.6788888888888889 1.0 0.935 0.744 0.0 0.0 -0.0 -0.0 0.7202499999999998 0.8888888888888888 0.961 -0.05 0.781 0.24114285714285713 0.7777777777777778 0.949 -0.79 0.172 -0.06 0.1111111111111111 0.0 -0.06 -0.06 0.6485714285714286 0.7777777777777778 0.935 0.0 0.706
0.0 0.0 0.0 0.0 1.0 0.0 1.0 0.0 0.0 0.0 0.0 0.0 0.0 1.0 0.0 0.0 0.0 0.0 0.0 0.0 0.0 0.0 0.0 0.0 1.0 0.5056190476190476 0.84 0.959 0.088 0.77 0.16 -0.0 0.76 0.26231818181818173 0.88 0.956 -0.99 -0.61 0.191625 0.64 0.921 -0.98 0.069 0.013555555555555543 0.36 0.856 -0.91 0.856 0.3086842105263158 0.76 0.914 -0.82 0.108
0.0 0.0 0.0 0.0 0.0 0.0 2.0 0.0 0.0 0.0 0.0 0.0 0.0 0.0 0.0 0.0 0.0 0.0 0.0 0.0 0.0 1.0 0.0 0.0 0.0 0.8889999999999999 0.75 0.911 0.911 0.75 0.25 -0.0 0.75 0.36833333333333335 0.75 0.88 -0.64 -0.64 0.925 0.5 0.99 0.0 0.99 0.87 0.25 0.87 0.0 0.87 0.3333333333333333 0.75 0.958 -0.74 -0.74
0.0 0.0 2.0 0.0 0.0 0.0 4.0 0.0 1.0 0.0 0.0 0.0 0.0 2.0 0.0 0.0 0.0 0.0 0.0 0.0 0.0 0.0 0.0 0.0 0.0 0.5726666666666667 0.7857142857142857 0.939 0.118 0.7333333333333333 0.21428571428571427 -0.0 0.73 0.2187777777777778 0.8571428571428571 0.971 -0.89 -0.62 0.07473333333333333 0.7142857142857143 0.984 -0.94 0.13 0.335 0.4523809523809524 0.988 -0.1 0.988 0.2868461538461538 0.9285714285714286 0.935 -0.73 -0.59
0.0 0.0 0.0 0.0 0.0 0.0 1.0 0.0 0.0 0.0 0.0 0.0 0.0 0.0 0.0 0.0 0.0 0.0 0.0 0.0 0.0 0.0 0.0 1.0 0.0 0.6726666666666667 0.75 0.939 0.106 0.5333333333333333 0.25 -0.0 0.75 0.33999999999999997 0.8333333333333334 0.956 -0.85 0.899 0.389125 0.6666666666666666 0.984 -0.65 0.142 0.15 0.3333333333333333 0.87 -0.14 -0.08 0.40639999999999993 0.8333333333333334 0.916 -0.8 0.258
0.0 0.0 0.0 0.0 0.0 0.0 1.0 0.0 0.0 0.0 0.0 0.0 0.0 0.0 0.0 0.0 0.0 0.0 0.0 0.0 0.0 0.0 0.0 1.0 0.0 0.508 0.625 0.851 0.039 0.77 0.375 -0.0 0.66 -0.17983333333333332 0.75 0.728 -0.96 -0.04 -0.026999999999999996 0.375 0.713 -0.94 0.146 0.7024999999999999 0.25 0.82 0.0 0.585 0.17999999999999997 0.875 0.98 -0.77 0.069
0.0 0.0 0.0 0.0 0.0 0.0 1.0 0.0 0.0 0.0 0.0 0.0 0.0 0.0 0.0 0.0 0.0 0.0 0.0 0.0 0.0 1.0 0.0 0.0 0.0 0.745 1.0 0.746 0.746 0.0 0.0 -0.0 -0.0 0.752 1.0 0.781 0.0 0.723 0.0 0.0 0.0 0.0 0.0 0.0 0.0 0.0 0.0 0.0 0.7375 1.0 0.769 0.0 0.769
0.0 0.0 0.0 0.0 1.0 1.0 2.0 0.0 1.0 0.0 0.0 2.0 0.0 0.0 0.0 0.0 0.0 0.0 0.0 0.0 0.0 1.0 0.0 0.0 0.0 0.5056190476190476 0.9545454545454546 0.935 0.817 0.78 0.045454545454545456 -0.0 0.78 0.4147894736842105 0.8636363636363636 0.967 -0.73 0.819 0.287 0.6818181818181818 0.86 -0.79 0.701 -0.19833333333333336 0.2727272727272727 0.06 -0.84 -0.11 0.514421052631579 0.8636363636363636 0.969 -0.03 0.816
0.0 0.0 0.0 0.0 0.0 0.0 2.0 0.0 0.0 0.0 0.0 0.0 0.0 0.0 0.0 0.0 0.0 0.0 0.0 0.0 0.0 1.0 0.0 0.0 0.0 0.4955483870967742 0.96875 0.943 0.061 0.65 0.03125 -0.0 0.65 0.44237499999999996 0.75 0.956 -0.55 -0.55 0.0067083333333333465 0.75 0.943 -0.86 0.098 0.1085 0.1875 0.912 -0.09 0.912 0.4611428571428572 0.875 0.935 -0.5 -0.5
0.0 0.0 0.0 0.0 0.0 0.0 1.0 0.0 0.0 1.0 0.0 0.0 0.0 0.0 0.0 0.0 0.0 0.0 0.0 1.0 0.0 0.0 0.0 0.0 0.0 0.543 0.875 0.935 0.046 0.05 0.125 -0.0 0.05 0.3832857142857143 0.875 0.956 -0.07 -0.05 0.357 0.75 0.96 -0.05 0.192 -0.09333333333333332 0.375 0.0 -0.11 -0.11 0.646 0.75 0.914 0.0 0.16
0.0 0.0 0.0 0.0 0.0 0.0 1.0 0.0 0.0 0.0 0.0 0.0 0.0 0.0 0.0 0.0 0.0 0.0 0.0 0.0 0.0 0.0 0.0 1.0 0.0 0.6051428571428572 1.0 0.935 0.823 0.0 0.0 -0.0 -0.0 0.6235714285714286 1.0 0.967 -0.04 0.967 0.505 0.7142857142857143 0.795 -0.02 0.795 -0.045500000000000006 0.2857142857142857 0.009 -0.1 0.009 0.7038 0.7142857142857143 0.914 0.0 0.706
0.0 0.0 0.0 1.0 0.0 5.0 0.0 0.0 2.0 0.0 0.0 1.0 0.0 0.0 0.0 0.0 0.0 0.0 0.0 0.0 0.0 0.0 1.0 0.0 0.0 0.5529642857142858 0.9032258064516129 0.939 0.814 0.7666666666666666 0.0967741935483871 -0.0 0.7 0.4026086956521739 0.7419354838709677 0.956 -0.75 0.926 -0.031095238095238096 0.6774193548387096 0.984 -0.94 0.202 0.15599999999999997 0.3548387096774194 0.889 -0.11 -0.06 0.4797857142857143 0.9032258064516129 0.958 -0.76 0.702
0.0 0.0 0.0 0.0 0.0 0.0 2.0 0.0 1.0 0.0 0.0 0.0 0.0 0.0 0.0 0.0 0.0 0.0 0.0 0.0 0.0 1.0 0.0 0.0 0.0 0.48783333333333334 1.0 0.906 0.262 0.0 0.0 -0.0 -0.0 0.5215 1.0 0.94 -0.04 0.43 0.034 0.6666666666666666 0.657 -0.87 0.657 -0.11550000000000002 0.3333333333333333 0.049 -0.28 -0.28 0.43620000000000003 0.8333333333333334 0.769 0.0 0.244
0.0 0.0 0.0 0.0 0.0 0.0 0.0 0.0 0.0 1.0 0.0 0.0 0.0 0.0 0.0 0.0 0.0 0.0 0.0 1.0 0.0 0.0 0.0 0.0 0.0 0.61925 0.8 0.875 0.098 0.86 0.2 -0.0 0.86 0.26940000000000003 1.0 0.769 -0.98 0.042 0.06833333333333334 0.6 0.747 -0.88 0.338 0.23200000000000004 0.4 0.674 -0.21 -0.21 0.2545 0.8 0.989 -0.93 0.232
0.0 0.0 0.0 0.0 0.0 0.0 1.0 0.0 0.0 0.0 0.0 0.0 0.0 0.0 0.0 0.0 0.0 0.0 0.0 0.0 0.0 1.0 0.0 0.0 0.0 0.594 0.8571428571428571 0.935 0.819 0.7 0.14285714285714285 -0.0 0.7 0.4155 0.8571428571428571 0.956 -0.75 0.777 0.021333333333333353 0.42857142857142855 0.773 -0.88 -0.88 0.257 0.2857142857142857 0.614 -0.1 0.614 0.4311428571428571 1.0 0.914 -0.74 0.79
0.0 0.0 0.0 0.0 0.0 0.0 1.0 0.0 0.0 0.0 0.0 0.0 0.0 0.0 0.0 0.0 0.0 0.0 0.0 0.0 0.0 1.0 0.0 0.0 0.0 0.47925 1.0 0.857 0.258 0.0 0.0 -0.0 -0.0 0.6350000000000001 0.75 0.905 0.0 0.277 0.3473333333333333 0.75 0.773 0.0 0.161 0.029 0.25 0.029 0.0 0.029 0.522 1.0 0.892 0.0 0.337
0.0 0.0 0.0 0.0 0.0 0.0 1.0 0.0 0.0 0.0 0.0 0.0 0.0 0.0 0.0 0.0 0.0 0.0 0.0 0.0 0.0 1.0 0.0 0.0 0.0 0.744 1.0 0.744 0.744 0.0 0.0 -0.0 -0.0 0.781 1.0 0.781 0.0 0.781 0.0 0.0 0.0 0.0 0.0 0.0 0.0 0.0 0.0 0.0 0.706 1.0 0.706 0.0 0.706
0.0 0.0 0.0 0.0 0.0 0.0 1.0 0.0 0.0 0.0 0.0 1.0 0.0 0.0 0.0 0.0 0.0 0.0 0.0 0.0 0.0 0.0 0.0 1.0 0.0 0.311 1.0 0.83 0.83 0.0 0.0 -0.0 -0.0 0.3283333333333333 1.0 1.0 -0.04 1.0 0.141 0.3333333333333333 0.141 0.0 0.141 -0.09 0.3333333333333333 0.0 -0.09 -0.09 0.31466666666666665 1.0 0.66 0.0 0.66
0.0 0.0 0.0 0.0 0.0 0.0 0.0 0.0 0.0 0.0 0.0 1.0 0.0 1.0 0.0 0.0 0.0 0.0 0.0 0.0 0.0 0.0 0.0 1.0 0.0 0.51 0.6363636363636364 0.9 0.9 0.48000000000000004 0.36363636363636365 -0.0 0.06 0.108 0.7272727272727273 0.99 -0.78 -0.12 -0.018999999999999996 0.7272727272727273 0.921 -0.94 -0.05 -0.18700000000000003 0.45454545454545453 0.585 -0.77 -0.17 0.12166666666666665 0.8181818181818182 0.831 -0.99 -0.13
0.0 0.0 0.0 0.0 0.0 0.0 1.0 0.0 0.0 0.0 0.0 0.0 0.0 0.0 0.0 0.0 0.0 0.0 0.0 0.0 0.0 1.0 0.0 0.0 0.0 0.414 1.0 0.744 0.084 0.0 0.0 -0.0 -0.0 0.3355 1.0 0.781 -0.11 -0.11 0.283 0.5 0.283 0.0 0.283 -0.16 0.5 0.0 -0.16 -0.16 0.5185 1.0 0.706 0.0 0.331
0.0 0.0 0.0 0.0 0.0 0.0 1.0 0.0 0.0 0.0 0.0 0.0 0.0 0.0 0.0 0.0 0.0 0.0 0.0 0.0 0.0 1.0 0.0 0.0 0.0 0.8275 1.0 0.911 0.911 0.0 0.0 -0.0 -0.0 0.823 1.0 0.865 0.0 0.865 0.0 0.0 0.0 0.0 0.0 0.0 0.0 0.0 0.0 0.0 0.832 1.0 0.958 0.0 0.958
0.0 0.0 0.0 0.0 0.0 0.0 1.0 0.0 0.0 0.0 0.0 0.0 0.0 0.0 0.0 0.0 0.0 0.0 0.0 0.0 0.0 1.0 0.0 0.0 0.0 0.745 1.0 0.746 0.746 0.0 0.0 -0.0 -0.0 0.752 1.0 0.781 0.0 0.723 0.0 0.0 0.0 0.0 0.0 0.0 0.0 0.0 0.0 0.0 0.7375 1.0 0.769 0.0 0.769
0.0 0.0 0.0 0.0 0.0 0.0 1.0 0.0 0.0 1.0 0.0 0.0 0.0 0.0 0.0 0.0 0.0 0.0 0.0 0.0 0.0 0.0 0.0 0.0 0.0 0.4774285714285714 0.875 0.829 0.746 0.66 0.125 -0.0 0.66 0.2768333333333333 0.75 0.928 -0.78 0.723 -0.04349999999999998 0.5 0.277 -0.87 -0.87 0.11274999999999999 0.5 0.585 -0.11 0.585 0.353375 1.0 0.769 -0.63 0.769
0.0 0.0 0.0 0.0 0.0 3.0 1.0 0.0 1.0 0.0 0.0 1.0 0.0 1.0 0.0 0.0 0.0 0.0 0.0 0.0 0.0 0.0 1.0 0.0 0.0 0.5528125 0.8 0.939 0.935 0.44083333333333335 0.2 -0.0 0.08 0.2881698113207547 0.8833333333333333 1.0 -0.84 -0.08 -0.044621621621621636 0.6166666666666667 0.998 -0.94 0.191 0.08349999999999998 0.3 0.983 -0.8 0.983 0.41652000000000006 0.8333333333333334 0.978 -0.96 -0.72
0.0 0.0 0.0 0.0 0.0 0.0 1.0 0.0 0.0 0.0 0.0 0.0 0.0 0.0 0.0 0.0 0.0 0.0 0.0 0.0 0.0 1.0 0.0 0.0 0.0 0.5329999999999999 0.6666666666666666 0.943 0.943 0.78 0.3333333333333333 -0.0 0.78 -0.3015 0.6666666666666666 0.147 -0.75 0.147 0.5345 0.6666666666666666 0.943 0.0 0.943 0.365 0.6666666666666666 0.82 -0.09 -0.09 0.314 0.3333333333333333 0.314 0.0 0.314
0.0 0.0 0.0 0.0 0.0 0.0 1.0 0.0 0.0 0.0 0.0 0.0 0.0 0.0 0.0 0.0 0.0 0.0 0.0 0.0 0.0 0.0 0.0 0.0 0.0 0.648 1.0 0.891 0.789 0.0 0.0 -0.0 -0.0 0.5888 1.0 0.784 0.0 0.633 0.127 0.6 0.998 -0.79 -0.79 -0.09 0.2 0.0 -0.09 -0.09 0.648 0.8 0.935 0.0 0.935
0.0 0.0 0.0 0.0 0.0 1.0 0.0 0.0 3.0 1.0 0.0 0.0 0.0 0.0 0.0 0.0 0.0 0.0 0.0 0.0 0.0 0.0 0.0 1.0 0.0 0.6354193548387096 0.9393939393939394 0.964 0.404 0.78 0.06060606060606061 -0.0 0.81 0.5313225806451614 0.9393939393939394 0.967 -0.89 0.918 0.018240000000000024 0.7575757575757576 0.979 -1.0 0.476 -0.018624999999999996 0.24242424242424243 0.672 -0.19 -0.19 0.5108518518518519 0.8181818181818182 0.935 -0.83 0.417
0.0 0.0 0.0 0.0 0.0 0.0 1.0 0.0 0.0 0.0 0.0 0.0 0.0 0.0 0.0 0.0 0.0 0.0 0.0 0.0 0.0 1.0 0.0 0.0 0.0 0.607 1.0 0.986 0.986 0.0 0.0 -0.0 -0.0 0.6456666666666667 1.0 0.986 0.0 0.986 0.0 0.0 0.0 0.0 0.0 0.081 0.3333333333333333 0.081 0.0 0.081 0.44499999999999995 0.6666666666666666 0.706 0.0 0.184
0.0 0.0 0.0 0.0 0.0 0.0 0.0 0.0 0.0 0.0 0.0 0.0 0.0 0.0 0.0 0.0 0.0 0.0 0.0 0.0 0.0 0.0 0.0 1.0 0.0 0.832 0.6 0.895 0.895 0.78 0.4 -0.0 0.7 0.16499999999999998 1.0 0.967 -0.99 0.893 0.795 0.2 0.795 0.0 0.795 -0.057999999999999996 0.4 0.614 -0.73 0.614 0.42874999999999996 0.8 0.898 -0.74 0.898
0.0 0.0 0.0 0.0 0.0 0.0 1.0 0.0 0.0 0.0 0.0 0.0 0.0 0.0 0.0 0.0 0.0 0.0 0.0 0.0 0.0 1.0 0.0 0.0 0.0 0.815 1.0 0.886 0.886 0.0 0.0 -0.0 -0.0 0.781 0.5 0.781 0.0 0.781 0.99 0.5 0.99 0.0 0.99 0.0 0.0 0.0 0.0 0.0 0.744 1.0 0.782 0.0 0.782
0.0 0.0 0.0 0.0 0.0 2.0 1.0 0.0 1.0 0.0 0.0 0.0 0.0 1.0 0.0 0.0 0.0 0.0 0.0 0.0 0.0 0.0 1.0 0.0 0.0 0.5157857142857142 0.9333333333333333 0.919 0.11 0.89 0.06666666666666667 -0.0 0.89 0.29572727272727267 0.7333333333333333 0.963 -0.82 0.082 -0.3285 0.9333333333333333 0.773 -0.94 0.148 0.1558 0.3333333333333333 0.99 -0.11 -0.11 0.44966666666666666 1.0 0.947 -0.87 0.296
0.0 0.0 0.0 0.0 0.0 0.0 0.0 0.0 0.0 0.0 0.0 0.0 0.0 1.0 0.0 0.0 0.0 0.0 0.0 0.0 0.0 0.0 0.0 1.0 0.0 0.4951764705882353 0.9444444444444444 0.846 0.724 0.67 0.05555555555555555 -0.0 0.67 0.4035714285714286 0.7777777777777778 0.825 -0.63 0.745 0.035785714285714275 0.7777777777777778 0.892 -0.94 -0.77 0.08540000000000003 0.2777777777777778 0.559 -0.13 -0.13 0.4222666666666667 0.8333333333333334 0.935 -0.82 0.655
0.0 0.0 0.0 0.0 0.0 0.0 1.0 0.0 0.0 0.0 0.0 0.0 0.0 0.0 0.0 0.0 0.0 0.0 0.0 0.0 0.0 1.0 0.0 0.0 0.0 0.8275 1.0 0.911 0.911 0.0 0.0 -0.0 -0.0 0.823 1.0 0.865 0.0 0.865 0.0 0.0 0.0 0.0 0.0 0.0 0.0 0.0 0.0 0.0 0.832 1.0 0.958 0.0 0.958
0.0 0.0 0.0 0.0 0.0 0.0 1.0 0.0 0.0 0.0 0.0 0.0 0.0 0.0 0.0 0.0 0.0 0.0 0.0 0.0 0.0 1.0 0.0 0.0 0.0 0.745 1.0 0.746 0.746 0.0 0.0 -0.0 -0.0 0.752 1.0 0.781 0.0 0.723 0.0 0.0 0.0 0.0 0.0 0.0 0.0 0.0 0.0 0.0 0.7375 1.0 0.769 0.0 0.769
0.0 0.0 0.0 0.0 0.0 0.0 1.0 0.0 0.0 0.0 0.0 0.0 0.0 0.0 0.0 0.0 0.0 0.0 0.0 0.0 0.0 1.0 0.0 0.0 0.0 0.7835000000000001 1.0 0.903 0.884 0.0 0.0 -0.0 -0.0 0.89175 0.6666666666666666 0.97 0.0 0.929 0.8834 0.8333333333333334 0.99 0.0 0.861 0.773 0.16666666666666666 0.773 0.0 0.773 0.8676 0.8333333333333334 0.994 0.0 0.862
0.0 0.0 0.0 0.0 0.0 0.0 0.0 0.0 0.0 0.0 0.0 0.0 0.0 0.0 0.0 0.0 0.0 0.0 0.0 0.0 0.0 0.0 0.0 1.0 0.0 0.7590000000000001 1.0 0.939 0.846 0.0 0.0 -0.0 -0.0 0.9077999999999999 0.625 1.0 0.0 0.728 0.39025 0.5 0.979 -0.94 -0.94 0.0 0.0 0.0 0.0 0.0 0.681 0.875 0.914 0.0 0.744
0.0 0.0 1.0 0.0 0.0 0.0 2.0 0.0 0.0 0.0 0.0 0.0 0.0 0.0 0.0 0.0 0.0 0.0 0.0 0.0 0.0 1.0 0.0 0.0 0.0 0.644 1.0 0.864 0.817 0.0 0.0 -0.0 -0.0 0.546 0.625 0.967 0.0 0.819 0.1718 0.625 0.795 -0.94 0.701 0.0 0.0 0.0 0.0 0.0 0.7064285714285715 0.875 0.864 0.0 0.816
0.0 0.0 0.0 0.0 0.0 1.0 1.0 0.0 0.0 0.0 0.0 0.0 0.0 1.0 0.0 0.0 0.0 0.0 0.0 0.0 0.0 0.0 1.0 0.0 0.0 0.5609 0.8333333333333334 0.935 0.061 0.8400000000000001 0.16666666666666666 -0.0 0.89 0.33540000000000003 0.8333333333333334 0.956 -0.82 0.956 0.30460000000000004 0.4166666666666667 0.82 0.0 0.098 0.22950000000000004 0.5 0.99 -0.17 -0.06 0.3723333333333334 1.0 0.914 -0.88 0.15
0.0 0.0 0.0 0.0 0.0 0.0 1.0 0.0 0.0 0.0 0.0 0.0 0.0 0.0 0.0 0.0 0.0 0.0 0.0 0.0 0.0 1.0 0.0 0.0 0.0 0.805 1.0 0.857 0.839 0.0 0.0 -0.0 -0.0 0.7835000000000001 1.0 0.905 0.0 0.801 0.8245 0.5 0.876 0.0 0.876 0.0 0.0 0.0 0.0 0.0 0.8373333333333334 0.75 0.892 0.0 0.892
0.0 0.0 0.0 0.0 0.0 1.0 0.0 0.0 1.0 0.0 0.0 0.0 0.0 0.0 0.0 0.0 0.0 0.0 0.0 0.0 0.0 0.0 0.0 0.0 0.0 0.5051363636363635 0.8148148148148148 0.964 0.958 0.292 0.18518518518518517 -0.0 0.28 0.2654222222222222 0.8333333333333334 0.965 -0.95 0.958 0.02697619047619046 0.7777777777777778 0.993 -0.94 0.223 0.05295652173913044 0.42592592592592593 0.816 -0.26 -0.09 0.36013333333333325 0.8333333333333334 0.935 -0.85 0.187
0.0 0.0 0.0 0.0 0.0 0.0 1.0 0.0 0.0 0.0 0.0 0.0 0.0 0.0 0.0 0.0 0.0 0.0 0.0 0.0 0.0 1.0 0.0 0.0 0.0 0.4105 0.8 0.746 0.746 0.78 0.2 -0.0 0.78 0.23174999999999998 0.8 0.994 -0.75 0.723 -0.151 0.6 0.11 -0.66 -0.66 0.82 0.2 0.82 0.0 0.82 0.38475000000000004 0.8 0.769 0.0 0.769
0.0 0.0 0.0 0.0 1.0 0.0 1.0 0.0 0.0 0.0 0.0 0.0 0.0 3.0 0.0 0.0 0.0 0.0 0.0 0.0 0.0 1.0 0.0 0.0 0.0 0.5252 0.967741935483871 0.988 0.988 0.85 0.03225806451612903 -0.0 0.85 0.48277777777777786 0.8709677419354839 1.0 -0.8 0.912 0.4475200000000001 0.8064516129032258 0.99 -0.85 0.986 -0.1861 0.3225806451612903 0.019 -0.8 -0.07 0.3739545454545455 0.7096774193548387 0.99 -0.96 0.99
0.0 0.0 0.0 0.0 0.0 0.0 3.0 0.0 1.0 0.0 0.0 5.0 0.0 0.0 0.0 0.0 0.0 0.0 0.0 0.0 0.0 1.0 0.0 0.0 0.0 0.5697941176470589 0.8717948717948718 0.939 0.103 0.48199999999999993 0.1282051282051282 -0.0 0.82 0.4184 0.7692307692307693 0.956 -0.77 -0.69 0.1155 0.717948717948718 0.979 -0.9 0.205 0.147 0.3076923076923077 0.883 -0.11 0.883 0.44652777777777775 0.9230769230769231 0.969 -0.91 -0.91
0.0 0.0 0.0 0.0 0.0 0.0 0.0 0.0 1.0 0.0 0.0 1.0 0.0 0.0 0.0 0.0 0.0 0.0 0.0 0.0 0.0 0.0 0.0 1.0 0.0 0.5396153846153846 0.9285714285714286 0.907 0.766 0.05 0.07142857142857142 -0.0 0.05 0.49569230769230777 0.9285714285714286 0.981 -0.08 0.846 -0.03766666666666668 0.8571428571428571 0.892 -0.79 -0.76 -0.007666666666666666 0.42857142857142855 0.056 -0.13 0.02 0.5437692307692308 0.9285714285714286 0.935 -0.17 0.688
0.0 0.0 1.0 0.0 0.0 1.0 3.0 0.0 0.0 0.0 0.0 0.0 0.0 0.0 0.0 0.0 0.0 0.0 0.0 0.0 0.0 1.0 0.0 0.0 0.0 0.7755 1.0 0.94 0.939 0.0 0.0 -0.0 -0.0 0.7861666666666666 1.0 0.956 0.0 0.899 0.8085 0.3333333333333333 0.979 0.0 0.979 -0.36 0.16666666666666666 0.0 -0.36 -0.36 0.7836000000000001 0.8333333333333334 0.946 0.0 0.946
0.0 0.0 0.0 0.0 0.0 0.0 1.0 0.0 1.0 0.0 0.0 2.0 0.0 0.0 0.0 0.0 0.0 0.0 0.0 0.0 0.0 1.0 0.0 0.0 0.0 0.40833333333333327 0.9056603773584906 0.939 0.048 0.596 0.09433962264150944 -0.0 0.65 0.37691428571428576 0.660377358490566 0.967 -0.86 -0.1 0.006027777777777769 0.6792452830188679 0.979 -0.85 0.14 0.03652941176470587 0.32075471698113206 0.856 -0.74 0.609 0.3776000000000001 0.9433962264150944 0.935 -0.82 0.105
0.0 0.0 0.0 0.0 0.0 0.0 1.0 0.0 0.0 0.0 0.0 0.0 0.0 0.0 0.0 0.0 0.0 0.0 0.0 0.0 0.0 0.0 0.0 1.0 0.0 0.594 0.8 0.789 0.789 0.78 0.2 -0.0 0.78 0.34675 0.8 0.781 -0.75 0.633 -0.35450000000000004 0.4 0.081 -0.79 -0.79 0.82 0.2 0.82 0.0 0.82 0.6305000000000001 0.8 0.935 0.0 0.935
0.0 0.0 0.0 0.0 0.0 0.0 1.0 0.0 0.0 0.0 0.0 0.0 0.0 0.0 0.0 0.0 0.0 0.0 0.0 0.0 0.0 1.0 0.0 0.0 0.0 0.839 1.0 0.857 0.821 0.0 0.0 -0.0 -0.0 0.905 0.5 0.905 0.0 0.905 0.7965 1.0 0.82 0.0 0.82 0.0 0.0 0.0 0.0 0.0 0.857 1.0 0.892 0.0 0.822
0.0 0.0 0.0 0.0 0.0 0.0 0.0 0.0 2.0 0.0 0.0 0.0 0.0 1.0 0.0 0.0 0.0 0.0 0.0 0.0 0.0 0.0 0.0 1.0 0.0 0.38520833333333343 0.8 0.943 0.753 0.5166666666666666 0.2 -0.0 0.74 0.2020416666666667 0.8 0.961 -0.8 0.541 0.21800000000000003 0.6666666666666666 0.991 -0.86 -0.86 0.049266666666666646 0.5 0.82 -0.8 -0.1 0.22617391304347825 0.7666666666666667 0.914 -0.96 0.85
0.0 0.0 0.0 0.0 0.0 0.0 1.0 0.0 1.0 0.0 0.0 0.0 0.0 0.0 0.0 0.0 0.0 0.0 0.0 0.0 0.0 1.0 0.0 0.0 0.0 0.5502999999999998 0.975609756097561 0.939 0.802 0.74 0.024390243902439025 -0.0 0.74 0.5452 0.8536585365853658 0.962 -0.1 0.881 0.041771428571428564 0.8536585365853658 0.979 -0.9 -0.9 -0.14271428571428574 0.34146341463414637 0.049 -0.78 -0.11 0.5390588235294118 0.8292682926829268 0.935 -0.71 0.724
0.0 0.0 0.0 0.0 0.0 0.0 1.0 0.0 0.0 0.0 0.0 0.0 0.0 0.0 0.0 0.0 0.0 0.0 0.0 0.0 0.0 1.0 0.0 0.0 0.0 0.0 0.0 0.0 0.0 0.93 1.0 -0.0 0.93 -0.87 1.0 0.0 -0.87 -0.87 0.0 0.0 0.0 0.0 0.0 0.936 1.0 0.936 0.0 0.936 -0.98 1.0 0.0 -0.98 -0.98
0.0 0.0 0.0 0.0 0.0 0.0 1.0 0.0 0.0 2.0 0.0 0.0 0.0 1.0 0.0 0.0 0.0 0.0 0.0 1.0 0.0 0.0 0.0 0.0 0.0 0.4786818181818182 0.88 0.935 0.147 0.7166666666666667 0.12 -0.0 0.66 0.17500000000000002 0.68 0.961 -0.81 -0.05 -0.011421052631578965 0.76 0.967 -0.99 0.21 0.17659999999999998 0.4 0.856 -0.12 -0.11 0.34291304347826085 0.92 0.981 -0.87 0.345
0.0 0.0 0.0 0.0 0.0 0.0 1.0 0.0 0.0 0.0 0.0 0.0 0.0 0.0 0.0 0.0 0.0 0.0 0.0 0.0 0.0 1.0 0.0 0.0 0.0 0.484 0.9166666666666666 0.883 0.105 0.11 0.08333333333333333 -0.0 0.11 0.38970000000000005 0.8333333333333334 0.931 -0.05 0.091 0.09545454545454546 0.9166666666666666 0.915 -0.94 0.09 -0.09275 0.3333333333333333 0.049 -0.21 -0.12 0.34122222222222226 0.75 0.935 -0.16 0.134
0.0 0.0 0.0 0.0 0.0 0.0 1.0 0.0 0.0 0.0 0.0 0.0 0.0 1.0 0.0 0.0 0.0 0.0 0.0 0.0 0.0 1.0 0.0 0.0 0.0 0.5352325581395351 0.8775510204081632 0.966 0.262 0.6549999999999999 0.12244897959183673 -0.0 0.05 0.33952173913043493 0.9387755102040817 0.967 -0.85 0.43 0.26043589743589746 0.7959183673469388 0.999 -0.9 0.657 0.13431578947368425 0.3877551020408163 0.931 -0.28 -0.28 0.32005405405405407 0.7551020408163265 0.935 -0.93 0.244
0.0 0.0 0.0 0.0 0.0 0.0 1.0 0.0 0.0 0.0 0.0 0.0 0.0 0.0 0.0 0.0 0.0 0.0 0.0 0.0 0.0 0.0 0.0 1.0 0.0 0.5122857142857142 0.7777777777777778 0.924 0.867 0.495 0.2222222222222222 -0.0 0.31 0.2635555555555556 1.0 0.986 -0.74 0.787 0.3786666666666667 0.6666666666666666 0.948 0.0 0.948 0.13166666666666668 0.3333333333333333 0.895 -0.42 -0.42 0.30642857142857144 0.7777777777777778 0.862 -0.54 0.086
0.0 0.0 0.0 0.0 0.0 0.0 1.0 0.0 0.0 0.0 0.0 0.0 0.0 0.0 0.0 0.0 0.0 0.0 0.0 0.0 0.0 0.0 0.0 1.0 0.0 0.5947500000000001 1.0 0.935 0.258 0.0 0.0 -0.0 -0.0 0.6436 0.625 0.967 0.0 0.277 0.2571666666666667 0.75 0.99 -0.75 0.161 0.039 0.25 0.049 0.0 0.029 0.60975 1.0 0.934 0.0 0.337
0.0 0.0 0.0 0.0 0.0 0.0 1.0 0.0 0.0 0.0 0.0 0.0 0.0 0.0 0.0 0.0 0.0 0.0 0.0 0.0 0.0 1.0 0.0 0.0 0.0 0.5531666666666667 0.75 0.806 0.037 0.39999999999999997 0.25 -0.0 0.1 0.303125 1.0 0.781 -0.75 -0.09 0.40166666666666667 0.375 0.892 0.0 0.074 0.24066666666666667 0.375 0.614 0.0 0.614 0.27485714285714286 0.875 0.851 -0.74 -0.1
0.0 0.0 0.0 0.0 0.0 0.0 1.0 0.0 0.0 0.0 0.0 0.0 0.0 0.0 0.0 0.0 0.0 0.0 0.0 0.0 0.0 1.0 0.0 0.0 0.0 0.745 1.0 0.746 0.746 0.0 0.0 -0.0 -0.0 0.752 1.0 0.781 0.0 0.723 0.0 0.0 0.0 0.0 0.0 0.0 0.0 0.0 0.0 0.0 0.7375 1.0 0.769 0.0 0.769
0.0 0.0 0.0 0.0 0.0 0.0 1.0 0.0 0.0 0.0 0.0 0.0 0.0 0.0 0.0 0.0 0.0 0.0 0.0 0.0 0.0 1.0 0.0 0.0 0.0 0.744 1.0 0.744 0.744 0.0 0.0 -0.0 -0.0 0.781 1.0 0.781 0.0 0.781 0.0 0.0 0.0 0.0 0.0 0.0 0.0 0.0 0.0 0.0 0.706 1.0 0.706 0.0 0.706
0.0 0.0 0.0 0.0 0.0 0.0 1.0 0.0 0.0 1.0 0.0 0.0 0.0 0.0 0.0 0.0 0.0 0.0 0.0 1.0 0.0 0.0 0.0 0.0 0.0 0.8333333333333334 0.75 0.857 0.849 0.66 0.25 -0.0 0.66 0.34400000000000003 0.75 0.907 -0.78 0.907 -0.023499999999999965 0.5 0.773 -0.82 0.773 0.585 0.25 0.585 0.0 0.585 0.453 1.0 0.892 -0.63 0.79
0.0 0.0 0.0 0.0 0.0 0.0 0.0 0.0 0.0 0.0 0.0 0.0 0.0 0.0 0.0 0.0 0.0 0.0 0.0 0.0 0.0 0.0 0.0 0.0 0.0 0.8331428571428571 1.0 0.886 0.884 0.0 0.0 -0.0 -0.0 0.7782 0.7142857142857143 0.929 0.0 0.929 0.5538000000000001 0.7142857142857143 0.99 -0.79 0.861 0.0 0.0 0.0 0.0 0.0 0.8478333333333333 0.8571428571428571 0.98 0.0 0.862
0.0 0.0 0.0 0.0 0.0 0.0 1.0 0.0 0.0 0.0 0.0 0.0 0.0 0.0 0.0 0.0 0.0 0.0 0.0 0.0 0.0 1.0 0.0 0.0 0.0 0.63025 0.8 0.823 0.823 0.83 0.2 -0.0 0.83 0.66325 0.8 0.854 0.0 0.854 -0.23049999999999998 0.4 0.239 -0.7 -0.7 0.3825 0.4 0.716 0.0 0.716 0.35860000000000003 1.0 0.912 -0.94 0.912
0.0 0.0 0.0 0.0 0.0 0.0 0.0 0.0 0.0 0.0 0.0 0.0 1.0 0.0 0.0 0.0 0.0 0.0 0.0 0.0 0.0 0.0 0.0 0.0 0.0 0.6739999999999999 1.0 0.943 0.744 0.0 0.0 -0.0 -0.0 0.7076666666666666 0.6666666666666666 0.956 0.0 0.781 0.3758333333333333 0.6666666666666666 0.979 -0.65 0.943 -0.0255 0.2222222222222222 0.039 -0.09 0.039 0.6332857142857142 0.7777777777777778 0.914 0.0 0.706
0.0 0.0 0.0 0.0 0.0 0.0 3.0 0.0 0.0 0.0 0.0 1.0 0.0 0.0 0.0 0.0 0.0 0.0 0.0 0.0 0.0 0.0 0.0 0.0 0.0 0.7478750000000001 0.6666666666666666 0.939 0.939 0.3925 0.3333333333333333 -0.0 0.83 0.34733333333333327 1.0 0.956 -0.78 -0.78 0.583 0.4166666666666667 0.979 -0.03 0.979 0.2754 0.4166666666666667 0.754 -0.1 0.754 0.22087500000000004 0.6666666666666666 0.914 -0.96 -0.96
0.0 0.0 0.0 0.0 0.0 1.0 1.0 0.0 0.0 0.0 0.0 1.0 0.0 0.0 0.0 0.0 0.0 0.0 0.0 0.0 0.0 1.0 0.0 0.0 0.0 0.6962307692307692 0.8125 0.939 0.817 0.8066666666666666 0.1875 -0.0 0.75 0.43024999999999997 0.75 0.995 -0.95 0.819 0.44555555555555554 0.5625 0.979 -0.79 0.701 0.5417500000000001 0.25 0.904 -0.13 0.672 0.38699999999999996 0.8125 0.968 -0.75 0.816
0.0 0.0 0.0 0.0 0.0 1.0 2.0 0.0 0.0 1.0 0.0 0.0 0.0 0.0 0.0 0.0 0.0 0.0 0.0 1.0 0.0 0.0 0.0 0.0 0.0 0.623125 0.8421052631578947 0.996 0.996 0.75 0.15789473684210525 -0.0 0.89 0.3607333333333333 0.7894736842105263 0.996 -0.82 0.996 0.09611111111111109 0.47368421052631576 0.99 -0.79 0.074 0.3898333333333333 0.3157894736842105 0.99 0.0 0.059 0.3642941176470589 0.8947368421052632 0.935 -0.87 0.092
0.0 0.0 0.0 0.0 0.0 0.0 1.0 0.0 1.0 1.0 0.0 0.0 0.0 1.0 0.0 0.0 0.0 0.0 0.0 1.0 0.0 0.0 0.0 0.0 0.0 0.5004444444444445 0.8181818181818182 0.935 0.104 0.085 0.18181818181818182 -0.0 0.04 0.35854545454545456 1.0 0.956 -0.12 0.055 0.20649999999999996 0.7272727272727273 0.902 -0.79 0.237 -0.08180000000000001 0.45454545454545453 0.061 -0.17 -0.11 0.4665555555555556 0.8181818181818182 0.935 -0.15 0.24
0.0 0.0 0.0 0.0 0.0 0.0 1.0 0.0 0.0 0.0 0.0 2.0 0.0 1.0 0.0 0.0 0.0 0.0 0.0 0.0 0.0 1.0 0.0 0.0 0.0 0.5133939393939394 0.75 0.952 0.952 0.540909090909091 0.25 -0.0 0.66 0.2161666666666666 0.9545454545454546 0.97 -0.89 0.95 0.03383333333333333 0.6818181818181818 0.979 -0.88 0.953 0.18847368421052635 0.4318181818181818 0.801 -0.25 0.028 0.2808648648648649 0.8409090909090909 0.994 -0.79 0.994
0.0 0.0 0.0 0.0 0.0 0.0 1.0 0.0 0.0 0.0 0.0 1.0 0.0 0.0 0.0 0.0 0.0 0.0 0.0 0.0 0.0 1.0 0.0 0.0 0.0 0.513388888888889 0.8181818181818182 0.935 0.935 0.6074999999999999 0.18181818181818182 -0.0 0.07 0.24659999999999996 0.6818181818181818 0.956 -0.78 -0.07 0.3181818181818182 0.5 0.954 -0.85 0.873 0.1962222222222222 0.4090909090909091 0.754 -0.16 0.009 0.28933333333333333 0.8181818181818182 0.921 -0.96 -0.12
0.0 0.0 0.0 0.0 0.0 0.0 0.0 0.0 0.0 0.0 0.0 1.0 0.0 0.0 0.0 0.0 0.0 0.0 0.0 0.0 0.0 0.0 0.0 1.0 0.0 0.6934615384615384 1.0 0.892 0.716 0.0 0.0 -0.0 -0.0 0.6350999999999999 0.7692307692307693 0.835 0.0 0.694 0.1990833333333333 0.9230769230769231 0.892 -0.83 -0.56 -0.0405 0.15384615384615385 0.049 -0.13 -0.13 0.7247777777777777 0.6923076923076923 0.935 0.0 0.888
0.0 0.0 0.0 0.0 0.0 0.0 1.0 0.0 0.0 1.0 0.0 0.0 0.0 0.0 0.0 0.0 0.0 0.0 0.0 1.0 0.0 0.0 0.0 0.0 0.0 0.634875 0.8888888888888888 0.92 0.75 0.78 0.1111111111111111 -0.0 0.78 0.565125 0.8888888888888888 0.997 -0.75 0.76 0.4407499999999999 0.8888888888888888 0.941 -0.6 -0.6 0.36 0.2222222222222222 0.82 -0.1 0.82 0.664875 0.8888888888888888 0.916 0.0 0.881
0.0 0.0 0.0 0.0 0.0 0.0 1.0 0.0 0.0 1.0 0.0 0.0 0.0 0.0 0.0 0.0 0.0 0.0 0.0 1.0 0.0 0.0 0.0 0.0 0.0 0.744 0.5 0.744 0.744 0.89 0.5 -0.0 0.89 -0.024499999999999966 1.0 0.781 -0.83 0.781 0.0 0.0 0.0 0.0 0.0 0.87 0.5 0.87 0.0 0.87 -0.132 1.0 0.706 -0.97 0.706
0.0 0.0 0.0 0.0 0.0 0.0 1.0 0.0 0.0 0.0 0.0 0.0 0.0 0.0 0.0 0.0 0.0 0.0 0.0 0.0 0.0 1.0 0.0 0.0 0.0 0.4555 0.8571428571428571 0.907 0.105 0.93 0.14285714285714285 -0.0 0.93 0.2562857142857143 1.0 0.855 -0.87 0.072 0.11540000000000002 0.7142857142857143 0.79 -0.65 0.094 0.28500000000000003 0.42857142857142855 0.936 -0.11 0.029 0.3018571428571429 1.0 0.959 -0.98 0.149
0.0 0.0 0.0 0.0 0.0 0.0 0.0 0.0 0.0 1.0 0.0 0.0 0.0 0.0 0.0 0.0 0.0 0.0 0.0 1.0 0.0 0.0 0.0 0.0 0.0 0.39 0.8333333333333334 0.846 0.098 0.7 0.16666666666666666 -0.0 0.7 -0.2203333333333333 0.5 0.047 -0.75 0.042 -0.36649999999999994 0.6666666666666666 0.338 -0.94 0.338 0.202 0.3333333333333333 0.614 -0.21 -0.21 0.19633333333333333 1.0 0.744 -0.74 0.232
0.0 0.0 0.0 0.0 0.0 0.0 1.0 0.0 1.0 0.0 0.0 1.0 0.0 0.0 0.0 0.0 0.0 0.0 0.0 0.0 0.0 1.0 0.0 0.0 0.0 0.5825000000000001 0.7777777777777778 0.926 0.887 0.7375 0.2222222222222222 -0.0 0.66 0.288125 0.8888888888888888 0.961 -0.78 0.777 -0.12690909090909092 0.6111111111111112 0.992 -0.88 0.885 0.3811428571428571 0.3888888888888889 0.828 -0.1 0.585 0.3483125 0.8888888888888888 0.935 -0.85 0.889
0.0 0.0 0.0 0.0 0.0 0.0 1.0 0.0 0.0 1.0 0.0 0.0 0.0 0.0 0.0 0.0 0.0 0.0 0.0 1.0 0.0 0.0 0.0 0.0 0.0 0.789 1.0 0.789 0.789 0.0 0.0 -0.0 -0.0 0.818 1.0 0.818 0.0 0.818 0.76 1.0 0.76 0.0 0.76 0.0 0.0 0.0 0.0 0.0 0.0 0.0 0.0 0.0 0.0
0.0 0.0 1.0 0.0 0.0 0.0 2.0 0.0 0.0 1.0 0.0 0.0 0.0 0.0 0.0 0.0 0.0 0.0 0.0 1.0 0.0 0.0 0.0 0.0 0.0 0.5472000000000001 0.8823529411764706 0.935 0.858 0.365 0.11764705882352941 -0.0 0.07 0.34430769230769226 0.7647058823529411 0.956 -0.78 -0.07 0.19039999999999999 0.5882352941176471 0.924 -0.75 0.924 0.14825000000000002 0.23529411764705882 0.585 -0.09 0.049 0.47366666666666657 0.8823529411764706 0.934 -0.63 -0.07
0.0 0.0 0.0 0.0 0.0 0.0 1.0 0.0 0.0 0.0 0.0 0.0 0.0 0.0 0.0 0.0 0.0 0.0 0.0 0.0 0.0 1.0 0.0 0.0 0.0 0.5206296296296297 0.9642857142857143 0.939 0.82 0.09 0.03571428571428571 -0.0 0.09 0.5076666666666666 0.75 0.967 -0.12 0.723 0.2034782608695652 0.8214285714285714 0.979 -0.88 0.816 -0.08 0.21428571428571427 0.0 -0.11 -0.11 0.4875416666666667 0.8571428571428571 0.935 -0.06 0.922
0.0 0.0 0.0 0.0 0.0 0.0 1.0 0.0 0.0 0.0 0.0 0.0 0.0 0.0 0.0 0.0 0.0 0.0 0.0 0.0 0.0 0.0 0.0 1.0 0.0 0.5636585365853658 0.9111111111111111 0.966 0.895 0.57 0.08888888888888889 -0.0 0.07 0.47424324324324324 0.8222222222222222 0.995 -0.89 0.893 0.19293333333333335 0.6666666666666666 0.892 -0.83 0.761 0.07826666666666666 0.3333333333333333 0.672 -0.21 0.009 0.4157777777777778 0.8 0.964 -0.74 0.898
0.0 0.0 0.0 0.0 0.0 0.0 1.0 0.0 1.0 0.0 0.0 0.0 0.0 1.0 0.0 0.0 0.0 0.0 0.0 0.0 0.0 1.0 0.0 0.0 0.0 0.4802888888888889 0.9183673469387755 0.939 0.823 0.3775 0.08163265306122448 -0.0 0.65 0.3888095238095238 0.8571428571428571 0.967 -0.86 -0.86 0.17858823529411766 0.6938775510204082 0.979 -0.94 0.795 0.05392857142857143 0.2857142857142857 0.882 -0.15 0.609 0.4141190476190477 0.8571428571428571 0.935 -0.73 -0.5
0.0 0.0 0.0 0.0 0.0 0.0 1.0 0.0 0.0 0.0 0.0 0.0 0.0 0.0 0.0 0.0 0.0 0.0 0.0 0.0 0.0 1.0 0.0 0.0 0.0 0.45408000000000015 0.9259259259259259 0.935 0.858 0.5 0.07407407407407407 -0.0 0.93 0.4680434782608696 0.8518518518518519 0.956 -0.07 0.791 -0.05843749999999997 0.5925925925925926 0.934 -0.95 0.934 -0.15322222222222223 0.3333333333333333 0.039 -0.91 -0.05 0.3970416666666667 0.8888888888888888 0.935 -0.95 0.85
0.0 0.0 0.0 0.0 0.0 0.0 1.0 0.0 0.0 0.0 0.0 1.0 0.0 0.0 0.0 0.0 0.0 0.0 0.0 0.0 0.0 1.0 0.0 0.0 0.0 0.5744285714285715 0.875 0.926 0.903 0.88 0.125 -0.0 0.88 0.37871428571428567 0.875 0.97 -0.95 0.746 0.37483333333333335 0.75 0.97 -0.94 0.97 0.33125000000000004 0.5 0.822 -0.21 0.773 0.42271428571428565 0.875 0.994 -0.88 0.994
0.0 0.0 1.0 0.0 0.0 0.0 2.0 0.0 1.0 0.0 0.0 0.0 0.0 0.0 0.0 0.0 0.0 0.0 0.0 0.0 0.0 0.0 0.0 0.0 0.0 0.5142692307692305 0.8813559322033898 0.939 0.113 0.7642857142857142 0.11864406779661017 -0.0 0.8 0.3205769230769229 0.8813559322033898 0.982 -0.78 -0.71 0.06191428571428572 0.5932203389830508 0.979 -0.94 0.22 0.22461111111111112 0.3050847457627119 0.983 -0.36 0.983 0.38566071428571425 0.9491525423728814 0.935 -0.73 -0.72
0.0 0.0 0.0 0.0 0.0 0.0 1.0 0.0 0.0 0.0 0.0 0.0 0.0 0.0 0.0 0.0 0.0 0.0 0.0 0.0 0.0 0.0 0.0 1.0 0.0 0.6365714285714286 0.9459459459459459 0.943 0.848 0.785 0.05405405405405406 -0.0 0.76 0.4975 0.5945945945945946 0.972 -0.77 0.746 0.5778620689655172 0.7837837837837838 0.991 -0.94 0.871 -0.08812500000000001 0.21621621621621623 0.816 -0.74 -0.28 0.5334285714285714 0.9459459459459459 0.928 -0.85 0.928
0.0 0.0 0.0 0.0 0.0 0.0 1.0 0.0 0.0 0.0 0.0 1.0 0.0 0.0 0.0 0.0 0.0 0.0 0.0 0.0 0.0 1.0 0.0 0.0 0.0 0.3985 0.6666666666666666 0.744 0.744 0.89 0.3333333333333333 -0.0 0.89 -0.02633333333333332 1.0 0.781 -0.82 0.781 0.141 0.3333333333333333 0.141 0.0 0.141 0.45 0.6666666666666666 0.99 -0.09 -0.09 0.01533333333333331 1.0 0.706 -0.87 0.706
0.0 0.0 0.0 0.0 0.0 0.0 1.0 0.0 0.0 0.0 0.0 8.0 0.0 0.0 0.0 0.0 0.0 0.0 0.0 0.0 0.0 0.0 0.0 1.0 0.0 0.4627272727272727 0.8461538461538461 0.97 0.149 0.445 0.15384615384615385 -0.0 0.73 0.28759999999999997 0.7692307692307693 0.967 -0.83 0.118 0.4524 0.7692307692307693 0.991 0.0 0.181 0.028599999999999993 0.38461538461538464 0.513 -0.13 -0.07 0.17455555555555557 0.6923076923076923 0.788 -0.86 0.374
0.0 0.0 0.0 0.0 0.0 0.0 0.0 0.0 0.0 0.0 0.0 0.0 0.0 0.0 0.0 0.0 0.0 0.0 0.0 0.0 0.0 0.0 0.0 1.0 0.0 0.5318888888888889 0.9 0.935 0.693 0.81 0.1 -0.0 0.81 0.33349999999999996 0.8 0.956 -0.77 0.691 -0.0015000000000000221 0.8 0.967 -0.87 -0.5 0.16866666666666666 0.3 0.816 -0.21 -0.1 0.40312499999999996 0.8 0.914 -0.85 0.882
0.0 0.0 0.0 0.0 0.0 0.0 1.0 0.0 0.0 0.0 0.0 0.0 0.0 0.0 0.0 0.0 0.0 0.0 0.0 0.0 0.0 0.0 0.0 1.0 0.0 0.43636363636363645 0.8461538461538461 0.939 0.115 0.46 0.15384615384615385 -0.0 0.79 0.27455 0.7692307692307693 0.956 -0.96 0.059 0.4077619047619047 0.8076923076923077 0.979 0.0 0.274 0.09621428571428572 0.5384615384615384 0.786 -0.32 -0.11 0.2411428571428571 0.8076923076923077 0.947 -0.92 0.244
0.0 0.0 0.0 0.0 0.0 0.0 1.0 0.0 1.0 0.0 0.0 2.0 0.0 0.0 0.0 0.0 0.0 0.0 0.0 0.0 0.0 1.0 0.0 0.0 0.0 0.5491499999999999 0.8333333333333334 0.881 0.843 0.8474999999999999 0.16666666666666666 -0.0 1.0 0.3231428571428571 0.5833333333333334 0.888 -1.0 -1.0 -0.08711764705882354 0.7083333333333334 0.971 -0.99 -0.79 -0.17985714285714285 0.2916666666666667 0.812 -0.74 -0.74 0.4001874999999999 0.6666666666666666 0.935 -0.84 -0.78
0.0 0.0 0.0 0.0 0.0 1.0 1.0 0.0 1.0 0.0 0.0 0.0 0.0 0.0 0.0 0.0 0.0 0.0 0.0 0.0 0.0 1.0 0.0 0.0 0.0 0.42409677419354835 1.0 0.964 0.748 0.0 0.0 -0.0 -0.0 0.362 0.9354838709677419 0.981 -0.07 0.777 -0.007130434782608707 0.7419354838709677 0.964 -0.94 -0.85 -0.21 0.03225806451612903 0.0 -0.21 -0.21 0.4286785714285715 0.9032258064516129 0.986 0.0 0.615
0.0 0.0 0.0 0.0 0.0 0.0 1.0 0.0 0.0 0.0 0.0 0.0 0.0 0.0 0.0 0.0 0.0 0.0 0.0 0.0 0.0 1.0 0.0 0.0 0.0 0.3368571428571428 0.8235294117647058 0.935 0.169 0.32 0.17647058823529413 -0.0 0.04 0.10555555555555556 0.5294117647058824 0.956 -0.77 -0.06 0.20809090909090908 0.6470588235294118 0.967 -0.94 0.296 0.05199999999999999 0.35294117647058826 0.816 -0.18 0.026 0.22013333333333335 0.8823529411764706 0.914 -0.85 0.359
0.0 0.0 0.0 0.0 0.0 0.0 2.0 0.0 1.0 0.0 0.0 1.0 0.0 1.0 0.0 0.0 0.0 0.0 0.0 0.0 0.0 1.0 0.0 0.0 0.0 0.536590909090909 0.7333333333333333 0.935 0.091 0.6225 0.26666666666666666 -0.0 0.7 0.37380952380952376 0.7 0.956 -0.78 -0.03 0.06794444444444443 0.6 0.773 -0.79 0.152 -0.11000000000000003 0.5 0.882 -0.91 -0.08 0.22418518518518515 0.9 0.935 -0.95 0.208
0.0 0.0 0.0 0.0 0.0 0.0 0.0 0.0 0.0 0.0 0.0 1.0 0.0 1.0 0.0 0.0 0.0 0.0 0.0 0.0 0.0 0.0 0.0 1.0 0.0 0.5165454545454545 0.8461538461538461 0.97 0.12 0.04 0.15384615384615385 -0.0 0.03 0.5674444444444444 0.6923076923076923 0.956 -0.04 0.889 0.3288888888888889 0.6923076923076923 0.991 -0.65 0.333 -0.11425 0.3076923076923077 0.063 -0.26 -0.26 0.3941818181818182 0.8461538461538461 0.914 -0.07 0.292
0.0 0.0 0.0 0.0 0.0 0.0 1.0 0.0 0.0 0.0 0.0 0.0 0.0 0.0 0.0 0.0 0.0 0.0 0.0 0.0 0.0 1.0 0.0 0.0 0.0 0.5622 0.9090909090909091 0.935 0.823 0.76 0.09090909090909091 -0.0 0.76 0.511 0.36363636363636365 0.967 0.0 0.967 0.28475 0.7272727272727273 0.892 -0.94 0.795 -0.20999999999999996 0.36363636363636365 0.07 -0.74 -0.09 0.41150000000000003 0.9090909090909091 0.914 -0.78 0.706
0.0 0.0 0.0 0.0 0.0 0.0 1.0 0.0 0.0 1.0 0.0 1.0 0.0 0.0 0.0 0.0 0.0 0.0 0.0 1.0 0.0 0.0 0.0 0.0 0.0 0.5572000000000001 0.6666666666666666 0.935 0.208 0.75 0.3333333333333333 -0.0 0.78 0.07292857142857145 0.9333333333333333 0.956 -0.95 0.295 0.25016666666666665 0.4 0.848 -0.81 0.239 0.3982222222222222 0.6 0.882 -0.21 0.049 0.20045454545454547 0.7333333333333333 0.969 -0.75 0.346
0.0 0.0 0.0 0.0 0.0 0.0 1.0 0.0 1.0 0.0 0.0 1.0 0.0 0.0 0.0 0.0 0.0 0.0 0.0 0.0 0.0 1.0 0.0 0.0 0.0 0.7272777777777778 0.9 0.948 0.903 0.75 0.1 -0.0 0.74 0.6024117647058823 0.85 0.97 -0.74 0.746 -0.010545454545454535 0.55 0.97 -0.94 0.97 0.36975 0.2 0.856 -0.08 0.773 0.5648823529411764 0.85 0.994 -0.82 0.994
0.0 0.0 0.0 0.0 0.0 1.0 1.0 0.0 1.0 0.0 0.0 0.0 0.0 1.0 0.0 0.0 0.0 0.0 0.0 0.0 0.0 0.0 1.0 0.0 0.0 0.48123809523809524 0.8076923076923077 0.935 0.064 0.632 0.19230769230769232 -0.0 0.75 0.205875 0.9230769230769231 0.995 -0.98 0.093 0.16358823529411762 0.6538461538461539 0.97 -0.79 -0.04 0.18888888888888888 0.34615384615384615 0.783 -0.1 0.031 0.21785714285714283 0.8076923076923077 0.996 -0.97 0.153
0.0 1.0 0.0 0.0 1.0 0.0 0.0 0.0 0.0 0.0 1.0 0.0 0.0 0.0 0.0 0.0 0.0 0.0 0.0 0.0 0.0 0.0 0.0 0.0 1.0 0.5503333333333333 0.6 0.789 0.789 0.73 0.4 -0.0 0.63 0.019599999999999996 1.0 0.705 -0.71 -0.5 -0.28900000000000003 0.4 0.212 -0.79 -0.79 0.41933333333333334 0.6 0.83 -0.17 0.598 0.07120000000000001 1.0 0.935 -0.96 -0.8
0.0 0.0 0.0 0.0 0.0 0.0 1.0 0.0 0.0 0.0 0.0 0.0 0.0 0.0 0.0 0.0 0.0 0.0 0.0 0.0 0.0 1.0 0.0 0.0 0.0 0.0 0.0 0.0 0.0 0.93 1.0 -0.0 0.93 -0.93 1.0 0.0 -0.93 -0.93 0.0 0.0 0.0 0.0 0.0 -0.93 1.0 0.0 -0.93 -0.93 -0.94 1.0 0.0 -0.94 -0.94
0.0 1.0 0.0 0.0 0.0 0.0 0.0 0.0 0.0 0.0 1.0 7.0 0.0 0.0 0.0 0.0 0.0 0.0 0.0 0.0 0.0 0.0 0.0 0.0 0.0 0.6091250000000001 0.64 0.935 0.912 0.6877777777777777 0.36 -0.0 0.75 0.108 0.92 0.988 -0.95 0.956 -0.03192307692307696 0.52 0.713 -0.79 -0.79 -0.15208333333333335 0.48 0.82 -0.93 0.672 0.26480000000000004 0.8 0.935 -0.94 0.912
0.0 0.0 0.0 0.0 0.0 1.0 0.0 0.0 0.0 0.0 0.0 0.0 0.0 0.0 0.0 0.0 0.0 0.0 0.0 0.0 0.0 0.0 1.0 0.0 0.0 0.5452173913043479 0.8518518518518519 0.939 0.034 0.8074999999999999 0.14814814814814814 -0.0 0.76 0.35145454545454546 0.8148148148148148 0.956 -0.9 0.094 -0.10442105263157894 0.7037037037037037 0.979 -0.95 -0.03 0.08030769230769229 0.48148148148148145 0.943 -0.78 0.028 0.2975217391304347 0.8518518518518519 0.935 -0.98 -0.74
0.0 0.0 0.0 0.0 0.0 0.0 0.0 0.0 0.0 0.0 0.0 1.0 0.0 1.0 0.0 0.0 0.0 0.0 0.0 0.0 0.0 0.0 0.0 1.0 0.0 0.558 0.5555555555555556 0.935 0.043 0.485 0.4444444444444444 -0.0 0.79 0.05633333333333333 1.0 0.956 -0.95 -0.03 0.309 0.4444444444444444 0.715 0.0 0.095 0.198 0.2222222222222222 0.456 -0.06 -0.06 0.02525 0.8888888888888888 0.996 -0.73 0.174
0.0 0.0 0.0 0.0 0.0 0.0 0.0 0.0 0.0 0.0 0.0 0.0 0.0 0.0 0.0 0.0 0.0 0.0 0.0 0.0 0.0 0.0 0.0 1.0 0.0 0.41830000000000006 0.7692307692307693 0.968 0.928 0.47333333333333333 0.23076923076923078 -0.0 0.87 0.0024444444444444344 0.6923076923076923 0.956 -0.91 -0.91 0.05077777777777776 0.6923076923076923 0.992 -0.99 -0.99 -0.18083333333333332 0.46153846153846156 0.615 -0.72 -0.72 0.25061538461538463 1.0 0.945 -0.99 -0.99
0.0 0.0 0.0 0.0 1.0 1.0 1.0 0.0 0.0 0.0 0.0 0.0 0.0 0.0 0.0 0.0 0.0 0.0 0.0 0.0 0.0 1.0 0.0 0.0 0.0 0.31671428571428567 0.6363636363636364 0.935 0.062 0.7975 0.36363636363636365 -0.0 0.87 -0.21244444444444446 0.8181818181818182 0.956 -0.99 -0.05 0.28833333333333333 0.5454545454545454 0.772 0.0 0.277 -0.060000000000000005 0.7272727272727273 0.672 -0.81 -0.08 -0.1276 0.9090909090909091 0.914 -0.96 0.111
0.0 0.0 0.0 0.0 0.0 0.0 0.0 0.0 0.0 0.0 0.0 1.0 0.0 0.0 0.0 0.0 0.0 0.0 0.0 0.0 0.0 0.0 0.0 1.0 0.0 0.09 0.2 0.09 0.09 0.535 0.8 -0.0 0.35 -0.36000000000000004 1.0 0.0 -0.78 -0.13 0.114 0.6 0.2 0.0 0.071 0.20659999999999998 1.0 0.694 -0.84 0.694 -0.41800000000000004 0.8 0.298 -0.67 -0.67
0.0 0.0 0.0 0.0 1.0 0.0 0.0 0.0 0.0 0.0 0.0 0.0 0.0 0.0 0.0 0.0 0.0 0.0 0.0 0.0 0.0 0.0 0.0 0.0 1.0 0.7026666666666669 0.8571428571428571 0.935 0.065 0.34 0.14285714285714285 -0.0 0.34 0.5153333333333333 0.8571428571428571 0.956 -0.14 -0.08 0.49425 0.5714285714285714 0.967 0.0 0.199 0.306 0.2857142857142857 0.662 -0.05 -0.05 0.5118571428571429 1.0 0.914 -0.65 0.205
0.0 0.0 0.0 1.0 0.0 3.0 1.0 0.0 0.0 0.0 0.0 1.0 0.0 0.0 0.0 0.0 0.0 0.0 0.0 0.0 0.0 1.0 0.0 0.0 0.0 0.28375 0.8 0.789 0.058 0.83 0.2 -0.0 0.83 0.017599999999999998 1.0 0.633 -0.71 -0.09 -0.009250000000000022 0.8 0.286 -0.79 0.286 0.14975 0.8 0.83 -0.18 -0.18 0.1572 1.0 0.935 -0.96 0.227
0.0 0.0 0.0 0.0 0.0 0.0 1.0 0.0 0.0 0.0 0.0 0.0 0.0 0.0 0.0 0.0 0.0 0.0 0.0 0.0 0.0 1.0 0.0 0.0 0.0 0.5441428571428572 0.7777777777777778 0.935 0.785 0.8899999999999999 0.2222222222222222 -0.0 0.96 0.6581666666666667 0.6666666666666666 0.956 0.0 0.712 0.5166000000000001 0.5555555555555556 0.929 0.0 0.639 -0.25825 0.4444444444444444 0.067 -0.8 -0.8 0.07657142857142858 0.7777777777777778 0.914 -0.96 0.858
0.0 0.0 0.0 0.0 0.0 0.0 0.0 0.0 2.0 0.0 0.0 4.0 0.0 0.0 0.0 0.0 0.0 0.0 0.0 0.0 0.0 0.0 0.0 0.0 0.0 0.5644666666666667 0.5769230769230769 0.943 0.846 0.5363636363636363 0.4230769230769231 -0.0 0.06 -0.06514285714285716 0.8076923076923077 0.74 -0.99 -0.04 0.08133333333333334 0.5769230769230769 0.986 -0.94 -0.94 0.0749230769230769 0.5 0.964 -0.81 -0.11 0.011409090909090945 0.8461538461538461 0.901 -0.96 -0.03
0.0 0.0 0.0 0.0 0.0 1.0 0.0 0.0 0.0 0.0 0.0 0.0 0.0 1.0 0.0 0.0 0.0 0.0 0.0 0.0 0.0 0.0 1.0 0.0 0.0 0.5052413793103449 0.5918367346938775 0.964 0.846 0.5245 0.40816326530612246 -0.0 0.78 0.04237837837837836 0.7551020408163265 0.965 -0.99 -0.83 0.1823333333333333 0.6122448979591837 0.992 -0.94 -0.94 0.3 0.4489795918367347 0.948 -0.73 -0.73 0.048900000000000006 0.8163265306122449 0.935 -0.99 -0.8
0.0 0.0 0.0 0.0 0.0 0.0 0.0 0.0 0.0 0.0 0.0 0.0 0.0 1.0 0.0 0.0 0.0 0.0 0.0 0.0 0.0 0.0 0.0 1.0 0.0 0.41488888888888886 0.9 0.959 0.048 0.9 0.1 -0.0 0.9 0.17222222222222222 0.9 0.932 -0.96 -0.07 -0.04842857142857142 0.7 0.296 -0.98 0.186 -0.19516666666666668 0.6 0.129 -0.96 -0.1 0.31966666666666665 0.9 0.945 -0.78 0.181
0.0 0.0 0.0 0.0 0.0 0.0 0.0 0.0 0.0 0.0 0.0 0.0 0.0 0.0 0.0 0.0 0.0 0.0 0.0 0.0 0.0 0.0 0.0 0.0 0.0 0.42628571428571427 0.875 0.953 0.047 0.495 0.125 -0.0 0.7 0.3337857142857143 0.875 0.918 -0.75 -0.08 0.3453636363636363 0.6875 0.988 -0.79 0.106 0.257 0.3125 0.651 -0.11 0.049 0.08554545454545454 0.6875 0.935 -0.74 0.125
0.0 0.0 0.0 0.0 0.0 1.0 0.0 0.0 0.0 0.0 0.0 3.0 0.0 0.0 0.0 0.0 0.0 0.0 0.0 0.0 0.0 0.0 0.0 1.0 0.0 0.3970769230769231 0.7358490566037735 0.939 0.203 0.5814285714285715 0.2641509433962264 -0.0 0.78 0.1436153846153846 0.7358490566037735 0.956 -0.96 -0.73 -0.02762162162162162 0.6981132075471698 0.979 -0.94 0.175 0.006384615384615395 0.49056603773584906 0.882 -0.99 -0.84 0.22189795918367353 0.9245283018867925 0.996 -0.97 0.231
0.0 0.0 0.0 0.0 0.0 1.0 0.0 0.0 1.0 0.0 0.0 1.0 0.0 0.0 0.0 0.0 0.0 0.0 0.0 0.0 0.0 0.0 0.0 1.0 0.0 0.5354722222222221 0.9 0.988 0.988 0.4825 0.1 -0.0 0.34 0.4496451612903225 0.775 0.995 -0.95 0.918 0.1855161290322581 0.775 0.988 -0.85 0.986 0.10076923076923074 0.325 0.762 -0.24 -0.06 0.4340000000000001 0.825 0.99 -0.86 0.99
0.0 0.0 0.0 0.0 0.0 0.0 0.0 0.0 0.0 0.0 0.0 2.0 0.0 1.0 0.0 0.0 0.0 0.0 0.0 0.0 0.0 0.0 0.0 1.0 0.0 0.43231818181818177 0.8148148148148148 0.939 0.061 0.766 0.18518518518518517 -0.0 0.83 0.22419047619047616 0.7777777777777778 0.956 -0.85 -0.12 0.21666666666666667 0.6666666666666666 0.979 -0.94 0.239 0.0036363636363636446 0.4074074074074074 0.605 -0.82 -0.07 0.1575 0.8888888888888888 0.93 -0.88 0.203
0.0 0.0 0.0 0.0 0.0 0.0 1.0 0.0 0.0 0.0 0.0 0.0 0.0 0.0 0.0 0.0 0.0 0.0 0.0 0.0 0.0 1.0 0.0 0.0 0.0 0.8460000000000001 0.6666666666666666 0.883 0.809 0.34 0.3333333333333333 -0.0 0.34 0.4426666666666666 1.0 0.765 -0.14 -0.14 0.004333333333333346 1.0 0.915 -1.0 0.098 0.662 0.3333333333333333 0.662 0.0 0.662 -0.65 0.3333333333333333 0.0 -0.65 -0.65
0.0 0.0 0.0 0.0 0.0 2.0 0.0 0.0 3.0 0.0 0.0 2.0 0.0 3.0 0.0 0.0 0.0 0.0 0.0 0.0 0.0 0.0 1.0 0.0 0.0 0.5075000000000001 0.7547169811320755 0.964 0.89 0.6561538461538461 0.24528301886792453 -0.0 0.78 0.19526190476190472 0.7924528301886793 0.995 -0.95 -0.83 0.186275 0.7547169811320755 0.979 -0.94 0.918 0.15127999999999997 0.4716981132075472 0.948 -0.73 -0.73 0.24817391304347822 0.8679245283018868 0.968 -0.88 0.93
0.0 0.0 0.0 0.0 0.0 0.0 0.0 0.0 0.0 0.0 0.0 2.0 0.0 0.0 0.0 0.0 0.0 0.0 0.0 0.0 0.0 0.0 0.0 1.0 0.0 0.43444000000000005 0.8928571428571429 0.935 0.893 0.5599999999999999 0.10714285714285714 -0.0 0.16 0.36266666666666664 0.8571428571428571 0.956 -0.78 0.815 0.12854545454545455 0.7857142857142857 0.972 -0.88 -0.67 -0.20936363636363636 0.39285714285714285 0.029 -0.99 -0.99 0.3207391304347825 0.8214285714285714 0.935 -0.78 0.198
0.0 0.0 0.0 0.0 0.0 1.0 0.0 0.0 0.0 0.0 0.0 0.0 0.0 2.0 0.0 0.0 0.0 0.0 0.0 0.0 0.0 0.0 1.0 0.0 0.0 0.587157894736842 0.8260869565217391 0.935 0.846 0.7050000000000001 0.17391304347826086 -0.0 0.76 0.3747 0.8695652173913043 0.964 -0.93 0.964 0.04994444444444446 0.782608695652174 0.939 -0.94 0.728 -0.5168333333333334 0.2608695652173913 0.069 -0.93 0.069 0.4493529411764706 0.7391304347826086 0.935 -0.94 0.198
0.0 1.0 0.0 0.0 0.0 0.0 1.0 0.0 0.0 0.0 1.0 2.0 0.0 1.0 0.0 0.0 0.0 0.0 0.0 0.0 0.0 1.0 0.0 0.0 0.0 0.3980000000000001 0.75 0.935 0.723 0.61 0.25 -0.0 0.66 0.02792857142857143 0.875 0.956 -0.78 -0.78 -0.01416666666666667 0.75 0.745 -0.94 0.745 0.18909090909090906 0.6875 0.82 -0.21 0.585 0.27219999999999994 0.9375 0.935 -0.65 0.701
0.0 0.0 0.0 0.0 0.0 0.0 0.0 0.0 0.0 0.0 0.0 0.0 0.0 1.0 0.0 0.0 0.0 0.0 0.0 0.0 0.0 0.0 0.0 1.0 0.0 0.33425000000000005 0.8 0.846 0.063 0.855 0.2 -0.0 0.78 -0.011625000000000014 0.8 0.702 -0.93 0.025 -0.2327142857142857 0.7 0.239 -0.94 0.116 -0.01016666666666667 0.6 0.82 -0.93 0.051 0.26266666666666666 0.9 0.788 -0.94 0.163
0.0 0.0 0.0 0.0 0.0 0.0 0.0 0.0 1.0 0.0 0.0 0.0 0.0 0.0 0.0 0.0 0.0 0.0 0.0 0.0 0.0 0.0 0.0 1.0 0.0 0.4672 0.7608695652173914 0.943 0.051 0.77 0.2391304347826087 -0.0 0.33 0.17717948717948712 0.8478260869565217 0.987 -0.97 -0.06 -0.026535714285714274 0.6086956521739131 0.943 -0.94 0.123 0.15317391304347824 0.5 1.0 -0.77 0.712 0.24000000000000002 0.782608695652174 0.935 -0.88 -0.67
0.0 0.0 0.0 0.0 0.0 0.0 0.0 0.0 1.0 0.0 1.0 0.0 0.0 1.0 0.0 0.0 0.0 0.0 0.0 0.0 0.0 0.0 0.0 0.0 0.0 0.443875 0.8 0.861 0.819 0.7875 0.2 -0.0 0.86 0.08987500000000002 0.8 0.964 -0.98 0.777 0.0019999999999999944 0.75 0.772 -0.94 -0.88 0.17525000000000002 0.4 0.674 -0.17 -0.04 0.16605882352941176 0.85 0.912 -0.93 0.79
0.0 0.0 0.0 0.0 0.0 0.0 1.0 0.0 0.0 0.0 0.0 0.0 0.0 0.0 0.0 0.0 0.0 0.0 0.0 0.0 0.0 1.0 0.0 0.0 0.0 0.073 0.25 0.073 0.073 0.3866666666666667 0.75 -0.0 0.31 -0.021333333333333333 0.75 0.036 -0.08 -0.08 0.158 0.25 0.158 0.0 0.158 0.368 0.5 0.659 0.0 0.659 -0.4466666666666667 0.75 0.11 -0.8 -0.65
0.0 0.0 0.0 0.0 0.0 0.0 1.0 0.0 0.0 0.0 0.0 0.0 0.0 0.0 0.0 0.0 0.0 0.0 0.0 0.0 0.0 0.0 0.0 0.0 0.0 0.63025 0.6153846153846154 0.952 0.753 0.398 0.38461538461538464 -0.0 0.03 0.20592307692307693 1.0 0.95 -0.96 0.686 -0.24912499999999999 0.6153846153846154 0.953 -0.88 -0.77 0.04642857142857142 0.5384615384615384 0.694 -0.81 0.028 0.2596666666666667 0.6923076923076923 0.935 -0.85 0.797
0.0 0.0 0.0 0.0 0.0 0.0 1.0 0.0 0.0 0.0 0.0 0.0 0.0 0.0 0.0 0.0 0.0 0.0 0.0 0.0 0.0 0.0 0.0 0.0 0.0 0.37600000000000006 0.75 0.935 0.935 0.91 0.25 -0.0 0.91 -0.018000000000000016 0.75 0.956 -0.97 -0.97 0.141 0.25 0.141 0.0 0.141 -0.45 0.5 0.0 -0.81 -0.81 0.07850000000000001 1.0 0.914 -0.95 -0.95
0.0 0.0 0.0 0.0 0.0 0.0 0.0 0.0 5.0 0.0 0.0 0.0 0.0 1.0 0.0 0.0 0.0 0.0 0.0 0.0 0.0 0.0 0.0 0.0 0.0 0.531675 0.8333333333333334 0.939 0.12 0.485 0.16666666666666666 -0.0 0.34 0.35050000000000003 0.7916666666666666 0.956 -0.76 0.035 -0.10599999999999998 0.6666666666666666 0.992 -0.94 0.115 0.030900000000000004 0.4166666666666667 0.662 -0.91 -0.07 0.4052195121951218 0.8541666666666666 0.935 -0.67 0.209
0.0 0.0 0.0 0.0 0.0 0.0 0.0 0.0 0.0 0.0 0.0 0.0 0.0 1.0 0.0 0.0 0.0 0.0 0.0 0.0 0.0 0.0 0.0 1.0 0.0 0.6471111111111111 0.8181818181818182 0.952 0.952 0.76 0.18181818181818182 -0.0 0.86 0.37218181818181806 1.0 0.956 -0.99 0.95 -0.2765714285714285 0.6363636363636364 0.953 -0.88 0.953 -0.051750000000000004 0.36363636363636365 0.585 -0.73 0.028 0.548125 0.7272727272727273 0.935 -0.63 0.148
0.0 0.0 0.0 0.0 1.0 1.0 0.0 0.0 1.0 0.0 0.0 1.0 0.0 0.0 0.0 0.0 0.0 0.0 0.0 0.0 0.0 0.0 0.0 1.0 0.0 0.111 0.2 0.111 0.111 0.6575 0.8 -0.0 0.87 -0.385 0.8 0.17 -0.96 -0.96 0.125 0.2 0.125 0.0 0.125 0.21224999999999994 0.8 0.869 -0.81 -0.81 -0.5168 1.0 0.196 -0.96 -0.85
0.0 0.0 0.0 0.0 0.0 0.0 1.0 0.0 0.0 0.0 0.0 1.0 0.0 1.0 0.0 0.0 0.0 0.0 0.0 0.0 0.0 1.0 0.0 0.0 0.0 0.7956666666666666 0.75 0.881 0.837 0.9 0.25 -0.0 0.9 0.1996666666666667 0.75 0.88 -0.96 0.679 0.7813333333333334 0.75 0.938 0.0 0.938 -0.96 0.25 0.0 -0.96 -0.96 0.25266666666666665 0.75 0.803 -0.78 0.735
0.0 0.0 0.0 0.0 0.0 0.0 1.0 0.0 0.0 0.0 0.0 1.0 0.0 0.0 0.0 0.0 0.0 0.0 0.0 0.0 0.0 1.0 0.0 0.0 0.0 0.8403333333333333 0.75 0.886 0.778 0.83 0.25 -0.0 0.83 0.305 0.75 0.92 -0.71 -0.71 0.892 0.5 0.99 0.0 0.99 0.83 0.25 0.83 0.0 0.83 0.22433333333333336 0.75 0.851 -0.96 -0.96
0.0 0.0 0.0 0.0 0.0 1.0 0.0 0.0 0.0 0.0 0.0 1.0 0.0 2.0 0.0 0.0 0.0 0.0 0.0 0.0 0.0 0.0 1.0 0.0 0.0 0.5182727272727273 0.6111111111111112 0.935 0.887 0.5542857142857143 0.3888888888888889 -0.0 0.66 -0.03333333333333333 0.8333333333333334 0.961 -0.96 -0.78 0.007545454545454552 0.6111111111111112 0.916 -0.94 0.885 -0.07440000000000002 0.5555555555555556 0.585 -0.91 0.585 0.2290625 0.8888888888888888 0.935 -0.85 0.889
0.0 0.0 0.0 0.0 0.0 0.0 0.0 0.0 0.0 0.0 0.0 0.0 0.0 0.0 0.0 0.0 0.0 0.0 0.0 0.0 0.0 0.0 0.0 0.0 0.0 0.898 0.6666666666666666 0.913 0.913 0.83 0.3333333333333333 -0.0 0.83 0.31233333333333335 1.0 0.877 -0.71 0.877 0.949 0.3333333333333333 0.949 0.0 0.949 0.83 0.3333333333333333 0.83 0.0 0.83 0.018000000000000016 0.6666666666666666 0.996 -0.96 -0.96
0.0 0.0 0.0 0.0 1.0 0.0 0.0 0.0 1.0 0.0 0.0 0.0 0.0 1.0 0.0 0.0 0.0 0.0 0.0 0.0 0.0 0.0 0.0 0.0 1.0 0.2812 0.75 0.935 0.066 0.5559999999999999 0.25 -0.0 0.9 0.024849999999999994 1.0 0.956 -0.96 0.034 0.09571428571428571 0.7 0.801 -0.79 0.067 -0.20274999999999999 0.4 0.818 -0.96 -0.06 0.08158823529411766 0.85 0.96 -0.78 0.098
0.0 0.0 0.0 0.0 0.0 0.0 0.0 0.0 1.0 0.0 0.0 2.0 0.0 0.0 0.0 0.0 0.0 0.0 0.0 0.0 0.0 0.0 0.0 1.0 0.0 0.888625 0.7272727272727273 0.939 0.794 0.83 0.2727272727272727 -0.0 0.82 0.5021 0.9090909090909091 0.956 -0.84 0.731 0.3825 0.5454545454545454 0.998 -0.85 -0.85 -0.28 0.2727272727272727 0.83 -0.87 -0.8 0.21500000000000002 0.45454545454545453 0.996 -0.96 0.935
0.0 0.0 0.0 0.0 1.0 1.0 1.0 0.0 0.0 0.0 0.0 1.0 0.0 0.0 0.0 0.0 0.0 0.0 1.0 0.0 0.0 1.0 0.0 0.0 0.0 0.5773333333333333 0.6 0.943 0.943 0.4 0.4 -0.0 0.77 0.25199999999999995 0.6 0.702 -0.02 -0.02 0.09799999999999998 0.8 0.943 -0.65 0.943 -0.263 0.6 0.061 -0.75 -0.75 0.036750000000000005 0.8 0.788 -0.78 -0.78
0.0 0.0 0.0 0.0 0.0 0.0 0.0 0.0 0.0 0.0 0.0 0.0 0.0 0.0 0.0 0.0 0.0 0.0 0.0 0.0 0.0 0.0 0.0 0.0 0.0 0.39200000000000007 0.75 0.935 0.084 0.86 0.25 -0.0 0.86 0.06899999999999998 1.0 0.956 -0.99 0.228 0.157 0.5 0.191 0.0 0.123 -0.41 0.5 0.0 -0.73 -0.09 0.556 0.5 0.914 0.0 0.914
0.0 0.0 0.0 0.0 0.0 0.0 1.0 0.0 0.0 0.0 0.0 0.0 0.0 2.0 0.0 0.0 0.0 0.0 0.0 0.0 0.0 0.0 0.0 1.0 0.0 0.4913783783783784 0.7708333333333334 0.935 0.935 0.4572727272727274 0.22916666666666666 -0.0 0.82 0.33665 0.8333333333333334 0.956 -0.95 0.956 0.1354545454545454 0.6875 0.929 -0.79 -0.04 0.11489999999999997 0.4166666666666667 0.721 -0.21 0.039 0.23609999999999992 0.8333333333333334 0.935 -0.82 -0.82
0.0 0.0 0.0 0.0 0.0 0.0 0.0 0.0 0.0 0.0 0.0 2.0 0.0 0.0 0.0 0.0 0.0 0.0 0.0 0.0 0.0 0.0 0.0 0.0 0.0 0.5074500000000002 0.7407407407407407 0.939 0.846 0.4928571428571429 0.25925925925925924 -0.0 0.81 0.27691304347826085 0.8518518518518519 0.964 -0.96 -0.96 0.07605555555555556 0.6666666666666666 0.979 -0.94 -0.01 0.17971428571428566 0.5185185185185185 0.869 -0.11 0.525 0.3132631578947369 0.7037037037037037 0.969 -0.95 -0.95
0.0 0.0 0.0 0.0 0.0 0.0 0.0 0.0 0.0 0.0 0.0 0.0 0.0 0.0 0.0 0.0 0.0 0.0 0.0 0.0 0.0 0.0 0.0 1.0 0.0 0.0685 0.6666666666666666 0.07 0.067 0.31 0.3333333333333333 -0.0 0.31 -0.22799999999999998 1.0 0.033 -0.74 0.033 0.19066666666666665 1.0 0.241 0.0 0.158 -0.19000000000000003 1.0 0.0 -0.42 -0.06 0.16349999999999998 0.6666666666666666 0.182 0.0 0.145
0.0 0.0 0.0 0.0 0.0 0.0 0.0 0.0 0.0 0.0 0.0 0.0 0.0 2.0 0.0 0.0 0.0 0.0 0.0 0.0 0.0 0.0 0.0 1.0 0.0 0.484923076923077 0.8125 0.935 0.835 0.6699999999999999 0.1875 -0.0 0.34 0.24815384615384614 0.8125 0.956 -0.84 0.705 0.19333333333333333 0.75 0.967 -0.79 0.098 -0.136 0.4375 0.662 -0.8 0.662 0.2746923076923077 0.8125 0.965 -0.96 0.965
0.0 0.0 0.0 0.0 0.0 0.0 1.0 0.0 0.0 0.0 0.0 1.0 0.0 0.0 0.0 0.0 0.0 0.0 0.0 0.0 0.0 1.0 0.0 0.0 0.0 0.62675 0.6666666666666666 0.846 0.719 0.56 0.3333333333333333 -0.0 0.34 0.12639999999999996 0.8333333333333334 0.728 -0.75 -0.14 0.01550000000000002 0.6666666666666666 0.713 -0.94 0.098 0.741 0.3333333333333333 0.82 0.0 0.662 0.37299999999999994 0.8333333333333334 0.858 -0.65 -0.65
0.0 0.0 0.0 0.0 0.0 1.0 0.0 0.0 0.0 0.0 0.0 0.0 0.0 1.0 0.0 0.0 0.0 0.0 0.0 0.0 0.0 0.0 1.0 0.0 0.0 0.4567741935483873 0.8611111111111112 0.939 0.073 0.716 0.1388888888888889 -0.0 0.76 0.3178709677419356 0.8611111111111112 0.956 -0.95 -0.04 -0.07629629629629632 0.75 0.979 -0.95 0.077 0.06438461538461539 0.3611111111111111 0.856 -0.91 0.856 0.3204545454545454 0.9166666666666666 0.935 -0.95 0.068
0.0 0.0 0.0 0.0 0.0 1.0 0.0 0.0 1.0 0.0 0.0 0.0 0.0 0.0 0.0 0.0 0.0 0.0 0.0 0.0 0.0 0.0 0.0 1.0 0.0 0.6096086956521739 0.92 0.939 0.065 0.825 0.08 -0.0 0.82 0.46978260869565214 0.92 0.979 -0.85 0.026 -0.054812500000000014 0.64 0.979 -0.79 0.073 0.36 0.08 0.83 -0.11 -0.11 0.5204 0.8 0.935 -0.96 0.056
0.0 0.0 0.0 0.0 0.0 1.0 2.0 0.0 1.0 0.0 0.0 1.0 0.0 1.0 0.0 0.0 0.0 0.0 0.0 0.0 0.0 1.0 0.0 0.0 0.0 0.5330526315789473 0.8085106382978723 0.939 0.939 0.6966666666666668 0.19148936170212766 -0.0 0.82 0.2141176470588235 0.723404255319149 0.956 -0.84 0.899 0.08381249999999998 0.6808510638297872 0.979 -0.95 0.979 0.10776923076923081 0.2765957446808511 0.97 -0.8 -0.8 0.36485 0.851063829787234 0.998 -0.85 0.346
0.0 0.0 0.0 0.0 0.0 0.0 1.0 0.0 0.0 0.0 0.0 1.0 0.0 1.0 0.0 0.0 0.0 0.0 0.0 0.0 0.0 0.0 0.0 0.0 0.0 0.5438064516129033 0.7948717948717948 0.939 0.089 0.66875 0.20512820512820512 -0.0 0.81 0.30032352941176477 0.8717948717948718 0.956 -0.91 -0.91 -0.22670833333333337 0.6153846153846154 0.979 -0.97 -0.87 0.22228571428571436 0.358974358974359 0.856 -0.77 -0.77 0.22777142857142857 0.8974358974358975 0.935 -0.87 -0.75
0.0 0.0 0.0 0.0 0.0 1.0 1.0 0.0 1.0 0.0 0.0 2.0 0.0 3.0 0.0 0.0 0.0 0.0 0.0 0.0 0.0 0.0 0.0 1.0 0.0 0.5596511627906976 0.8431372549019608 0.952 0.952 0.6699999999999999 0.1568627450980392 -0.0 0.76 0.20491176470588232 0.6666666666666666 0.979 -0.95 0.95 0.24547500000000003 0.7843137254901961 0.995 -0.94 0.953 0.21811764705882355 0.3333333333333333 0.97 -0.21 0.028 0.34264102564102555 0.7647058823529411 0.944 -0.96 0.113
0.0 0.0 0.0 0.0 0.0 0.0 0.0 0.0 0.0 0.0 0.0 0.0 0.0 1.0 0.0 0.0 0.0 0.0 0.0 0.0 0.0 0.0 0.0 0.0 0.0 0.749125 0.8 0.943 0.846 0.8 0.2 -0.0 0.77 0.36283333333333334 0.6 0.956 -0.71 0.633 -0.39683333333333337 0.6 0.943 -0.94 -0.94 0.065 0.2 0.83 -0.7 -0.7 0.380888888888889 0.9 0.935 -0.96 0.744
0.0 0.0 0.0 0.0 0.0 0.0 0.0 0.0 0.0 0.0 0.0 0.0 0.0 0.0 0.0 0.0 0.0 0.0 0.0 0.0 0.0 0.0 0.0 0.0 0.0 0.3983333333333333 0.6818181818181818 0.939 0.757 0.32428571428571423 0.3181818181818182 -0.0 0.07 0.13642105263157897 0.8636363636363636 0.956 -0.78 -0.07 0.1863529411764706 0.7727272727272727 0.979 -0.79 0.768 0.12084615384615383 0.5909090909090909 0.694 -0.14 0.009 0.12077777777777775 0.8181818181818182 0.959 -0.74 -0.12
0.0 0.0 0.0 0.0 0.0 0.0 1.0 0.0 0.0 0.0 0.0 0.0 0.0 0.0 0.0 0.0 0.0 0.0 0.0 0.0 0.0 1.0 0.0 0.0 0.0 0.7035 0.5714285714285714 0.939 0.833 0.8333333333333334 0.42857142857142855 -0.0 0.76 0.4366 0.7142857142857143 0.956 -0.72 -0.72 0.1283333333333333 0.42857142857142855 0.979 -0.88 -0.88 -0.29450000000000004 0.5714285714285714 0.752 -0.9 0.752 -0.11833333333333339 0.8571428571428571 0.914 -0.93 -0.81
0.0 0.0 0.0 0.0 0.0 1.0 0.0 0.0 0.0 0.0 0.0 2.0 0.0 1.0 0.0 0.0 0.0 0.0 0.0 0.0 0.0 0.0 1.0 0.0 0.0 0.4307 0.7692307692307693 0.935 0.693 0.43999999999999995 0.23076923076923078 -0.0 0.04 0.17417073170731706 0.7884615384615384 0.956 -1.0 0.691 -0.06106250000000001 0.6153846153846154 0.904 -0.81 -0.5 -0.008315789473684231 0.36538461538461536 0.831 -0.8 -0.14 0.33558695652173914 0.8846153846153846 0.935 -0.96 0.882
0.0 1.0 0.0 0.0 0.0 3.0 0.0 0.0 1.0 0.0 1.0 0.0 0.0 0.0 0.0 0.0 0.0 0.0 0.0 0.0 1.0 0.0 0.0 0.0 0.0 0.5075714285714287 0.7142857142857143 0.939 0.089 0.5442857142857144 0.2857142857142857 -0.0 0.35 0.2077727272727274 0.8979591836734694 0.978 -0.95 0.138 0.04909677419354841 0.6326530612244898 0.979 -0.85 0.134 0.2566111111111111 0.3673469387755102 0.936 -0.44 -0.06 0.19683333333333336 0.8571428571428571 0.935 -0.75 0.151
0.0 0.0 0.0 0.0 0.0 1.0 0.0 0.0 0.0 0.0 0.0 2.0 0.0 0.0 0.0 0.0 0.0 0.0 0.0 0.0 0.0 0.0 0.0 1.0 0.0 0.49887755102040804 0.8032786885245902 0.943 0.092 0.6983333333333334 0.19672131147540983 -0.0 0.93 0.19179591836734686 0.8032786885245902 0.956 -0.99 -0.96 0.03023913043478261 0.7540983606557377 0.979 -0.94 0.138 0.119 0.39344262295081966 0.948 -0.73 0.88 0.30857692307692297 0.8524590163934426 0.944 -0.99 -0.94
0.0 0.0 0.0 0.0 0.0 1.0 0.0 0.0 2.0 0.0 0.0 3.0 0.0 1.0 0.0 0.0 0.0 0.0 0.0 0.0 0.0 0.0 1.0 0.0 0.0 0.5030666666666668 0.8181818181818182 0.943 0.784 0.6849999999999999 0.18181818181818182 -0.0 0.83 0.33115217391304347 0.8363636363636363 0.982 -0.91 0.889 0.0237142857142857 0.6363636363636364 0.943 -0.9 -0.9 0.13509523809523807 0.38181818181818183 0.948 -0.8 0.077 0.30529545454545465 0.8 0.935 -0.96 0.559
0.0 0.0 0.0 0.0 0.0 1.0 0.0 0.0 0.0 0.0 0.0 1.0 0.0 0.0 0.0 0.0 0.0 0.0 0.0 0.0 0.0 0.0 1.0 0.0 0.0 0.4577826086956522 0.8846153846153846 0.939 0.082 0.805 0.11538461538461539 -0.0 0.8 0.2768571428571428 0.8076923076923077 0.957 -0.93 0.172 0.0689142857142857 0.6730769230769231 0.979 -0.87 0.236 -0.021600000000000005 0.28846153846153844 0.816 -0.93 -0.13 0.3388780487804879 0.7884615384615384 0.996 -0.99 0.082
0.0 0.0 0.0 0.0 0.0 0.0 0.0 0.0 2.0 0.0 0.0 1.0 0.0 1.0 0.0 0.0 0.0 0.0 0.0 0.0 0.0 0.0 0.0 1.0 0.0 0.5025000000000001 0.75 0.935 0.117 0.735 0.25 -0.0 0.78 0.19052380952380948 0.875 0.956 -0.9 -0.84 -0.07575000000000001 0.6666666666666666 0.855 -0.88 0.237 0.0656 0.4166666666666667 0.98 -0.91 -0.91 0.29655 0.8333333333333334 0.935 -0.76 -0.72
0.0 0.0 0.0 0.0 0.0 1.0 0.0 0.0 0.0 0.0 0.0 0.0 0.0 0.0 0.0 0.0 0.0 0.0 0.0 0.0 0.0 0.0 0.0 1.0 0.0 0.520142857142857 0.84 0.935 0.857 0.5650000000000001 0.16 -0.0 0.06 0.2231578947368421 0.76 0.956 -0.73 0.92 -0.11595 0.8 0.794 -0.85 0.794 -0.0023333333333333283 0.24 0.508 -0.84 -0.1 0.41542857142857137 0.84 0.935 -0.93 0.935
0.0 0.0 0.0 0.0 0.0 1.0 1.0 0.0 1.0 0.0 0.0 0.0 0.0 1.0 0.0 0.0 0.0 0.0 0.0 0.0 0.0 1.0 0.0 0.0 0.0 0.4395454545454545 0.7333333333333333 0.943 0.106 0.7950000000000002 0.26666666666666666 -0.0 0.91 0.14641666666666667 0.8 0.94 -0.81 0.056 0.02809090909090909 0.7333333333333333 0.943 -0.87 0.107 -0.165375 0.5333333333333333 0.585 -0.95 -0.95 0.15460000000000002 0.6666666666666666 0.935 -0.87 0.156
0.0 0.0 0.0 0.0 0.0 1.0 0.0 0.0 0.0 0.0 0.0 1.0 0.0 0.0 0.0 0.0 0.0 0.0 0.0 0.0 0.0 0.0 1.0 0.0 0.0 0.5636315789473684 0.95 0.939 0.721 0.78 0.05 -0.0 0.78 0.5209999999999999 0.9 0.956 -0.85 0.901 -0.10863636363636364 0.55 0.979 -0.88 -0.53 -0.3333333333333333 0.15 0.0 -0.71 -0.2 0.5247999999999999 0.75 0.935 0.0 0.732
0.0 0.0 0.0 0.0 0.0 0.0 0.0 0.0 0.0 0.0 0.0 0.0 0.0 0.0 0.0 0.0 0.0 0.0 0.0 0.0 0.0 0.0 0.0 0.0 0.0 0.7444999999999999 0.8 0.939 0.023 0.425 0.2 -0.0 0.09 0.4648888888888889 0.9 0.956 -0.61 0.029 -0.3198571428571428 0.7 0.979 -0.99 0.073 0.20866666666666664 0.3 0.856 -0.18 -0.05 0.5072500000000001 0.8 0.935 -0.82 0.043
0.0 0.0 0.0 0.0 0.0 0.0 1.0 0.0 0.0 0.0 0.0 0.0 0.0 0.0 0.0 0.0 0.0 0.0 0.0 0.0 0.0 1.0 0.0 0.0 0.0 0.78425 0.6666666666666666 0.846 0.846 0.745 0.3333333333333333 -0.0 0.66 0.09559999999999999 0.8333333333333334 0.702 -0.78 -0.78 -0.7925 0.6666666666666666 0.0 -0.94 -0.94 0.7075 0.3333333333333333 0.83 0.0 0.585 0.30200000000000005 1.0 0.935 -0.96 -0.63
0.0 0.0 0.0 0.0 0.0 0.0 0.0 0.0 0.0 0.0 0.0 0.0 0.0 0.0 0.0 0.0 0.0 0.0 0.0 0.0 0.0 0.0 0.0 1.0 0.0 0.3301538461538462 0.8125 0.939 0.707 0.5700000000000001 0.1875 -0.0 0.11 0.16736363636363638 0.6875 0.899 -0.7 0.787 0.19709090909090907 0.6875 0.979 -0.79 -0.52 -0.0461 0.625 0.914 -0.8 -0.2 0.19440000000000002 0.9375 0.935 -0.83 0.806
0.0 0.0 0.0 0.0 0.0 1.0 0.0 0.0 1.0 0.0 0.0 6.0 0.0 0.0 0.0 0.0 0.0 0.0 0.0 0.0 0.0 0.0 1.0 0.0 0.0 0.5874565217391305 0.7931034482758621 0.97 0.331 0.7124999999999999 0.20689655172413793 -0.0 0.84 0.30579545454545454 0.7586206896551724 0.956 -0.97 0.635 0.1449047619047619 0.7241379310344828 0.993 -0.94 0.639 0.2247777777777778 0.3103448275862069 0.998 -0.8 -0.24 0.17890476190476196 0.7241379310344828 0.935 -0.84 0.291
0.0 0.0 0.0 0.0 0.0 0.0 1.0 0.0 0.0 0.0 0.0 0.0 0.0 1.0 0.0 0.0 0.0 0.0 0.0 0.0 0.0 1.0 0.0 0.0 0.0 0.0 0.0 0.0 0.0 0.8400000000000001 1.0 -0.0 0.93 -0.91 1.0 0.0 -0.93 -0.93 0.0 0.0 0.0 0.0 0.0 -0.129 1.0 0.672 -0.93 -0.93 -0.815 1.0 0.0 -0.94 -0.94
0.0 0.0 0.0 0.0 0.0 0.0 0.0 0.0 1.0 0.0 0.0 0.0 0.0 2.0 0.0 0.0 0.0 0.0 0.0 0.0 0.0 0.0 0.0 1.0 0.0 0.5384473684210528 0.6785714285714286 0.964 0.766 0.5194444444444445 0.32142857142857145 -0.0 0.71 0.1194468085106383 0.8392857142857143 0.978 -0.99 -0.7 0.10452631578947368 0.6785714285714286 0.967 -0.79 -0.01 0.014137931034482748 0.5178571428571429 0.893 -0.91 -0.72 0.22760869565217395 0.8214285714285714 0.996 -0.99 -0.99
