0.0 0.0 0.0 0.0 0.0 0.0 1.0 0.0 0.0 0.0 0.0 0.0 0.0 0.0 0.0 0.0 0.0 0.0 0.0 0.0 0.0 1.0 0.0 0.0 0.0 0.5763333333333333 1.0 0.889 0.746 0.0 0.0 -0.0 -0.0 0.7875 0.6666666666666666 0.905 0.0 0.723 0.042666666666666665 0.5 0.773 -0.79 0.773 0.056 0.16666666666666666 0.056 0.0 0.056 0.575 0.8333333333333334 0.935 0.0 0.769
0.0 0.0 0.0 0.0 0.0 1.0 1.0 0.0 0.0 0.0 0.0 0.0 0.0 0.0 0.0 0.0 0.0 0.0 0.0 0.0 0.0 1.0 0.0 0.0 0.0 0.528 1.0 0.935 0.779 0.0 0.0 -0.0 -0.0 0.5598333333333333 0.8571428571428571 0.956 -0.03 0.784 0.24483333333333335 0.8571428571428571 0.892 -0.79 0.764 -0.026999999999999996 0.42857142857142855 0.049 -0.09 -0.04 0.5696666666666667 0.8571428571428571 0.935 0.0 0.79
0.0 0.0 0.0 0.0 0.0 0.0 0.0 0.0 0.0 0.0 0.0 0.0 0.0 0.0 0.0 0.0 0.0 0.0 0.0 0.0 0.0 0.0 0.0 1.0 0.0 0.5174000000000001 0.8333333333333334 0.935 0.097 0.78 0.16666666666666666 -0.0 0.78 0.31820000000000004 0.8333333333333334 0.956 -0.75 -0.75 -0.06266666666666665 0.5 0.301 -0.57 0.081 0.375 0.3333333333333333 0.82 -0.07 0.82 0.5742 0.8333333333333334 0.914 0.0 0.112
0.0 0.0 0.0 0.0 0.0 0.0 1.0 0.0 0.0 0.0 0.0 1.0 0.0 0.0 0.0 0.0 0.0 0.0 0.0 0.0 0.0 1.0 0.0 0.0 0.0 0.666857142857143 0.7777777777777778 0.935 0.903 0.5575 0.2222222222222222 -0.0 0.07 0.32873333333333327 0.8333333333333334 0.97 -0.9 -0.07 0.14275000000000002 0.6666666666666666 0.97 -0.94 0.97 0.30014285714285716 0.3888888888888889 0.773 -0.17 0.009 0.24999999999999994 0.7222222222222222 0.994 -0.99 -0.12
0.0 0.0 2.0 0.0 0.0 0.0 5.0 0.0 0.0 0.0 0.0 0.0 0.0 0.0 0.0 0.0 0.0 0.0 0.0 0.0 0.0 1.0 0.0 0.0 0.0 0.5494 0.8333333333333334 0.943 0.258 0.66 0.16666666666666666 -0.0 0.66 0.25025 0.6666666666666666 0.781 -0.78 0.277 0.40399999999999997 0.5 0.943 0.0 0.161 0.307 0.3333333333333333 0.585 0.0 0.029 0.2544 0.8333333333333334 0.769 -0.63 0.337
0.0 0.0 0.0 0.0 0.0 1.0 1.0 0.0 0.0 0.0 0.0 0.0 1.0 0.0 0.0 0.0 0.0 0.0 0.0 0.0 0.0 1.0 0.0 0.0 0.0 0.46377777777777784 1.0 0.935 0.073 0.0 0.0 -0.0 -0.0 0.5311428571428571 0.7777777777777778 0.956 0.0 0.086 -0.21828571428571433 0.7777777777777778 0.148 -0.79 0.077 0.017 0.1111111111111111 0.017 0.0 0.017 0.5204285714285715 0.7777777777777778 0.935 0.0 0.068
0.0 0.0 0.0 0.0 0.0 0.0 0.0 0.0 0.0 0.0 0.0 0.0 0.0 0.0 0.0 0.0 0.0 0.0 0.0 0.0 0.0 0.0 0.0 1.0 0.0 0.29977777777777787 0.75 0.845 0.095 0.8500000000000001 0.25 -0.0 0.93 -0.023400000000000018 0.8333333333333334 0.801 -0.93 0.032 -0.15111111111111114 0.75 0.239 -0.88 0.097 -0.1455 0.5 0.82 -0.93 0.049 0.16588888888888892 0.75 0.788 -0.94 0.092
0.0 0.0 0.0 0.0 0.0 1.0 0.0 0.0 0.0 0.0 0.0 1.0 0.0 0.0 0.0 0.0 0.0 0.0 0.0 0.0 0.0 0.0 1.0 0.0 0.0 0.5864375000000001 0.7619047619047619 0.939 0.893 0.37 0.23809523809523808 -0.0 0.84 0.2655294117647059 0.8095238095238095 0.956 -0.72 0.945 0.1673076923076923 0.6190476190476191 0.996 -0.94 0.996 -0.025999999999999992 0.3333333333333333 0.918 -0.97 -0.97 0.427375 0.7619047619047619 0.935 -0.54 0.737
0.0 0.0 1.0 0.0 0.0 0.0 2.0 0.0 0.0 0.0 0.0 1.0 0.0 0.0 0.0 0.0 0.0 0.0 0.0 0.0 0.0 1.0 0.0 0.0 0.0 0.319 0.5 0.319 0.319 0.87 0.5 -0.0 0.87 -0.1815 1.0 0.587 -0.95 0.587 0.698 0.5 0.698 0.0 0.698 -0.655 1.0 0.0 -0.78 -0.53 0.52 0.5 0.52 0.0 0.52
0.0 0.0 0.0 0.0 1.0 0.0 0.0 0.0 0.0 0.0 0.0 0.0 0.0 1.0 0.0 0.0 0.0 0.0 0.0 0.0 0.0 0.0 0.0 1.0 0.0 0.6196666666666668 0.625 0.939 0.92 0.6983333333333334 0.375 -0.0 0.93 0.1620243902439024 0.8541666666666666 0.978 -0.98 -0.96 0.07990909090909092 0.4583333333333333 0.979 -0.99 -0.99 0.4985882352941178 0.3541666666666667 0.99 -0.66 0.88 0.06205714285714287 0.7291666666666666 0.981 -0.94 -0.94
0.0 0.0 0.0 0.0 0.0 0.0 0.0 0.0 0.0 0.0 0.0 4.0 0.0 1.0 0.0 0.0 0.0 0.0 0.0 0.0 0.0 0.0 0.0 1.0 0.0 0.5236206896551724 0.8787878787878788 0.951 0.262 0.7374999999999999 0.12121212121212122 -0.0 0.65 0.28951999999999994 0.7575757575757576 0.956 -0.86 -0.86 0.11469565217391305 0.696969696969697 0.979 -0.94 0.657 0.0931111111111111 0.2727272727272727 0.915 -0.7 0.609 0.47858333333333336 0.7272727272727273 0.99 -0.63 -0.5
0.0 0.0 0.0 0.0 0.0 0.0 1.0 0.0 0.0 0.0 0.0 0.0 0.0 1.0 0.0 0.0 0.0 0.0 0.0 0.0 0.0 1.0 0.0 0.0 0.0 0.6284285714285714 0.7777777777777778 0.939 0.935 0.75 0.2222222222222222 -0.0 0.84 0.25866666666666666 0.6666666666666666 0.956 -0.95 -0.95 0.024800000000000023 0.5555555555555556 0.979 -0.94 -0.79 0.28500000000000003 0.2222222222222222 0.66 -0.09 0.66 0.37083333333333335 0.6666666666666666 0.935 -0.73 -0.73
0.0 0.0 0.0 0.0 0.0 0.0 0.0 0.0 0.0 0.0 0.0 2.0 0.0 2.0 0.0 0.0 0.0 0.0 0.0 0.0 0.0 0.0 0.0 1.0 0.0 0.4320285714285714 0.8974358974358975 0.935 0.08 0.6375000000000001 0.10256410256410256 -0.0 0.81 0.2970322580645161 0.7948717948717948 0.99 -0.88 -0.03 0.04919999999999999 0.7692307692307693 0.888 -0.94 0.201 0.04963157894736842 0.48717948717948717 0.936 -0.23 -0.04 0.29939393939393943 0.8461538461538461 0.959 -0.98 0.201
0.0 0.0 0.0 0.0 0.0 1.0 0.0 0.0 0.0 0.0 0.0 1.0 0.0 1.0 0.0 0.0 0.0 0.0 0.0 0.0 0.0 0.0 1.0 0.0 0.0 0.5533 0.8928571428571429 0.97 0.84 0.7766666666666667 0.10714285714285714 -0.0 0.77 0.49582499999999996 0.7142857142857143 0.991 -0.95 0.803 0.09919512195121948 0.7321428571428571 0.991 -0.92 -0.81 -0.1970666666666667 0.26785714285714285 0.856 -0.78 -0.2 0.38608888888888887 0.8035714285714286 0.935 -0.84 0.903
0.0 0.0 0.0 0.0 0.0 0.0 0.0 0.0 0.0 0.0 0.0 0.0 0.0 0.0 0.0 0.0 0.0 0.0 0.0 0.0 0.0 0.0 0.0 1.0 0.0 0.43 0.5 0.778 0.778 0.91 0.5 -0.0 0.91 -0.24700000000000003 1.0 0.705 -0.91 -0.91 0.069 0.25 0.069 0.0 0.069 0.4575 0.5 0.886 0.0 0.886 0.020333333333333314 0.75 0.851 -0.95 -0.95
0.0 0.0 0.0 0.0 1.0 1.0 1.0 0.0 0.0 0.0 0.0 0.0 0.0 2.0 0.0 0.0 0.0 0.0 0.0 0.0 0.0 0.0 0.0 0.0 0.0 0.6006470588235293 0.8095238095238095 0.943 0.895 0.475 0.19047619047619047 -0.0 0.14 0.348 0.8571428571428571 0.967 -0.87 0.893 0.24707142857142855 0.6666666666666666 0.979 -0.88 0.147 0.06942857142857144 0.3333333333333333 0.752 -0.6 -0.05 0.3398333333333333 0.8571428571428571 0.96 -0.81 0.898
0.0 0.0 0.0 0.0 0.0 0.0 1.0 0.0 0.0 0.0 0.0 0.0 0.0 2.0 0.0 0.0 0.0 0.0 0.0 0.0 0.0 1.0 0.0 0.0 0.0 0.5334545454545454 0.7857142857142857 0.939 0.124 0.3466666666666667 0.21428571428571427 -0.0 0.66 0.24507142857142852 1.0 0.956 -0.78 0.069 0.34809999999999997 0.7142857142857143 0.979 -0.79 0.21 -0.020750000000000005 0.5714285714285714 0.585 -0.44 -0.06 0.25836363636363635 0.7857142857142857 0.935 -0.63 0.285
0.0 0.0 0.0 0.0 0.0 0.0 1.0 0.0 0.0 0.0 0.0 0.0 0.0 0.0 0.0 0.0 0.0 0.0 0.0 0.0 0.0 0.0 0.0 1.0 0.0 0.376 0.625 0.883 0.079 0.82 0.375 -0.0 0.76 -0.16457142857142856 0.875 0.765 -0.99 -0.61 -0.13025 0.5 0.182 -1.0 0.161 -0.03480000000000001 0.625 0.856 -0.73 0.856 -0.009499999999999972 0.75 0.868 -0.82 -0.82
0.0 0.0 0.0 0.0 2.0 0.0 0.0 0.0 0.0 0.0 0.0 0.0 0.0 0.0 0.0 0.0 0.0 0.0 1.0 0.0 0.0 0.0 0.0 1.0 0.0 0.6383333333333333 0.42857142857142855 0.935 0.048 0.82 0.5714285714285714 -0.0 0.89 -0.20128571428571435 1.0 0.956 -0.95 -0.07 0.186 0.14285714285714285 0.186 0.0 0.186 0.505 0.42857142857142855 0.882 -0.1 -0.1 -0.06266666666666663 0.8571428571428571 0.969 -0.98 0.181
0.0 1.0 0.0 0.0 0.0 0.0 0.0 0.0 0.0 0.0 1.0 0.0 0.0 0.0 0.0 0.0 0.0 0.0 0.0 0.0 1.0 0.0 0.0 0.0 0.0 0.21675 0.8 0.646 0.07 0.75 0.2 -0.0 0.75 0.19125 0.8 0.558 0.0 0.023 -0.10033333333333333 0.6 0.173 -0.6 0.173 -0.26966666666666667 0.6 0.031 -0.75 -0.75 0.079 1.0 0.779 -0.74 -0.74
0.0 0.0 0.0 0.0 0.0 0.0 1.0 0.0 0.0 0.0 0.0 0.0 0.0 2.0 0.0 0.0 0.0 0.0 0.0 0.0 0.0 0.0 0.0 1.0 0.0 0.6514 0.9090909090909091 0.935 0.262 0.14 0.09090909090909091 -0.0 0.14 0.46449999999999997 0.7272727272727273 0.956 -0.44 0.43 -0.05024999999999999 0.7272727272727273 0.811 -0.94 0.657 -0.060666666666666674 0.2727272727272727 0.049 -0.28 -0.28 0.5607272727272727 1.0 0.948 -0.39 0.244
0.0 0.0 0.0 0.0 0.0 1.0 1.0 0.0 0.0 0.0 0.0 0.0 0.0 1.0 0.0 0.0 0.0 0.0 0.0 0.0 0.0 0.0 0.0 0.0 0.0 0.41525 0.5714285714285714 0.823 0.823 0.3666666666666667 0.42857142857142855 -0.0 0.14 -0.0030000000000000187 1.0 0.967 -0.77 0.967 0.18080000000000002 0.7142857142857143 0.795 -0.65 0.795 0.0944 0.7142857142857143 0.882 -0.44 0.081 0.09685714285714285 1.0 0.788 -0.73 0.706
0.0 0.0 0.0 0.0 0.0 0.0 0.0 0.0 0.0 0.0 0.0 0.0 0.0 0.0 0.0 0.0 0.0 0.0 0.0 0.0 0.0 0.0 0.0 0.0 0.0 0.045 0.5 0.045 0.045 0.91 0.5 -0.0 0.91 -0.41100000000000003 1.0 0.088 -0.91 0.088 0.0 0.0 0.0 0.0 0.0 0.0 0.0 0.0 0.0 0.0 0.0 0.0 0.0 0.0 0.0
0.0 1.0 0.0 0.0 0.0 0.0 0.0 0.0 0.0 0.0 1.0 0.0 0.0 0.0 0.0 0.0 0.0 0.0 0.0 0.0 1.0 0.0 0.0 0.0 0.0 0.13999999999999999 0.5 0.208 0.072 0.845 0.5 -0.0 0.91 -0.45500000000000007 0.75 0.295 -0.91 0.295 0.239 0.25 0.239 0.0 0.239 0.4345 0.5 0.82 0.0 0.049 0.209 0.5 0.346 0.0 0.072
0.0 0.0 0.0 0.0 0.0 0.0 0.0 0.0 0.0 0.0 0.0 0.0 0.0 0.0 0.0 0.0 0.0 0.0 0.0 0.0 0.0 0.0 0.0 0.0 0.0 0.0 0.0 0.0 0.0 0.91 1.0 -0.0 0.91 -0.91 1.0 0.0 -0.91 -0.91 0.0 0.0 0.0 0.0 0.0 0.0 0.0 0.0 0.0 0.0 0.0 0.0 0.0 0.0 0.0
0.0 0.0 0.0 0.0 0.0 2.0 0.0 0.0 1.0 0.0 0.0 0.0 0.0 0.0 0.0 0.0 0.0 0.0 0.0 0.0 0.0 0.0 1.0 0.0 0.0 0.5956666666666667 0.8571428571428571 0.935 0.102 0.58 0.14285714285714285 -0.0 0.86 0.27981818181818185 0.7857142857142857 0.956 -0.99 0.74 -0.06972727272727273 0.7857142857142857 0.82 -0.94 0.166 -0.3134 0.35714285714285715 0.013 -0.73 -0.13 0.58175 0.8571428571428571 0.986 0.0 0.275
0.0 0.0 0.0 0.0 1.0 0.0 1.0 0.0 0.0 0.0 0.0 0.0 0.0 2.0 0.0 0.0 0.0 0.0 0.0 0.0 0.0 1.0 0.0 0.0 0.0 0.5555 0.631578947368421 0.846 0.663 0.63 0.3684210526315789 -0.0 0.71 0.011705882352941161 0.8947368421052632 0.92 -1.0 0.861 -0.37321428571428567 0.7368421052631579 0.239 -0.94 -0.52 0.22329999999999997 0.5263157894736842 0.99 -0.64 0.631 0.24994117647058822 0.8947368421052632 0.898 -0.87 0.598
0.0 0.0 0.0 0.0 0.0 0.0 0.0 0.0 0.0 0.0 0.0 0.0 0.0 0.0 0.0 0.0 0.0 0.0 0.0 0.0 0.0 0.0 0.0 1.0 0.0 0.5173333333333333 0.8571428571428571 0.789 0.074 0.91 0.14285714285714285 -0.0 0.91 0.2914285714285714 1.0 0.883 -0.91 0.057 -0.33759999999999996 0.7142857142857143 0.201 -0.79 0.141 -0.05 0.2857142857142857 0.0 -0.06 -0.06 0.5783333333333333 0.8571428571428571 0.935 0.0 0.162
0.0 0.0 0.0 0.0 1.0 0.0 0.0 0.0 0.0 0.0 0.0 0.0 0.0 0.0 0.0 0.0 0.0 0.0 0.0 0.0 0.0 0.0 0.0 0.0 1.0 0.4795 0.7142857142857143 0.935 0.148 0.7300000000000001 0.2857142857142857 -0.0 0.12 -0.043272727272727275 0.7857142857142857 0.702 -0.95 -0.05 -0.10519999999999999 0.7142857142857143 0.924 -0.94 0.266 -0.063 0.42857142857142855 0.973 -0.99 -0.11 0.49345454545454553 0.7857142857142857 0.947 -0.19 -0.19
0.0 0.0 0.0 0.0 0.0 0.0 0.0 0.0 0.0 0.0 0.0 1.0 0.0 1.0 0.0 0.0 0.0 0.0 0.0 0.0 0.0 0.0 0.0 1.0 0.0 0.48511111111111105 0.6923076923076923 0.935 0.846 0.6275 0.3076923076923077 -0.0 0.7 0.1991428571428571 0.5384615384615384 0.956 -0.91 -0.75 -0.28762499999999996 0.6153846153846154 0.217 -0.94 -0.94 0.276 0.3076923076923077 0.72 -0.13 0.614 0.23325000000000004 0.9230769230769231 0.935 -0.9 -0.74
0.0 0.0 0.0 0.0 0.0 0.0 2.0 0.0 0.0 0.0 0.0 1.0 0.0 2.0 0.0 0.0 0.0 0.0 0.0 0.0 0.0 0.0 0.0 1.0 0.0 0.6522499999999999 0.75 0.935 0.094 0.62625 0.25 -0.0 0.64 0.34867857142857145 0.875 0.979 -0.9 -0.53 0.24500000000000002 0.625 0.924 -0.94 -0.79 0.1719090909090909 0.34375 0.82 -0.74 0.612 0.27244 0.78125 0.935 -0.99 -0.79
0.0 0.0 0.0 0.0 0.0 2.0 0.0 0.0 1.0 0.0 0.0 0.0 0.0 0.0 0.0 0.0 0.0 0.0 0.0 0.0 0.0 0.0 1.0 0.0 0.0 0.5845199999999999 0.8333333333333334 0.935 0.75 0.47400000000000003 0.16666666666666666 -0.0 0.76 0.33203703703703696 0.9 0.986 -0.99 0.748 -0.024666666666666632 0.8 0.924 -0.94 0.786 0.062 0.26666666666666666 0.752 -0.73 0.752 0.43583333333333335 0.8 0.935 -0.81 0.715
0.0 0.0 0.0 0.0 0.0 0.0 1.0 0.0 0.0 0.0 0.0 0.0 0.0 0.0 0.0 0.0 0.0 0.0 0.0 0.0 0.0 1.0 0.0 0.0 0.0 0.867 0.6 0.943 0.869 0.45499999999999996 0.4 -0.0 0.84 -0.0635 0.4 0.633 -0.76 0.633 0.31566666666666665 0.6 0.943 -0.79 0.794 -0.91 0.2 0.0 -0.91 -0.91 0.603 0.6 0.944 -0.07 0.944
0.0 0.0 0.0 0.0 0.0 0.0 0.0 0.0 0.0 0.0 0.0 0.0 0.0 1.0 0.0 0.0 0.0 0.0 0.0 0.0 0.0 0.0 0.0 1.0 0.0 0.5370294117647059 0.7083333333333334 0.988 0.137 0.6471428571428571 0.2916666666666667 -0.0 0.68 0.19786842105263158 0.7916666666666666 0.995 -0.82 0.062 0.2680416666666667 0.5 0.992 -0.94 0.212 0.20041176470588234 0.3541666666666667 0.99 -1.0 0.663 0.09953846153846155 0.8125 0.99 -0.87 0.705
0.0 0.0 0.0 0.0 0.0 1.0 0.0 0.0 1.0 0.0 0.0 1.0 0.0 0.0 0.0 0.0 0.0 0.0 0.0 0.0 0.0 0.0 1.0 0.0 0.0 0.5727199999999999 0.8620689655172413 0.94 0.157 0.595 0.13793103448275862 -0.0 0.76 0.31404347826086954 0.7931034482758621 0.967 -0.76 0.082 0.276 0.8275862068965517 0.986 -0.79 0.191 0.019874999999999993 0.27586206896551724 0.856 -0.91 -0.15 0.44216666666666665 0.8275862068965517 0.946 -0.82 0.198
0.0 0.0 0.0 0.0 0.0 0.0 0.0 0.0 0.0 0.0 0.0 3.0 0.0 0.0 0.0 0.0 0.0 0.0 0.0 0.0 0.0 0.0 0.0 1.0 0.0 0.33255555555555555 0.8181818181818182 0.935 0.044 0.815 0.18181818181818182 -0.0 0.73 0.08318181818181815 1.0 0.956 -0.96 0.036 -0.06799999999999999 0.6363636363636364 0.239 -0.65 -0.05 -0.11775 0.36363636363636365 0.52 -0.96 0.52 0.18409999999999999 0.9090909090909091 0.914 -0.87 0.198
0.0 0.0 0.0 0.0 0.0 1.0 1.0 0.0 0.0 0.0 0.0 1.0 0.0 0.0 0.0 0.0 0.0 0.0 0.0 0.0 0.0 0.0 0.0 1.0 0.0 0.5052941176470588 0.7555555555555555 0.953 0.903 0.6518181818181819 0.24444444444444444 -0.0 0.7 0.2694736842105262 0.8444444444444444 0.956 -0.95 -0.59 0.16032 0.5555555555555556 0.988 -0.88 0.912 0.157625 0.35555555555555557 0.974 -0.93 0.672 0.17122857142857142 0.7777777777777778 0.935 -0.98 -0.83
0.0 0.0 0.0 0.0 1.0 0.0 1.0 0.0 0.0 0.0 0.0 0.0 0.0 0.0 0.0 0.0 0.0 0.0 0.0 0.0 0.0 0.0 0.0 0.0 1.0 0.6271666666666668 0.5 0.935 0.935 0.42 0.5 -0.0 0.07 0.19839999999999997 0.8333333333333334 0.956 -0.81 -0.07 -0.403 0.16666666666666666 0.074 -0.88 -0.88 0.44549999999999995 0.16666666666666666 0.82 0.0 0.82 0.2715 0.6666666666666666 0.914 -0.78 0.914
0.0 0.0 0.0 0.0 0.0 0.0 1.0 0.0 0.0 0.0 0.0 0.0 0.0 0.0 0.0 0.0 0.0 0.0 0.0 0.0 0.0 1.0 0.0 0.0 0.0 0.662 0.5 0.935 0.157 0.615 0.5 -0.0 0.16 -0.009000000000000022 1.0 0.956 -0.81 -0.25 0.0805 0.25 0.191 -0.03 -0.03 0.49624999999999997 0.5 0.83 -0.15 -0.15 5.000000000000143E-4 1.0 0.914 -0.96 -0.28
0.0 0.0 0.0 0.0 1.0 0.0 1.0 0.0 0.0 0.0 0.0 3.0 0.0 4.0 0.0 0.0 0.0 0.0 0.0 0.0 0.0 1.0 0.0 0.0 0.0 0.4844347826086956 0.5897435897435898 0.943 0.943 0.658125 0.41025641025641024 -0.0 0.82 -0.1463125 0.8205128205128205 0.956 -0.91 -0.69 0.012952380952380953 0.5384615384615384 0.943 -0.94 0.098 0.28941176470588237 0.4358974358974359 0.883 -0.72 0.883 -0.0495625 0.8205128205128205 0.935 -0.99 -0.91
0.0 0.0 0.0 0.0 0.0 0.0 1.0 0.0 0.0 0.0 0.0 1.0 0.0 0.0 0.0 0.0 0.0 0.0 0.0 0.0 0.0 0.0 0.0 1.0 0.0 0.7033333333333333 0.75 0.903 0.903 0.72 0.25 -0.0 0.72 0.5045 1.0 0.97 -0.62 0.746 0.873 0.5 0.97 0.0 0.97 0.7989999999999999 0.5 0.825 0.0 0.825 0.38066666666666665 0.75 0.994 -0.73 0.994
0.0 0.0 0.0 0.0 1.0 0.0 1.0 0.0 0.0 0.0 0.0 0.0 0.0 0.0 0.0 0.0 0.0 0.0 0.0 0.0 0.0 0.0 0.0 1.0 0.0 0.5368461538461539 0.8666666666666667 0.964 0.728 0.56 0.13333333333333333 -0.0 0.34 0.39007692307692304 0.8666666666666667 0.965 -0.75 0.702 -0.03307692307692307 0.8666666666666667 0.964 -0.79 0.716 0.15699999999999995 0.4 0.82 -0.24 -0.24 0.47746153846153844 0.8666666666666667 0.935 -0.65 0.741
0.0 0.0 0.0 0.0 0.0 0.0 1.0 0.0 0.0 0.0 0.0 1.0 0.0 1.0 0.0 0.0 0.0 0.0 0.0 0.0 0.0 1.0 0.0 0.0 0.0 0.5537 0.8333333333333334 0.943 0.716 0.78 0.16666666666666666 -0.0 0.86 0.08088888888888887 0.75 0.956 -0.99 0.694 -0.06787500000000002 0.6666666666666666 0.943 -0.94 -0.56 -0.0972 0.4166666666666667 0.614 -0.73 -0.73 0.46319999999999995 0.8333333333333334 0.935 -0.74 0.888
0.0 0.0 0.0 0.0 0.0 1.0 1.0 0.0 0.0 0.0 0.0 1.0 0.0 2.0 0.0 0.0 0.0 0.0 0.0 0.0 0.0 0.0 1.0 0.0 0.0 0.616470588235294 0.6296296296296297 0.953 0.072 0.382 0.37037037037037035 -0.0 0.03 0.13390909090909092 0.8148148148148148 0.956 -0.9 0.633 -0.022470588235294124 0.6296296296296297 0.988 -0.94 -0.79 -0.02866666666666666 0.4444444444444444 0.82 -0.91 0.063 0.33121052631578946 0.7037037037037037 0.935 -0.99 -0.03
0.0 0.0 0.0 0.0 0.0 2.0 0.0 0.0 0.0 0.0 0.0 2.0 0.0 1.0 0.0 0.0 0.0 0.0 0.0 0.0 0.0 0.0 1.0 0.0 0.0 0.3991904761904762 0.6 0.939 0.789 0.7128571428571429 0.4 -0.0 0.87 -0.1464193548387097 0.8857142857142857 0.957 -0.95 -0.91 -0.032714285714285744 0.6 0.979 -0.94 -0.79 0.24425000000000002 0.5714285714285714 0.82 -0.91 -0.72 0.020500000000000018 0.8 0.935 -0.99 -0.99
0.0 0.0 0.0 0.0 0.0 1.0 1.0 0.0 0.0 0.0 0.0 0.0 0.0 0.0 0.0 0.0 0.0 0.0 0.0 0.0 0.0 1.0 0.0 0.0 0.0 0.789 0.3333333333333333 0.789 0.789 0.195 0.6666666666666666 -0.0 0.34 0.141 1.0 0.633 -0.14 -0.14 -0.234 1.0 0.098 -0.79 0.098 0.28600000000000003 0.6666666666666666 0.662 -0.09 0.662 0.14250000000000002 0.6666666666666666 0.935 -0.65 -0.65
0.0 0.0 0.0 0.0 0.0 0.0 0.0 0.0 0.0 0.0 0.0 1.0 0.0 0.0 0.0 0.0 0.0 0.0 0.0 0.0 0.0 0.0 0.0 1.0 0.0 0.40844444444444444 0.75 0.846 0.846 0.5466666666666667 0.25 -0.0 0.06 0.09257142857142857 0.5833333333333334 0.633 -0.61 0.633 -0.09822222222222224 0.75 0.82 -0.94 -0.94 -0.030714285714285715 0.5833333333333334 0.856 -0.8 -0.1 0.24181818181818182 0.9166666666666666 0.935 -0.83 0.744
0.0 0.0 0.0 0.0 0.0 1.0 0.0 0.0 0.0 0.0 0.0 0.0 0.0 0.0 0.0 0.0 0.0 0.0 0.0 0.0 0.0 0.0 1.0 0.0 0.0 0.5452173913043479 0.8518518518518519 0.939 0.034 0.8074999999999999 0.14814814814814814 -0.0 0.76 0.35145454545454546 0.8148148148148148 0.956 -0.9 0.094 -0.10442105263157894 0.7037037037037037 0.979 -0.95 -0.03 0.08030769230769229 0.48148148148148145 0.943 -0.78 0.028 0.2975217391304347 0.8518518518518519 0.935 -0.98 -0.74
0.0 0.0 0.0 0.0 0.0 0.0 3.0 0.0 0.0 0.0 0.0 0.0 0.0 0.0 0.0 0.0 0.0 0.0 0.0 0.0 0.0 1.0 0.0 0.0 0.0 0.4577407407407409 0.9310344827586207 0.935 0.784 0.89 0.06896551724137931 -0.0 0.93 0.3760799999999999 0.8620689655172413 1.0 -0.89 0.889 0.05375000000000002 0.8275862068965517 0.91 -0.9 -0.9 0.0328 0.3448275862068966 0.981 -0.21 0.028 0.3673636363636364 0.7586206896551724 0.935 -0.98 0.559
0.0 0.0 0.0 0.0 0.0 0.0 0.0 0.0 1.0 0.0 0.0 3.0 0.0 3.0 0.0 0.0 0.0 0.0 0.0 0.0 0.0 0.0 0.0 0.0 0.0 0.5039375 0.8 0.964 0.943 0.6625 0.2 -0.0 0.35 0.21648936170212763 0.7833333333333333 0.956 -0.99 -0.13 0.044150000000000016 0.6666666666666666 0.943 -0.96 0.943 0.22541666666666668 0.4 0.948 -0.84 0.694 0.2811090909090909 0.9166666666666666 0.969 -0.81 -0.67
0.0 0.0 0.0 0.0 1.0 0.0 0.0 0.0 0.0 0.0 0.0 0.0 0.0 0.0 0.0 0.0 0.0 0.0 0.0 0.0 0.0 0.0 0.0 1.0 0.0 0.6114999999999999 0.75 0.939 0.076 0.44999999999999996 0.25 -0.0 0.83 0.46916666666666673 0.75 0.956 -0.71 -0.71 0.34424999999999994 0.5 0.979 -0.65 0.069 0.385 0.25 0.83 -0.06 0.83 0.15966666666666665 0.75 0.914 -0.96 -0.96
0.0 0.0 0.0 0.0 0.0 0.0 0.0 0.0 1.0 0.0 0.0 0.0 0.0 0.0 0.0 0.0 0.0 0.0 0.0 0.0 0.0 0.0 0.0 1.0 0.0 0.6248518518518521 0.9310344827586207 0.939 0.728 0.84 0.06896551724137931 -0.0 0.82 0.56104 0.8620689655172413 0.995 -0.99 0.868 0.2525217391304348 0.7931034482758621 0.979 -0.99 0.716 -0.27457142857142863 0.2413793103448276 0.049 -0.91 0.029 0.55245 0.6896551724137931 0.935 -0.03 0.741
0.0 0.0 0.0 0.0 0.0 0.0 0.0 0.0 0.0 0.0 0.0 0.0 0.0 2.0 0.0 0.0 0.0 0.0 0.0 0.0 0.0 0.0 0.0 1.0 0.0 0.7056153846153846 0.8125 0.988 0.988 0.8333333333333334 0.1875 -0.0 0.76 0.32077777777777766 0.5625 0.995 -0.87 0.038 0.1403333333333333 0.5625 0.99 -0.94 0.986 0.0026666666666666553 0.1875 0.948 -0.86 -0.08 0.47907142857142854 0.875 0.99 -0.81 0.99
0.0 0.0 0.0 0.0 0.0 1.0 0.0 0.0 0.0 0.0 0.0 0.0 0.0 0.0 0.0 0.0 0.0 0.0 0.0 0.0 0.0 0.0 0.0 1.0 0.0 0.687 0.8666666666666667 0.939 0.157 0.545 0.13333333333333333 -0.0 0.28 0.5129230769230769 0.8666666666666667 0.956 -0.95 0.082 0.5851 0.6666666666666666 0.979 0.0 0.191 0.37249999999999994 0.26666666666666666 0.721 0.0 0.615 0.3636 0.6666666666666666 0.914 -0.75 0.198
0.0 0.0 0.0 0.0 0.0 0.0 0.0 0.0 1.0 0.0 0.0 0.0 0.0 2.0 0.0 0.0 0.0 0.0 0.0 0.0 0.0 0.0 0.0 1.0 0.0 0.4046842105263157 0.7916666666666666 0.939 0.053 0.5079999999999999 0.20833333333333334 -0.0 0.03 0.26419047619047625 0.875 0.956 -0.76 -0.04 0.08095 0.8333333333333334 0.979 -0.79 0.141 -0.24733333333333332 0.375 0.082 -0.91 -0.09 0.2597142857142857 0.875 0.935 -0.83 0.21
0.0 0.0 0.0 0.0 0.0 0.0 0.0 0.0 0.0 0.0 0.0 0.0 0.0 1.0 0.0 0.0 0.0 0.0 0.0 0.0 0.0 0.0 0.0 1.0 0.0 0.44700000000000006 0.8571428571428571 0.902 0.054 0.845 0.14285714285714285 -0.0 0.93 0.16936363636363636 0.7857142857142857 0.939 -0.93 0.049 -0.15127272727272725 0.7857142857142857 0.888 -0.94 0.113 -0.03200000000000001 0.42857142857142855 0.752 -0.93 0.107 0.2206153846153846 0.9285714285714286 0.948 -0.94 0.162
0.0 0.0 0.0 0.0 0.0 0.0 0.0 0.0 0.0 0.0 0.0 1.0 0.0 2.0 0.0 0.0 0.0 0.0 0.0 0.0 0.0 0.0 0.0 1.0 0.0 0.581 0.8181818181818182 0.9 0.855 0.89 0.18181818181818182 -0.0 0.87 0.055499999999999994 0.5454545454545454 0.705 -0.96 -0.96 -0.024624999999999966 0.7272727272727273 0.967 -0.94 0.967 -0.3125 0.36363636363636365 0.0 -0.95 -0.09 0.3648181818181818 1.0 0.902 -0.87 -0.77
0.0 0.0 1.0 0.0 0.0 0.0 4.0 0.0 0.0 0.0 0.0 0.0 0.0 0.0 0.0 0.0 0.0 0.0 0.0 0.0 0.0 1.0 0.0 0.0 0.0 0.911 0.5 0.911 0.911 0.93 0.5 -0.0 0.93 0.02999999999999997 1.0 0.99 -0.93 0.99 0.832 0.5 0.832 0.0 0.832 -0.93 0.5 0.0 -0.93 -0.93 -0.94 0.5 0.0 -0.94 -0.94
0.0 0.0 0.0 0.0 0.0 0.0 0.0 0.0 0.0 0.0 0.0 3.0 0.0 1.0 0.0 0.0 0.0 0.0 0.0 0.0 0.0 0.0 0.0 1.0 0.0 0.520904761904762 0.8076923076923077 0.97 0.907 0.728 0.19230769230769232 -0.0 0.81 0.2762631578947367 0.7307692307692307 0.956 -0.95 -0.95 0.05264705882352941 0.6538461538461539 0.991 -0.94 0.098 -0.13249999999999998 0.46153846153846156 0.721 -0.92 0.721 0.4381818181818181 0.8461538461538461 0.959 -0.75 -0.75
0.0 0.0 0.0 0.0 1.0 1.0 0.0 0.0 0.0 0.0 0.0 0.0 0.0 1.0 0.0 0.0 0.0 0.0 0.0 0.0 0.0 0.0 0.0 0.0 1.0 0.7815000000000001 0.5 0.785 0.778 0.875 0.5 -0.0 0.93 -0.09075000000000003 1.0 0.712 -0.93 -0.93 0.0 0.0 0.0 0.0 0.0 -0.93 0.25 0.0 -0.93 -0.93 -0.005250000000000005 1.0 0.858 -0.94 -0.94
0.0 0.0 0.0 0.0 0.0 1.0 0.0 0.0 0.0 0.0 0.0 1.0 0.0 1.0 0.0 0.0 0.0 0.0 0.0 0.0 0.0 0.0 1.0 0.0 0.0 0.48656521739130437 0.7931034482758621 0.996 0.996 0.6316666666666667 0.20689655172413793 -0.0 0.78 0.19445833333333332 0.8275862068965517 0.996 -0.78 0.996 0.20190909090909093 0.7586206896551724 0.992 -0.88 0.745 0.12599999999999997 0.41379310344827586 0.82 -0.91 0.028 0.2716315789473684 0.6551724137931034 0.945 -0.74 0.701
0.0 0.0 0.0 0.0 0.0 0.0 1.0 0.0 0.0 0.0 0.0 0.0 0.0 0.0 0.0 0.0 0.0 0.0 0.0 0.0 0.0 1.0 0.0 0.0 0.0 0.7214999999999999 0.6 0.939 0.932 0.79 0.4 -0.0 0.78 0.11962500000000001 0.8 0.95 -0.97 0.895 0.3188000000000001 0.5 0.979 -0.94 -0.94 0.39774999999999994 0.4 0.82 -0.74 0.82 0.14183333333333334 0.6 0.969 -0.96 0.969
0.0 0.0 0.0 0.0 0.0 1.0 0.0 0.0 1.0 0.0 0.0 1.0 0.0 0.0 0.0 0.0 0.0 0.0 0.0 0.0 0.0 0.0 1.0 0.0 0.0 0.46049999999999996 0.8823529411764706 0.964 0.753 0.595 0.11764705882352941 -0.0 0.34 0.28438461538461535 0.7647058823529411 0.965 -0.78 0.686 -0.007249999999999999 0.8235294117647058 0.967 -0.94 -0.77 0.08157142857142856 0.4117647058823529 0.662 -0.23 0.033 0.3754193548387097 0.9117647058823529 0.935 -0.72 0.797
0.0 0.0 0.0 0.0 0.0 1.0 1.0 0.0 1.0 0.0 0.0 1.0 0.0 3.0 0.0 0.0 0.0 0.0 0.0 0.0 0.0 1.0 0.0 0.0 0.0 0.4169310344827587 0.6904761904761905 0.996 0.996 0.5592307692307692 0.30952380952380953 -0.0 0.04 0.0893333333333333 0.9285714285714286 0.996 -0.96 0.996 -0.1267857142857143 0.6666666666666666 0.796 -0.79 0.077 -0.029277777777777785 0.42857142857142855 0.856 -0.81 -0.11 0.1235526315789474 0.9047619047619048 0.935 -0.99 -0.99
0.0 0.0 0.0 0.0 0.0 0.0 0.0 0.0 1.0 0.0 0.0 0.0 0.0 1.0 0.0 0.0 0.0 0.0 0.0 0.0 0.0 0.0 0.0 1.0 0.0 0.4364545454545455 0.6875 0.943 0.943 0.614 0.3125 -0.0 0.6 -0.020999999999999994 0.875 0.899 -0.96 0.715 0.26790909090909093 0.6875 0.979 -0.79 0.943 0.02744444444444445 0.5625 0.721 -0.84 -0.09 0.09866666666666664 0.75 0.935 -0.77 0.851
0.0 0.0 0.0 0.0 0.0 0.0 0.0 0.0 0.0 0.0 0.0 0.0 0.0 1.0 0.0 0.0 0.0 0.0 0.0 0.0 0.0 0.0 0.0 1.0 0.0 0.3832352941176471 0.8095238095238095 0.945 0.945 0.62 0.19047619047619047 -0.0 0.04 0.21331578947368415 0.9047619047619048 0.995 -0.96 0.903 -0.10994117647058825 0.8095238095238095 0.801 -0.93 -0.93 -0.16727272727272732 0.5238095238095238 0.82 -0.96 -0.08 0.31209999999999993 0.9523809523809523 0.996 -0.78 0.996
0.0 0.0 0.0 0.0 0.0 1.0 0.0 0.0 0.0 0.0 0.0 0.0 0.0 0.0 0.0 0.0 0.0 0.0 0.0 0.0 0.0 0.0 0.0 1.0 0.0 0.41306250000000005 0.9411764705882353 0.935 0.258 0.04 0.058823529411764705 -0.0 0.04 0.29364285714285715 0.8235294117647058 0.956 -0.04 0.277 -0.032214285714285716 0.8235294117647058 0.785 -0.94 0.161 -0.032600000000000004 0.29411764705882354 0.079 -0.21 0.029 0.4401764705882352 1.0 0.935 -0.09 0.337
0.0 0.0 0.0 0.0 0.0 0.0 0.0 0.0 0.0 0.0 0.0 0.0 0.0 0.0 0.0 0.0 0.0 0.0 0.0 0.0 0.0 0.0 0.0 1.0 0.0 0.4815 0.6666666666666666 0.883 0.883 0.96 0.3333333333333333 -0.0 0.96 -0.06333333333333335 1.0 0.77 -0.93 -0.93 0.201 0.3333333333333333 0.201 0.0 0.201 -0.515 0.6666666666666666 0.0 -0.99 -0.99 0.5985 0.6666666666666666 0.996 0.0 0.996
0.0 0.0 0.0 0.0 0.0 0.0 2.0 0.0 2.0 0.0 0.0 1.0 0.0 1.0 0.0 0.0 0.0 0.0 0.0 0.0 0.0 1.0 0.0 0.0 0.0 0.5773103448275863 0.8787878787878788 0.935 0.036 0.5625 0.12121212121212122 -0.0 0.7 0.47924 0.7575757575757576 0.988 -0.84 -0.06 0.08256521739130437 0.696969696969697 0.902 -0.94 0.109 0.003399999999999996 0.30303030303030304 0.614 -0.8 -0.05 0.454111111111111 0.8181818181818182 0.935 -0.74 0.158
0.0 0.0 0.0 0.0 0.0 0.0 0.0 0.0 0.0 0.0 0.0 1.0 0.0 0.0 0.0 0.0 0.0 0.0 0.0 0.0 0.0 0.0 0.0 1.0 0.0 0.0 0.0 0.0 0.0 0.93 1.0 -0.0 0.93 -0.93 1.0 0.0 -0.93 -0.93 0.0 0.0 0.0 0.0 0.0 -0.93 1.0 0.0 -0.93 -0.93 -0.94 1.0 0.0 -0.94 -0.94
0.0 0.0 0.0 0.0 0.0 0.0 0.0 0.0 2.0 0.0 0.0 5.0 0.0 4.0 0.0 0.0 0.0 0.0 0.0 0.0 0.0 0.0 0.0 0.0 0.0 0.5553488372093022 0.8775510204081632 0.947 0.921 0.5950000000000001 0.12244897959183673 -0.0 0.89 0.44689743589743586 0.7959183673469388 0.995 -0.78 0.995 0.20670588235294116 0.6938775510204082 0.982 -0.94 0.801 0.16371428571428567 0.2857142857142857 0.915 -0.19 0.915 0.36553488372093024 0.8775510204081632 0.968 -0.99 0.968
0.0 1.0 0.0 0.0 0.0 1.0 0.0 0.0 0.0 0.0 1.0 3.0 0.0 1.0 0.0 0.0 0.0 0.0 0.0 0.0 0.0 0.0 1.0 0.0 0.0 0.41055555555555556 0.782608695652174 0.935 0.085 0.5479999999999999 0.21739130434782608 -0.0 0.85 0.12522222222222223 0.782608695652174 0.956 -0.91 -0.8 -0.027500000000000004 0.6086956521739131 0.904 -0.94 0.199 -0.2343333333333333 0.5217391304347826 0.015 -0.91 0.015 0.2714285714285715 0.9130434782608695 0.935 -0.99 0.072
0.0 1.0 0.0 0.0 0.0 0.0 0.0 0.0 0.0 0.0 1.0 0.0 0.0 0.0 0.0 0.0 0.0 0.0 0.0 0.0 1.0 0.0 0.0 0.0 0.0 0.5058 0.625 0.935 0.67 0.7599999999999999 0.375 -0.0 0.84 0.036 0.875 0.956 -0.91 -0.76 -0.2505 0.5 0.196 -0.79 -0.59 -0.2576 0.625 0.552 -0.91 -0.91 0.15328571428571428 0.875 0.935 -0.99 0.533
0.0 0.0 0.0 0.0 0.0 0.0 1.0 0.0 0.0 0.0 0.0 0.0 0.0 0.0 0.0 0.0 0.0 0.0 0.0 0.0 0.0 1.0 0.0 0.0 0.0 0.5396 0.7142857142857143 0.935 0.16 0.56 0.2857142857142857 -0.0 0.34 0.2695 0.8571428571428571 0.956 -0.75 -0.14 -0.024000000000000014 0.5714285714285714 0.344 -0.65 0.098 0.424 0.42857142857142855 0.82 -0.21 0.662 0.39599999999999996 0.8571428571428571 0.914 -0.65 -0.65
0.0 0.0 0.0 0.0 0.0 0.0 0.0 0.0 1.0 0.0 0.0 1.0 0.0 1.0 0.0 0.0 0.0 0.0 0.0 0.0 0.0 0.0 0.0 1.0 0.0 0.5307959183673466 0.8166666666666667 0.97 0.112 0.4954545454545455 0.18333333333333332 -0.0 0.04 0.31964583333333335 0.8 0.972 -0.99 0.109 -0.16310526315789475 0.6333333333333333 0.991 -0.94 0.129 0.1370454545454545 0.36666666666666664 0.816 -0.73 0.061 0.3574897959183672 0.8166666666666667 0.935 -0.9 0.098
0.0 0.0 0.0 0.0 0.0 0.0 0.0 0.0 0.0 0.0 0.0 0.0 0.0 0.0 0.0 0.0 0.0 0.0 0.0 0.0 0.0 0.0 0.0 1.0 0.0 0.533 0.7142857142857143 0.926 0.103 0.4625 0.2857142857142857 -0.0 0.73 0.1340909090909091 0.7857142857142857 0.922 -0.85 -0.85 0.06058333333333334 0.8571428571428571 0.986 -0.94 0.219 0.055833333333333346 0.42857142857142855 0.659 -0.84 0.605 0.21818181818181817 0.7857142857142857 0.935 -0.73 -0.73
0.0 0.0 0.0 0.0 0.0 1.0 0.0 0.0 0.0 0.0 0.0 1.0 0.0 1.0 0.0 0.0 0.0 0.0 0.0 0.0 0.0 0.0 0.0 1.0 0.0 0.5516333333333334 0.8333333333333334 0.968 0.745 0.5616666666666666 0.16666666666666666 -0.0 0.93 0.3536000000000001 0.8333333333333334 0.99 -0.93 -0.93 0.13677777777777778 0.75 0.995 -0.88 -0.66 -0.15439999999999998 0.4166666666666667 0.856 -0.93 -0.93 0.3344333333333334 0.8333333333333334 0.945 -0.96 -0.94
0.0 0.0 0.0 0.0 0.0 0.0 0.0 0.0 0.0 0.0 0.0 1.0 0.0 0.0 0.0 0.0 0.0 0.0 0.0 0.0 0.0 0.0 0.0 1.0 0.0 0.5676666666666667 0.5 0.935 0.871 0.35833333333333334 0.5 -0.0 0.15 0.0458333333333333 1.0 0.956 -0.88 -0.19 -0.043285714285714295 0.5833333333333334 0.922 -0.79 0.922 -0.12516666666666668 0.5 0.83 -0.78 -0.15 0.19433333333333333 0.75 0.935 -0.96 -0.1
0.0 0.0 0.0 0.0 0.0 1.0 0.0 0.0 2.0 0.0 0.0 0.0 0.0 0.0 0.0 0.0 0.0 0.0 0.0 0.0 0.0 0.0 1.0 0.0 0.0 0.5743428571428574 0.7954545454545454 0.949 0.252 0.51 0.20454545454545456 -0.0 0.71 0.336547619047619 0.9545454545454546 0.956 -0.98 -0.73 0.013566666666666668 0.6818181818181818 0.988 -0.94 -0.03 0.17350000000000002 0.2727272727272727 0.898 -0.24 0.64 0.3424166666666668 0.8181818181818182 0.996 -0.89 -0.76
0.0 0.0 0.0 0.0 0.0 0.0 0.0 0.0 0.0 0.0 0.0 2.0 0.0 1.0 0.0 0.0 0.0 0.0 0.0 0.0 0.0 0.0 0.0 1.0 0.0 0.472578947368421 0.8260869565217391 0.939 0.861 0.75 0.17391304347826086 -0.0 0.7 0.3635 0.6956521739130435 0.956 -0.75 0.936 0.2914285714285714 0.6086956521739131 0.979 -0.79 -0.79 0.21899999999999997 0.4782608695652174 0.828 -0.17 0.614 0.29700000000000004 0.6086956521739131 0.914 -0.74 0.861
0.0 0.0 0.0 0.0 0.0 0.0 0.0 0.0 1.0 0.0 0.0 0.0 0.0 3.0 0.0 0.0 0.0 0.0 0.0 0.0 0.0 0.0 0.0 1.0 0.0 0.5802857142857143 0.7368421052631579 0.939 0.831 0.8460000000000001 0.2631578947368421 -0.0 0.81 0.16428571428571428 0.7368421052631579 0.95 -0.95 0.95 0.042333333333333355 0.631578947368421 0.979 -0.94 0.712 0.02055555555555555 0.47368421052631576 0.936 -0.8 0.721 0.2131538461538462 0.6842105263157895 0.935 -0.98 -0.75
0.0 0.0 0.0 0.0 1.0 1.0 1.0 0.0 1.0 0.0 0.0 1.0 0.0 2.0 0.0 0.0 0.0 0.0 0.0 0.0 0.0 0.0 0.0 0.0 0.0 0.3414090909090909 0.6666666666666666 0.935 0.037 0.75 0.3333333333333333 -0.0 0.93 -0.08700000000000002 0.8787878787878788 0.967 -0.99 -0.09 -0.13410000000000002 0.6060606060606061 0.795 -0.94 0.104 0.25662500000000005 0.48484848484848486 0.948 -0.96 0.88 0.07790000000000002 0.9090909090909091 0.935 -0.94 0.099
0.0 0.0 0.0 0.0 0.0 0.0 0.0 0.0 0.0 0.0 0.0 0.0 0.0 0.0 0.0 0.0 0.0 0.0 0.0 0.0 0.0 0.0 0.0 1.0 0.0 0.128 0.25 0.208 0.208 0.8033333333333333 0.75 -0.0 0.96 -0.6092857142857142 0.875 0.295 -0.96 -0.95 0.24566666666666667 0.375 0.312 0.0 0.312 -0.050714285714285726 0.875 0.971 -0.93 0.971 -0.3821666666666667 0.75 0.346 -0.95 -0.08
0.0 0.0 0.0 0.0 0.0 0.0 2.0 0.0 0.0 0.0 0.0 0.0 0.0 0.0 0.0 0.0 0.0 0.0 0.0 0.0 0.0 1.0 0.0 0.0 0.0 0.47825 0.4444444444444444 0.935 0.16 0.772 0.5555555555555556 -0.0 0.93 -0.14357142857142854 0.7777777777777778 0.956 -0.97 -0.96 -0.024000000000000014 0.4444444444444444 0.344 -0.65 0.098 0.07833333333333335 0.6666666666666666 0.948 -0.97 0.88 -0.13399999999999998 0.8888888888888888 0.914 -0.94 -0.94
0.0 0.0 0.0 0.0 0.0 1.0 0.0 0.0 1.0 0.0 0.0 0.0 1.0 1.0 0.0 0.0 0.0 0.0 0.0 0.0 0.0 0.0 0.0 0.0 0.0 0.4283571428571428 0.7 0.935 0.073 0.5416666666666667 0.3 -0.0 0.93 0.05699999999999999 0.7 0.995 -0.97 -0.97 0.4122 0.5 0.893 0.0 0.077 -0.18825 0.4 0.662 -0.97 -0.97 0.14455555555555558 0.9 0.947 -0.84 -0.84
0.0 0.0 0.0 0.0 0.0 0.0 0.0 0.0 0.0 0.0 0.0 1.0 0.0 0.0 0.0 0.0 0.0 0.0 0.0 0.0 0.0 0.0 0.0 1.0 0.0 0.6354285714285715 0.7368421052631579 0.939 0.179 0.7859999999999999 0.2631578947368421 -0.0 0.84 0.4547142857142857 0.7368421052631579 0.956 -0.76 0.06 0.488125 0.42105263157894735 0.979 -0.05 0.422 0.043 0.5263157894736842 0.82 -0.91 -0.17 0.3695714285714286 0.7368421052631579 0.914 -0.86 0.41
0.0 0.0 0.0 0.0 0.0 0.0 0.0 0.0 3.0 0.0 0.0 0.0 0.0 1.0 0.0 0.0 0.0 0.0 0.0 0.0 0.0 0.0 0.0 1.0 0.0 0.45699999999999996 0.6818181818181818 0.964 0.063 0.5242857142857142 0.3181818181818182 -0.0 0.86 0.11110526315789468 0.8636363636363636 0.965 -0.79 -0.79 0.11907142857142859 0.6363636363636364 0.978 -0.94 0.136 0.010545454545454545 0.5 0.974 -0.72 0.974 0.10574999999999998 0.7272727272727273 0.914 -0.96 -0.83
0.0 0.0 1.0 0.0 0.0 0.0 5.0 0.0 0.0 0.0 0.0 2.0 0.0 0.0 0.0 0.0 0.0 0.0 0.0 0.0 0.0 1.0 0.0 0.0 0.0 0.0 0.0 0.0 0.0 0.83 1.0 -0.0 0.83 -0.71 1.0 0.0 -0.71 -0.71 0.0 0.0 0.0 0.0 0.0 0.83 1.0 0.83 0.0 0.83 -0.96 1.0 0.0 -0.96 -0.96
0.0 0.0 0.0 0.0 0.0 0.0 0.0 0.0 0.0 0.0 0.0 0.0 0.0 0.0 0.0 0.0 0.0 0.0 0.0 0.0 0.0 0.0 0.0 1.0 0.0 0.5965 0.7368421052631579 0.97 0.858 0.502 0.2631578947368421 -0.0 0.8 0.21633333333333332 0.7894736842105263 0.956 -0.78 -0.75 0.19084615384615383 0.6842105263157895 0.991 -0.79 0.924 0.056375 0.42105263157894735 0.858 -0.21 0.858 0.3107692307692307 0.6842105263157895 0.935 -0.74 0.345
0.0 0.0 0.0 0.0 0.0 0.0 0.0 0.0 0.0 0.0 0.0 0.0 0.0 0.0 0.0 0.0 0.0 0.0 0.0 0.0 0.0 0.0 0.0 1.0 0.0 0.46971428571428575 0.875 0.935 0.141 0.825 0.125 -0.0 0.82 0.26261538461538464 0.8125 0.956 -0.71 -0.69 -0.22633333333333333 0.5625 0.274 -0.85 0.228 0.21383333333333332 0.375 0.883 -0.14 0.883 0.35975 1.0 0.935 -0.96 -0.91
0.0 0.0 0.0 0.0 0.0 2.0 0.0 0.0 6.0 0.0 0.0 0.0 0.0 0.0 0.0 0.0 0.0 0.0 0.0 0.0 0.0 0.0 1.0 0.0 0.0 0.4438888888888888 0.9 0.952 0.752 0.6420000000000001 0.1 -0.0 0.15 0.3137710843373494 0.83 0.956 -0.91 0.66 -0.00874666666666667 0.75 0.979 -0.94 -0.85 -0.07178947368421053 0.38 0.948 -0.98 -0.07 0.33972499999999994 0.8 0.986 -0.95 0.744
0.0 0.0 0.0 0.0 0.0 0.0 0.0 0.0 0.0 0.0 0.0 2.0 0.0 0.0 0.0 0.0 0.0 0.0 0.0 0.0 0.0 0.0 0.0 1.0 0.0 0.5229999999999999 0.8421052631578947 0.907 0.091 0.8166666666666665 0.15789473684210525 -0.0 0.82 0.30423076923076925 0.6842105263157895 0.981 -0.96 -0.05 0.07678571428571426 0.7368421052631579 0.945 -0.94 0.278 0.18933333333333333 0.15789473684210525 0.828 -0.17 -0.17 0.3627142857142857 0.7368421052631579 0.944 -0.77 0.319
0.0 0.0 0.0 0.0 0.0 0.0 1.0 0.0 1.0 0.0 0.0 0.0 0.0 1.0 0.0 0.0 0.0 0.0 0.0 0.0 0.0 1.0 0.0 0.0 0.0 0.6556 0.8333333333333334 0.988 0.988 0.845 0.16666666666666666 -0.0 0.93 0.3655 0.8333333333333334 0.995 -0.93 -0.93 0.48633333333333334 0.5 0.986 -0.79 0.986 -0.49000000000000005 0.16666666666666666 0.0 -0.93 -0.93 0.3313999999999999 0.8333333333333334 0.99 -0.94 0.99
0.0 0.0 0.0 0.0 0.0 0.0 0.0 0.0 0.0 0.0 0.0 0.0 0.0 0.0 0.0 0.0 0.0 0.0 0.0 0.0 0.0 0.0 0.0 1.0 0.0 0.1068 0.5 0.16 0.098 0.732 0.5 -0.0 0.88 -0.4467777777777779 0.9 0.059 -0.98 -0.98 0.20579999999999998 0.5 0.345 -0.03 -0.03 -0.12411111111111112 0.9 0.869 -0.96 0.869 -0.07612500000000001 0.8 0.395 -0.93 -0.8
0.0 0.0 0.0 0.0 0.0 0.0 2.0 0.0 0.0 0.0 0.0 0.0 0.0 0.0 0.0 0.0 0.0 0.0 0.0 0.0 0.0 1.0 0.0 0.0 0.0 0.113 0.3333333333333333 0.113 0.113 0.76 0.6666666666666666 -0.0 0.76 0.128 0.3333333333333333 0.128 0.0 0.128 0.152 0.3333333333333333 0.152 0.0 0.152 -0.49666666666666665 1.0 0.0 -0.7 -0.09 -0.4586666666666666 1.0 0.264 -0.82 0.264
0.0 0.0 0.0 0.0 0.0 1.0 0.0 0.0 0.0 0.0 0.0 0.0 0.0 0.0 0.0 0.0 0.0 0.0 0.0 0.0 0.0 0.0 1.0 0.0 0.0 0.7341428571428572 0.7777777777777778 0.886 0.884 0.72 0.2222222222222222 -0.0 0.72 -0.06360000000000002 0.5555555555555556 0.929 -0.92 0.929 0.019571428571428573 0.7777777777777778 0.99 -0.94 0.861 0.256 0.2222222222222222 0.256 0.0 0.256 0.3371111111111111 1.0 0.935 -0.98 0.862
0.0 0.0 0.0 0.0 0.0 0.0 1.0 0.0 0.0 0.0 0.0 0.0 0.0 0.0 0.0 0.0 0.0 0.0 0.0 0.0 0.0 1.0 0.0 0.0 0.0 0.924 0.3333333333333333 0.924 0.924 0.445 0.6666666666666666 -0.0 0.11 0.04866666666666667 1.0 0.986 -0.75 0.986 0.0 0.0 0.0 0.0 0.0 0.33999999999999997 0.6666666666666666 0.82 -0.14 -0.14 0.862 0.3333333333333333 0.862 0.0 0.862
0.0 0.0 0.0 0.0 0.0 0.0 0.0 0.0 1.0 0.0 0.0 0.0 0.0 0.0 0.0 0.0 0.0 0.0 0.0 0.0 0.0 0.0 0.0 1.0 0.0 0.5860000000000001 0.7142857142857143 0.939 0.148 0.7625 0.2857142857142857 -0.0 0.76 0.27066666666666667 0.6428571428571429 0.956 -0.78 -0.72 0.21555555555555553 0.6428571428571429 0.99 -0.88 0.148 0.09039999999999997 0.35714285714285715 0.82 -0.72 0.752 0.15200000000000002 0.7857142857142857 0.914 -0.81 -0.81
0.0 0.0 0.0 0.0 0.0 3.0 0.0 0.0 2.0 0.0 0.0 0.0 0.0 0.0 0.0 0.0 0.0 0.0 0.0 0.0 0.0 0.0 0.0 1.0 0.0 0.5127499999999998 0.6666666666666666 0.935 0.043 0.5120000000000001 0.3333333333333333 -0.0 0.81 0.028166666666666673 0.6 0.956 -0.85 -0.06 0.22805263157894737 0.6333333333333333 0.99 -0.87 0.083 0.024600000000000018 0.5 0.846 -0.74 -0.04 0.27285185185185185 0.9 0.96 -0.78 0.2
0.0 0.0 0.0 0.0 0.0 2.0 1.0 0.0 1.0 0.0 0.0 0.0 0.0 0.0 0.0 0.0 0.0 0.0 0.0 0.0 0.0 0.0 0.0 1.0 0.0 0.49438461538461537 0.7959183673469388 0.935 0.827 0.6799999999999999 0.20408163265306123 -0.0 0.05 0.17483333333333334 0.8571428571428571 0.971 -0.84 0.595 0.10948275862068962 0.5918367346938775 0.96 -0.94 0.893 0.21958823529411764 0.3469387755102041 0.856 -0.8 0.077 0.25571428571428567 0.8571428571428571 0.993 -0.87 0.993
0.0 0.0 3.0 0.0 0.0 0.0 9.0 0.0 0.0 0.0 0.0 1.0 0.0 0.0 0.0 0.0 0.0 0.0 0.0 0.0 0.0 1.0 0.0 0.0 0.0 0.48390000000000005 0.9090909090909091 0.939 0.848 0.66 0.09090909090909091 -0.0 0.66 0.36310000000000003 0.9090909090909091 0.899 -0.78 0.742 0.5117777777777779 0.8181818181818182 0.979 0.0 0.954 0.056799999999999996 0.45454545454545453 0.585 -0.11 -0.11 0.27425000000000005 0.7272727272727273 0.868 -0.63 0.337
0.0 0.0 0.0 0.0 0.0 1.0 0.0 0.0 0.0 0.0 0.0 3.0 1.0 0.0 0.0 0.0 0.0 0.0 0.0 0.0 0.0 0.0 0.0 1.0 0.0 0.4077777777777778 0.8181818181818182 0.861 0.067 0.055 0.18181818181818182 -0.0 0.08 0.4014444444444444 0.8181818181818182 0.982 -0.04 -0.04 -0.26812499999999995 0.7272727272727273 0.203 -0.79 0.136 -0.07175 0.36363636363636365 0.063 -0.13 -0.11 0.409 0.9090909090909091 0.93 -0.03 0.105
0.0 0.0 0.0 0.0 0.0 0.0 1.0 0.0 0.0 0.0 0.0 0.0 0.0 0.0 0.0 0.0 0.0 0.0 0.0 0.0 0.0 1.0 0.0 0.0 0.0 0.6074999999999999 1.0 0.857 0.857 0.0 0.0 -0.0 -0.0 0.57325 1.0 0.905 -0.04 0.905 0.47750000000000004 0.5 0.773 0.0 0.773 -0.08 0.25 0.0 -0.08 -0.08 0.66275 1.0 0.892 0.0 0.892
0.0 0.0 0.0 0.0 0.0 0.0 1.0 0.0 0.0 0.0 0.0 1.0 0.0 0.0 0.0 0.0 0.0 0.0 0.0 0.0 0.0 1.0 0.0 0.0 0.0 0.491 0.8846153846153846 0.935 0.748 0.5066666666666667 0.11538461538461539 -0.0 0.76 0.34460869565217395 0.8846153846153846 0.956 -0.89 0.777 -0.01847368421052632 0.7307692307692307 0.981 -0.85 -0.85 0.10890000000000002 0.38461538461538464 0.856 -0.14 0.014 0.367375 0.9230769230769231 0.966 -0.82 0.615
0.0 0.0 0.0 0.0 0.0 0.0 1.0 0.0 0.0 1.0 0.0 0.0 0.0 0.0 0.0 0.0 0.0 0.0 0.0 0.0 0.0 1.0 0.0 0.0 0.0 0.42156 0.8064516129032258 0.935 0.089 0.4283333333333333 0.1935483870967742 -0.0 0.07 0.2531153846153846 0.8387096774193549 0.967 -0.78 -0.07 0.05100000000000001 0.6451612903225806 0.924 -0.79 0.134 0.013399999999999997 0.4838709677419355 0.82 -0.32 -0.06 0.31553571428571425 0.9032258064516129 0.958 -0.73 -0.07
0.0 0.0 0.0 0.0 0.0 1.0 2.0 0.0 0.0 0.0 0.0 6.0 0.0 0.0 0.0 0.0 0.0 0.0 0.0 0.0 0.0 1.0 0.0 0.0 0.0 0.45722727272727276 0.8979591836734694 0.951 0.887 0.682 0.10204081632653061 -0.0 0.87 0.23814285714285713 0.8571428571428571 0.961 -0.91 -0.91 0.16105 0.8163265306122449 0.979 -0.98 0.885 -0.021333333333333333 0.30612244897959184 0.841 -0.72 -0.72 0.35512195121951223 0.8367346938775511 0.99 -1.0 -0.99
0.0 0.0 0.0 0.0 0.0 0.0 1.0 0.0 1.0 0.0 0.0 4.0 0.0 0.0 0.0 0.0 0.0 0.0 0.0 0.0 0.0 0.0 0.0 0.0 0.0 0.5947407407407406 0.9152542372881356 0.951 0.091 0.744 0.0847457627118644 -0.0 0.77 0.46490740740740727 0.9152542372881356 0.956 -0.78 0.894 0.18905263157894736 0.6440677966101694 0.979 -0.9 0.152 0.07408333333333332 0.2033898305084746 0.717 -0.21 -0.08 0.4351 0.847457627118644 0.99 -0.97 0.208
0.0 0.0 0.0 0.0 0.0 0.0 1.0 0.0 0.0 0.0 0.0 0.0 0.0 0.0 0.0 0.0 0.0 0.0 0.0 0.0 0.0 0.0 0.0 0.0 0.0 0.42675 0.8 0.846 0.846 0.72 0.2 -0.0 0.72 0.04024999999999998 0.8 0.781 -0.55 -0.55 -0.18466666666666665 0.6 0.245 -0.94 -0.94 0.204 0.6 0.882 -0.18 0.882 0.2324 1.0 0.744 -0.73 -0.73
0.0 0.0 0.0 0.0 0.0 0.0 1.0 0.0 0.0 1.0 0.0 0.0 0.0 0.0 0.0 0.0 0.0 0.0 0.0 1.0 0.0 0.0 0.0 0.0 0.0 0.745 1.0 0.746 0.746 0.0 0.0 -0.0 -0.0 0.752 1.0 0.781 0.0 0.723 0.0 0.0 0.0 0.0 0.0 0.0 0.0 0.0 0.0 0.0 0.7375 1.0 0.769 0.0 0.769
0.0 0.0 0.0 0.0 0.0 0.0 0.0 0.0 0.0 0.0 0.0 0.0 0.0 1.0 0.0 0.0 0.0 0.0 0.0 0.0 0.0 0.0 0.0 1.0 0.0 0.44322222222222224 0.75 0.939 0.063 0.63 0.25 -0.0 0.93 -0.01271428571428571 0.5833333333333334 0.899 -0.99 -0.99 -0.16742857142857145 0.5833333333333334 0.979 -0.94 0.14 0.313 0.25 0.936 -0.06 -0.06 0.11590909090909095 0.9166666666666666 0.788 -0.98 -0.88
0.0 0.0 0.0 0.0 0.0 0.0 1.0 0.0 0.0 1.0 0.0 0.0 0.0 0.0 0.0 0.0 0.0 0.0 0.0 0.0 0.0 1.0 0.0 0.0 0.0 0.8443333333333333 0.75 0.894 0.782 0.82 0.25 -0.0 0.82 0.8109999999999999 0.75 0.905 0.0 0.634 0.02150000000000002 0.5 0.773 -0.73 -0.73 0.828 0.25 0.828 0.0 0.828 0.933 0.5 0.974 0.0 0.974
0.0 0.0 0.0 0.0 0.0 0.0 0.0 0.0 1.0 0.0 0.0 3.0 0.0 1.0 0.0 0.0 0.0 0.0 0.0 0.0 0.0 0.0 0.0 0.0 0.0 0.4481 1.0 0.953 0.073 0.0 0.0 -0.0 -0.0 0.3815333333333334 0.75 0.932 -0.04 0.045 0.21978571428571425 0.7 0.988 -0.79 0.102 -0.07583333333333334 0.3 0.086 -0.23 -0.12 0.4332499999999999 0.8 0.93 0.0 0.223
0.0 0.0 0.0 0.0 0.0 0.0 1.0 0.0 5.0 0.0 0.0 3.0 0.0 1.0 0.0 0.0 0.0 0.0 0.0 0.0 0.0 1.0 0.0 0.0 0.0 0.54 0.8666666666666667 0.964 0.034 0.555 0.13333333333333333 -0.0 0.78 0.41365789473684217 0.8444444444444444 0.995 -0.95 0.094 -0.2242352941176471 0.7555555555555555 0.722 -0.99 -0.03 0.0663125 0.35555555555555557 0.981 -0.74 0.028 0.4690769230769231 0.8666666666666667 0.964 -0.98 0.21
0.0 0.0 0.0 0.0 0.0 0.0 1.0 0.0 0.0 0.0 0.0 0.0 0.0 0.0 0.0 0.0 0.0 0.0 0.0 0.0 0.0 1.0 0.0 0.0 0.0 0.47025 0.8 0.857 0.208 0.66 0.2 -0.0 0.66 0.2332 1.0 0.905 -0.78 -0.78 0.395 0.6 0.773 0.0 0.239 0.18133333333333332 0.6 0.585 -0.09 0.585 0.3118 1.0 0.892 -0.63 -0.63
0.0 0.0 0.0 0.0 0.0 0.0 0.0 0.0 0.0 0.0 0.0 0.0 0.0 0.0 0.0 0.0 0.0 0.0 0.0 0.0 0.0 0.0 0.0 0.0 0.0 0.43783333333333346 0.9 0.97 0.113 0.385 0.1 -0.0 0.07 0.2587058823529411 0.85 0.956 -0.75 -0.07 0.29946666666666666 0.75 0.991 -0.65 0.128 0.08433333333333333 0.3 0.614 -0.09 0.009 0.2433125 0.8 0.914 -0.74 -0.12
0.0 0.0 0.0 0.0 0.0 0.0 1.0 0.0 0.0 1.0 0.0 0.0 0.0 0.0 0.0 0.0 0.0 0.0 0.0 0.0 0.0 1.0 0.0 0.0 0.0 0.5977 1.0 0.935 0.903 0.0 0.0 -0.0 -0.0 0.7195714285714286 0.7 0.97 0.0 0.746 0.403875 0.8 0.99 -0.79 0.97 0.773 0.1 0.773 0.0 0.773 0.6846249999999999 0.8 0.994 0.0 0.994
0.0 0.0 0.0 0.0 0.0 0.0 2.0 0.0 0.0 0.0 0.0 3.0 0.0 2.0 0.0 0.0 0.0 0.0 0.0 0.0 0.0 0.0 0.0 0.0 0.0 0.6152941176470585 0.8947368421052632 0.939 0.034 0.7275 0.10526315789473684 -0.0 0.66 0.4552 0.7894736842105263 0.961 -0.82 0.032 0.09156 0.6578947368421053 0.979 -0.85 0.093 0.1892727272727273 0.2894736842105263 0.99 -0.34 -0.06 0.45718181818181813 0.868421052631579 0.914 -0.87 0.069
0.0 0.0 0.0 0.0 0.0 0.0 1.0 0.0 0.0 1.0 0.0 0.0 0.0 0.0 0.0 0.0 0.0 0.0 0.0 1.0 0.0 0.0 0.0 0.0 0.0 0.5123333333333334 0.9230769230769231 0.883 0.83 0.04 0.07692307692307693 -0.0 0.04 0.45463636363636356 0.8461538461538461 1.0 -0.08 1.0 -0.11112500000000002 0.6153846153846154 0.79 -0.79 0.14 -0.0366 0.38461538461538464 0.074 -0.11 -0.06 0.5519999999999999 0.9230769230769231 0.996 0.0 0.66
0.0 0.0 0.0 0.0 0.0 3.0 1.0 0.0 4.0 0.0 0.0 0.0 0.0 0.0 0.0 0.0 0.0 0.0 0.0 0.0 0.0 1.0 0.0 0.0 0.0 0.46615384615384614 0.975 0.974 0.088 0.02 0.025 -0.0 0.02 0.48723529411764716 0.85 0.993 -0.08 0.1 0.006685714285714283 0.875 0.979 -0.94 0.216 -0.07519999999999999 0.375 0.083 -0.23 -0.18 0.44608571428571436 0.875 0.935 -0.05 0.22
0.0 0.0 0.0 0.0 0.0 0.0 1.0 0.0 0.0 0.0 0.0 0.0 0.0 0.0 0.0 0.0 0.0 0.0 0.0 0.0 0.0 0.0 0.0 1.0 0.0 0.8582000000000001 1.0 0.933 0.933 0.0 0.0 -0.0 -0.0 0.8246666666666668 0.6 0.972 0.0 0.972 0.9473333333333332 0.6 0.99 0.0 0.99 0.0 0.0 0.0 0.0 0.0 0.8167500000000001 0.8 0.894 0.0 0.894
0.0 0.0 0.0 0.0 0.0 0.0 1.0 0.0 0.0 0.0 0.0 1.0 0.0 0.0 0.0 0.0 0.0 0.0 0.0 0.0 0.0 1.0 0.0 0.0 0.0 0.5737818181818181 0.873015873015873 0.935 0.049 0.48 0.12698412698412698 -0.0 0.85 0.40176470588235297 0.8095238095238095 0.967 -0.77 -0.04 0.16517777777777773 0.7142857142857143 0.984 -0.94 0.151 0.07273684210526313 0.30158730158730157 0.856 -0.94 -0.09 0.44398076923076946 0.8253968253968254 0.935 -0.82 0.187
0.0 0.0 0.0 0.0 0.0 0.0 1.0 0.0 0.0 0.0 0.0 0.0 0.0 0.0 0.0 0.0 0.0 0.0 0.0 0.0 0.0 0.0 0.0 1.0 0.0 0.5554 0.625 0.911 0.823 0.5266666666666667 0.375 -0.0 0.14 0.1635 1.0 0.967 -0.78 -0.24 0.3213333333333333 0.375 0.795 -0.07 -0.07 0.3837499999999999 0.5 0.82 0.0 0.049 0.2899999999999999 0.875 0.958 -0.63 -0.24
0.0 0.0 0.0 0.0 0.0 0.0 1.0 0.0 0.0 0.0 0.0 1.0 0.0 0.0 0.0 0.0 0.0 0.0 0.0 0.0 0.0 0.0 0.0 1.0 0.0 0.72 0.625 0.939 0.92 0.6933333333333334 0.375 -0.0 0.77 -0.047333333333333345 0.75 0.907 -0.87 -0.62 0.26475000000000004 0.5 0.979 -0.94 0.893 0.26075000000000004 0.5 0.936 -0.49 0.717 0.09485714285714286 0.875 0.947 -0.98 0.947
0.0 0.0 0.0 0.0 0.0 1.0 1.0 0.0 0.0 1.0 0.0 0.0 0.0 1.0 0.0 0.0 0.0 0.0 0.0 0.0 0.0 0.0 1.0 0.0 0.0 0.6395 0.8 0.935 0.741 0.45 0.2 -0.0 0.04 0.20685714285714282 0.7 0.956 -0.99 -0.06 0.33866666666666667 0.6 0.967 -0.94 0.717 0.18225000000000002 0.4 0.893 -0.12 0.026 0.4955555555555555 0.9 0.914 -0.7 0.765
0.0 0.0 0.0 0.0 0.0 0.0 1.0 0.0 0.0 0.0 0.0 0.0 0.0 0.0 0.0 0.0 0.0 0.0 0.0 0.0 0.0 1.0 0.0 0.0 0.0 0.68225 1.0 0.886 0.886 0.0 0.0 -0.0 -0.0 0.635 0.75 0.905 0.0 0.905 0.6673333333333332 0.75 0.99 0.0 0.99 0.049 0.25 0.049 0.0 0.049 0.71775 1.0 0.892 0.0 0.782
0.0 0.0 0.0 0.0 0.0 0.0 1.0 0.0 0.0 0.0 0.0 1.0 0.0 1.0 0.0 0.0 0.0 0.0 0.0 0.0 0.0 0.0 0.0 1.0 0.0 0.5386000000000001 0.8888888888888888 0.943 0.784 0.616 0.1111111111111111 -0.0 0.66 0.39594444444444443 0.8 1.0 -0.8 0.889 0.06623529411764706 0.7555555555555555 0.995 -0.95 -0.9 -0.0355 0.35555555555555557 0.82 -0.8 0.055 0.4234871794871795 0.8666666666666667 0.935 -0.96 0.559
0.0 0.0 0.0 0.0 0.0 0.0 1.0 0.0 0.0 0.0 0.0 0.0 0.0 0.0 0.0 0.0 0.0 0.0 0.0 0.0 0.0 1.0 0.0 0.0 0.0 0.835 0.6666666666666666 0.849 0.821 0.78 0.3333333333333333 -0.0 0.78 0.08600000000000002 0.6666666666666666 0.922 -0.75 0.922 0.798 0.6666666666666666 0.82 0.0 0.82 0.82 0.3333333333333333 0.82 0.0 0.82 0.822 0.3333333333333333 0.822 0.0 0.822
0.0 1.0 0.0 0.0 0.0 1.0 2.0 0.0 0.0 0.0 1.0 0.0 0.0 1.0 0.0 0.0 0.0 0.0 0.0 0.0 0.0 1.0 0.0 0.0 0.0 0.44594736842105265 0.9047619047619048 0.939 0.262 0.4 0.09523809523809523 -0.0 0.05 0.397125 0.7619047619047619 0.956 -0.89 0.43 0.39759999999999995 0.7142857142857143 0.979 -0.65 0.657 0.008699999999999996 0.47619047619047616 0.672 -0.28 -0.28 0.3391176470588235 0.8095238095238095 0.914 -0.69 0.244
0.0 0.0 0.0 0.0 0.0 0.0 1.0 0.0 1.0 0.0 0.0 0.0 0.0 0.0 0.0 0.0 0.0 0.0 0.0 0.0 0.0 1.0 0.0 0.0 0.0 0.5730277777777778 0.9230769230769231 0.943 0.784 0.5333333333333333 0.07692307692307693 -0.0 0.76 0.36766666666666675 0.8461538461538461 0.956 -0.81 0.889 -0.20093333333333338 0.7692307692307693 0.979 -0.94 -0.9 -0.07122222222222223 0.23076923076923078 0.061 -0.23 -0.13 0.5566470588235295 0.8717948717948718 0.935 -0.73 0.559
0.0 0.0 0.0 0.0 0.0 0.0 1.0 0.0 0.0 0.0 0.0 0.0 0.0 0.0 0.0 0.0 0.0 0.0 0.0 0.0 0.0 1.0 0.0 0.0 0.0 0.39999999999999997 0.75 0.746 0.746 0.67 0.25 -0.0 0.67 0.046000000000000006 0.75 0.723 -0.63 -0.63 -0.28950000000000004 0.5 0.081 -0.66 0.081 0.862 0.25 0.862 0.0 0.862 0.181 1.0 0.769 -0.52 -0.52
0.0 0.0 0.0 0.0 1.0 1.0 0.0 0.0 4.0 1.0 0.0 0.0 0.0 4.0 0.0 0.0 0.0 0.0 0.0 0.0 0.0 0.0 0.0 1.0 0.0 0.5900526315789473 0.8636363636363636 0.935 0.874 0.5200000000000001 0.13636363636363635 -0.0 0.16 0.32223333333333326 0.6818181818181818 1.0 -0.9 0.847 0.008125000000000014 0.7272727272727273 0.954 -0.94 0.871 0.02542857142857143 0.3181818181818182 0.828 -0.71 -0.09 0.5217948717948716 0.8863636363636364 0.944 -0.63 0.903
0.0 0.0 0.0 0.0 0.0 0.0 1.0 0.0 0.0 0.0 0.0 0.0 0.0 0.0 0.0 0.0 0.0 0.0 0.0 0.0 0.0 0.0 0.0 0.0 0.0 0.6714 1.0 0.846 0.208 0.0 0.0 -0.0 -0.0 0.6267499999999999 0.8 0.784 0.0 0.295 0.08433333333333333 0.6 0.764 -0.75 0.239 0.049 0.2 0.049 0.0 0.049 0.7380000000000001 1.0 0.934 0.0 0.346
0.0 0.0 0.0 0.0 0.0 0.0 0.0 0.0 0.0 0.0 0.0 0.0 0.0 1.0 0.0 0.0 0.0 0.0 0.0 0.0 0.0 0.0 0.0 1.0 0.0 0.5298571428571428 0.875 0.939 0.713 0.8233333333333333 0.125 -0.0 0.95 0.32015789473684214 0.7916666666666666 0.981 -0.95 0.702 -0.0026000000000000077 0.8333333333333334 0.979 -0.99 -0.65 -0.02083333333333334 0.25 0.82 -0.95 -0.09 0.4388421052631579 0.7916666666666666 0.947 -0.74 0.788
0.0 0.0 0.0 0.0 0.0 0.0 1.0 0.0 0.0 0.0 0.0 1.0 0.0 0.0 0.0 0.0 0.0 0.0 0.0 0.0 0.0 1.0 0.0 0.0 0.0 0.7125 0.6666666666666666 0.943 0.771 0.5466666666666667 0.3333333333333333 -0.0 0.78 0.12485714285714286 0.7777777777777778 0.956 -0.89 0.098 0.5444 0.5555555555555556 0.943 -0.03 0.73 -0.04250000000000003 0.4444444444444444 0.82 -0.78 -0.16 0.6665000000000001 0.4444444444444444 0.914 0.0 0.813
0.0 0.0 0.0 0.0 0.0 0.0 2.0 0.0 1.0 0.0 0.0 0.0 0.0 0.0 0.0 0.0 0.0 0.0 0.0 0.0 0.0 1.0 0.0 0.0 0.0 0.5743333333333333 1.0 0.864 0.864 0.0 0.0 -0.0 -0.0 0.42000000000000004 0.6666666666666666 0.781 0.0 0.059 0.274 0.3333333333333333 0.274 0.0 0.274 -0.11 0.3333333333333333 0.0 -0.11 -0.11 0.6046666666666667 1.0 0.864 0.0 0.864
0.0 0.0 0.0 0.0 0.0 0.0 0.0 0.0 0.0 1.0 0.0 0.0 0.0 0.0 0.0 0.0 0.0 0.0 0.0 1.0 0.0 0.0 0.0 0.0 0.0 0.8410000000000001 0.75 0.939 0.817 0.735 0.25 -0.0 0.73 0.37928571428571434 0.875 0.967 -0.82 0.819 0.5492 0.625 0.979 -0.79 0.967 0.607 0.25 0.694 0.0 0.52 0.3322857142857143 0.875 0.935 -0.87 0.816
0.0 0.0 0.0 0.0 0.0 1.0 1.0 0.0 2.0 1.0 0.0 0.0 0.0 1.0 0.0 0.0 0.0 0.0 0.0 1.0 0.0 0.0 0.0 0.0 0.0 0.5119375 0.8888888888888888 0.935 0.057 0.78 0.1111111111111111 -0.0 0.82 0.19826666666666665 0.8333333333333334 1.0 -0.93 -0.07 -0.09124999999999998 0.6666666666666666 0.794 -0.94 0.227 0.01359999999999999 0.2777777777777778 0.568 -0.23 -0.13 0.41794444444444445 1.0 0.944 -0.83 0.203
0.0 0.0 0.0 0.0 0.0 0.0 1.0 0.0 0.0 0.0 0.0 0.0 0.0 0.0 0.0 0.0 0.0 0.0 0.0 0.0 0.0 1.0 0.0 0.0 0.0 0.5646666666666667 0.75 0.855 0.748 0.41000000000000003 0.25 -0.0 0.04 0.25442857142857145 0.875 0.927 -0.75 -0.06 0.32216666666666666 0.75 0.967 -0.85 -0.85 0.22866666666666666 0.375 0.82 -0.16 0.026 0.5172000000000001 0.625 0.879 0.0 0.615
0.0 0.0 0.0 0.0 0.0 0.0 1.0 0.0 0.0 0.0 0.0 0.0 0.0 0.0 0.0 0.0 0.0 0.0 0.0 0.0 0.0 0.0 0.0 1.0 0.0 0.5167999999999999 1.0 0.841 0.817 0.0 0.0 -0.0 -0.0 0.5376 1.0 0.819 0.0 0.819 0.934 0.2 0.934 0.0 0.934 0.081 0.4 0.081 0.0 0.081 0.4724999999999999 0.8 0.816 0.0 0.816
0.0 0.0 0.0 0.0 0.0 0.0 1.0 0.0 0.0 0.0 0.0 0.0 0.0 0.0 0.0 0.0 0.0 0.0 0.0 0.0 0.0 0.0 0.0 1.0 0.0 0.7777499999999999 1.0 0.935 0.933 0.0 0.0 -0.0 -0.0 0.658 0.75 0.972 0.0 0.972 0.16499999999999998 0.5 0.99 -0.66 0.99 0.0 0.0 0.0 0.0 0.0 0.73875 1.0 0.914 0.0 0.894
0.0 0.0 0.0 0.0 0.0 0.0 1.0 0.0 0.0 0.0 0.0 2.0 0.0 0.0 0.0 0.0 0.0 0.0 0.0 0.0 0.0 0.0 0.0 0.0 0.0 0.35710000000000003 1.0 0.932 0.061 0.0 0.0 -0.0 -0.0 0.44657142857142856 0.7 0.895 -0.04 -0.04 0.259625 0.8 0.747 0.0 0.061 -0.050333333333333334 0.3 0.019 -0.09 -0.09 0.3652222222222222 0.9 0.969 0.0 0.061
0.0 0.0 0.0 0.0 0.0 0.0 1.0 0.0 1.0 0.0 0.0 0.0 0.0 0.0 0.0 0.0 0.0 0.0 0.0 0.0 0.0 1.0 0.0 0.0 0.0 0.43972 1.0 0.94 0.125 0.0 0.0 -0.0 -0.0 0.4697333333333333 0.6 0.967 -0.1 0.784 0.17034999999999997 0.8 0.979 -0.79 0.211 -0.05775 0.32 0.044 -0.12 -0.12 0.4736249999999998 0.96 0.946 0.0 0.286
0.0 0.0 0.0 0.0 0.0 1.0 0.0 0.0 0.0 0.0 0.0 0.0 0.0 0.0 0.0 0.0 0.0 0.0 0.0 0.0 0.0 0.0 0.0 1.0 0.0 0.6053611111111109 0.9473684210526315 0.986 0.048 0.855 0.05263157894736842 -0.0 0.95 0.5629999999999998 0.9210526315789473 0.986 -0.78 -0.1 0.011359999999999997 0.6578947368421053 0.978 -0.89 0.14 0.10162500000000001 0.21052631578947367 0.932 -0.11 0.013 0.4762413793103448 0.7631578947368421 0.914 -0.96 0.105
0.0 0.0 0.0 0.0 0.0 0.0 1.0 0.0 0.0 0.0 0.0 2.0 0.0 1.0 0.0 0.0 0.0 0.0 0.0 0.0 0.0 1.0 0.0 0.0 0.0 0.5134210526315789 0.9047619047619048 0.935 0.766 0.73 0.09523809523809523 -0.0 0.7 0.38121621621621626 0.8809523809523809 0.982 -0.78 0.719 0.019241379310344836 0.6904761904761905 0.889 -0.94 0.812 0.13974999999999999 0.38095238095238093 0.82 -0.15 -0.09 0.4478285714285714 0.8333333333333334 0.941 -0.74 0.898
0.0 0.0 0.0 0.0 0.0 0.0 1.0 0.0 1.0 1.0 0.0 1.0 0.0 1.0 0.0 0.0 0.0 0.0 0.0 1.0 0.0 0.0 0.0 0.0 0.0 0.6151296296296296 0.9310344827586207 0.943 0.024 0.7775000000000001 0.06896551724137931 -0.0 0.79 0.5320999999999999 0.8620689655172413 0.967 -0.77 -0.04 -0.08194736842105257 0.6551724137931034 0.979 -0.84 0.088 0.17419999999999997 0.25862068965517243 0.883 -0.21 0.013 0.4998367346938774 0.8448275862068966 0.935 -0.85 0.069
0.0 0.0 0.0 0.0 0.0 0.0 1.0 0.0 1.0 0.0 0.0 0.0 0.0 1.0 0.0 0.0 0.0 0.0 0.0 0.0 0.0 0.0 0.0 1.0 0.0 0.6389166666666666 0.9230769230769231 0.943 0.843 0.06 0.07692307692307693 -0.0 0.06 0.45709999999999995 0.7692307692307693 0.922 -0.09 -0.04 0.129 0.7692307692307693 0.943 -0.94 0.812 -0.09125 0.3076923076923077 0.035 -0.18 0.035 0.5683 0.7692307692307693 0.958 -0.11 -0.11
0.0 0.0 0.0 0.0 0.0 1.0 1.0 0.0 2.0 1.0 0.0 1.0 0.0 0.0 0.0 0.0 0.0 0.0 0.0 0.0 0.0 1.0 0.0 0.0 0.0 0.5759508196721312 0.8714285714285714 0.964 0.125 0.6444444444444445 0.12857142857142856 -0.0 0.84 0.3873999999999998 0.8571428571428571 0.981 -0.99 -0.99 0.12440476190476188 0.6 0.992 -0.95 0.211 -0.053294117647058825 0.24285714285714285 0.883 -0.8 -0.12 0.42778947368421055 0.8142857142857143 0.976 -0.91 0.286
0.0 0.0 0.0 0.0 0.0 0.0 0.0 0.0 0.0 0.0 0.0 0.0 0.0 0.0 0.0 0.0 0.0 0.0 0.0 0.0 0.0 0.0 0.0 1.0 0.0 0.7649999999999999 0.8095238095238095 0.951 0.863 0.215 0.19047619047619047 -0.0 0.04 0.46799999999999997 0.6666666666666666 0.956 -0.85 -0.06 0.7558333333333332 0.5714285714285714 0.979 0.0 0.961 0.08957142857142857 0.3333333333333333 0.605 -0.17 0.026 0.5532857142857143 0.6666666666666666 0.99 -0.73 0.863
0.0 0.0 0.0 0.0 0.0 0.0 1.0 0.0 0.0 0.0 0.0 0.0 0.0 1.0 0.0 0.0 0.0 0.0 0.0 0.0 0.0 1.0 0.0 0.0 0.0 0.6614444444444444 0.75 0.919 0.103 0.5866666666666667 0.25 -0.0 0.07 0.1825 0.8333333333333334 0.865 -0.95 -0.07 -0.507 0.5833333333333334 0.186 -0.94 0.165 0.32825000000000004 0.3333333333333333 0.822 -0.13 -0.13 0.4519090909090909 0.9166666666666666 0.965 -0.88 0.284
0.0 0.0 0.0 0.0 0.0 0.0 1.0 0.0 0.0 0.0 0.0 0.0 0.0 0.0 0.0 0.0 0.0 0.0 0.0 0.0 0.0 0.0 0.0 1.0 0.0 0.5467916666666667 0.9230769230769231 0.97 0.061 0.44 0.07692307692307693 -0.0 0.6 0.42036363636363633 0.8461538461538461 1.0 -0.77 -0.77 0.10599999999999998 0.7307692307692307 0.991 -0.87 0.09 0.08370000000000001 0.38461538461538464 0.634 -0.14 0.511 0.45443478260869574 0.8846153846153846 0.965 -0.63 -0.53
0.0 0.0 0.0 0.0 0.0 0.0 1.0 0.0 0.0 0.0 0.0 0.0 0.0 0.0 0.0 0.0 0.0 0.0 0.0 0.0 0.0 1.0 0.0 0.0 0.0 0.4515 0.8571428571428571 0.849 0.045 0.78 0.14285714285714285 -0.0 0.78 0.21150000000000002 0.8571428571428571 0.922 -0.75 0.022 0.23279999999999998 0.7142857142857143 0.776 -0.65 0.069 0.4345 0.2857142857142857 0.82 0.0 0.049 0.535 0.5714285714285714 0.893 0.0 0.346
0.0 0.0 0.0 0.0 0.0 0.0 1.0 0.0 0.0 0.0 0.0 0.0 0.0 0.0 0.0 0.0 0.0 0.0 0.0 0.0 0.0 0.0 0.0 1.0 0.0 0.5715 1.0 0.935 0.846 0.0 0.0 -0.0 -0.0 0.45199999999999996 0.8333333333333334 0.956 -0.07 0.633 -0.352 0.6666666666666666 0.186 -0.94 -0.94 -0.1 0.16666666666666666 0.0 -0.1 -0.1 0.5975 1.0 0.935 0.0 0.744
0.0 0.0 0.0 0.0 0.0 0.0 0.0 0.0 0.0 0.0 0.0 0.0 0.0 0.0 0.0 0.0 0.0 0.0 0.0 0.0 0.0 0.0 0.0 1.0 0.0 0.7467999999999999 0.8333333333333334 0.935 0.884 0.76 0.16666666666666666 -0.0 0.76 0.365 0.6666666666666666 0.956 -0.72 0.929 0.7275 0.6666666666666666 0.99 0.0 0.861 0.4005 0.3333333333333333 0.752 0.0 0.752 0.486 1.0 0.914 -0.81 0.862
0.0 0.0 0.0 0.0 0.0 0.0 1.0 0.0 0.0 1.0 0.0 0.0 0.0 0.0 0.0 0.0 0.0 0.0 0.0 1.0 0.0 0.0 0.0 0.0 0.0 0.4665 1.0 0.933 0.019 0.0 0.0 -0.0 -0.0 0.42742857142857144 0.875 0.972 -0.02 -0.02 0.44799999999999995 0.75 0.99 0.0 0.078 -0.04 0.5 0.049 -0.28 0.042 0.473625 1.0 0.894 0.0 0.066
0.0 0.0 0.0 0.0 1.0 0.0 0.0 0.0 0.0 0.0 0.0 0.0 0.0 0.0 0.0 0.0 0.0 0.0 0.0 0.0 0.0 0.0 0.0 0.0 1.0 0.3866 0.7142857142857143 0.847 0.208 0.455 0.2857142857142857 -0.0 0.89 0.17366666666666666 0.8571428571428571 0.796 -0.82 0.295 0.2384 0.7142857142857143 0.828 -0.03 0.239 0.262 0.5714285714285714 0.99 -0.05 0.049 0.217 0.8571428571428571 0.916 -0.87 0.346
0.0 0.0 0.0 0.0 1.0 0.0 1.0 0.0 1.0 0.0 0.0 0.0 0.0 0.0 0.0 0.0 0.0 0.0 0.0 0.0 0.0 1.0 0.0 0.0 0.0 0.40704545454545454 0.9166666666666666 0.97 0.08 0.38 0.08333333333333333 -0.0 0.05 0.35540000000000005 0.8333333333333334 0.967 -0.56 0.072 0.21655000000000002 0.8333333333333334 0.991 -0.94 0.08 0.07250000000000001 0.3333333333333333 0.931 -0.13 0.077 0.3397894736842106 0.7916666666666666 0.959 -0.66 0.149
0.0 0.0 0.0 0.0 0.0 0.0 1.0 0.0 1.0 0.0 0.0 0.0 0.0 0.0 0.0 0.0 0.0 0.0 0.0 0.0 0.0 0.0 0.0 1.0 0.0 0.5485 0.9285714285714286 0.97 0.125 0.71 0.07142857142857142 -0.0 0.76 0.513952380952381 0.75 0.957 -0.78 0.061 -0.04715000000000002 0.7142857142857143 0.991 -0.94 0.211 0.1355 0.2857142857142857 0.856 -0.2 -0.12 0.4662307692307693 0.9285714285714286 0.959 -0.82 0.286
0.0 0.0 0.0 0.0 0.0 0.0 1.0 0.0 0.0 0.0 0.0 2.0 0.0 0.0 0.0 0.0 0.0 0.0 0.0 0.0 0.0 1.0 0.0 0.0 0.0 0.643 0.8 0.851 0.789 0.78 0.2 -0.0 0.78 0.3216 1.0 0.922 -0.75 0.633 0.04633333333333334 0.6 0.776 -0.79 -0.79 0.35 0.4 0.82 -0.12 -0.12 0.7130000000000001 0.6 0.98 0.0 0.935
0.0 0.0 0.0 0.0 0.0 0.0 1.0 0.0 1.0 1.0 0.0 1.0 0.0 0.0 0.0 0.0 0.0 0.0 0.0 0.0 0.0 0.0 0.0 0.0 0.0 0.5594285714285714 0.7368421052631579 0.889 0.053 0.612 0.2631578947368421 -0.0 0.77 0.01507692307692306 0.6842105263157895 0.905 -0.91 0.051 0.16700000000000004 0.5789473684210527 0.99 -0.94 0.09 0.19022222222222224 0.47368421052631576 0.866 -0.44 -0.07 0.23233333333333336 0.9473684210526315 0.895 -0.99 0.148
0.0 0.0 0.0 0.0 0.0 0.0 1.0 0.0 0.0 0.0 0.0 0.0 0.0 0.0 0.0 0.0 0.0 0.0 0.0 0.0 0.0 0.0 0.0 0.0 0.0 0.5635714285714285 1.0 0.83 0.83 0.0 0.0 -0.0 -0.0 0.548 1.0 1.0 -0.05 1.0 -0.3258 0.7142857142857143 0.277 -0.79 0.277 -0.095 0.2857142857142857 0.0 -0.11 -0.08 0.5691428571428572 1.0 0.935 0.0 0.66
0.0 0.0 0.0 0.0 0.0 1.0 2.0 0.0 1.0 0.0 0.0 0.0 0.0 0.0 0.0 0.0 0.0 0.0 0.0 0.0 0.0 1.0 0.0 0.0 0.0 0.5552444444444444 0.9782608695652174 0.939 0.817 0.75 0.021739130434782608 -0.0 0.75 0.47574999999999995 0.8695652173913043 0.982 -0.89 0.819 -0.027416666666666648 0.782608695652174 0.979 -0.99 0.701 0.005461538461538466 0.2826086956521739 0.672 -0.13 -0.11 0.5363571428571428 0.9130434782608695 0.935 -0.69 0.816
0.0 0.0 0.0 0.0 0.0 0.0 1.0 0.0 0.0 0.0 0.0 0.0 0.0 0.0 0.0 0.0 0.0 0.0 0.0 0.0 0.0 1.0 0.0 0.0 0.0 0.4525 1.0 0.857 0.048 0.0 0.0 -0.0 -0.0 0.4175 1.0 0.905 -0.07 -0.07 0.47950000000000004 1.0 0.773 0.0 0.186 -0.1 0.5 0.0 -0.1 -0.1 0.5365 1.0 0.892 0.0 0.181
0.0 0.0 0.0 0.0 0.0 0.0 1.0 0.0 0.0 0.0 0.0 1.0 0.0 0.0 0.0 0.0 0.0 0.0 0.0 0.0 0.0 0.0 0.0 1.0 0.0 0.49325531914893617 0.9215686274509803 0.966 0.203 0.76 0.0784313725490196 -0.0 0.76 0.430219512195122 0.803921568627451 0.966 -0.61 -0.07 -0.22460000000000005 0.6862745098039216 0.345 -0.95 0.175 -0.17035714285714285 0.27450980392156865 0.856 -0.74 -0.13 0.3995744680851064 0.9215686274509803 0.969 -0.82 0.231
0.0 0.0 0.0 0.0 0.0 0.0 0.0 0.0 0.0 1.0 0.0 0.0 0.0 0.0 0.0 0.0 0.0 0.0 0.0 1.0 0.0 0.0 0.0 0.0 0.0 0.7825 1.0 0.821 0.821 0.0 0.0 -0.0 -0.0 0.781 0.5 0.781 0.0 0.781 0.82 0.5 0.82 0.0 0.82 0.0 0.0 0.0 0.0 0.0 0.764 1.0 0.822 0.0 0.822
0.0 0.0 0.0 0.0 0.0 0.0 1.0 0.0 0.0 0.0 0.0 0.0 0.0 0.0 0.0 0.0 0.0 0.0 0.0 0.0 0.0 0.0 0.0 0.0 0.0 0.5931666666666667 0.75 0.889 0.208 0.49000000000000005 0.25 -0.0 0.93 0.372 0.875 0.877 -0.89 -0.89 0.4234 0.625 0.902 -0.01 -0.01 -0.05366666666666666 0.375 0.049 -0.12 -0.09 0.23159999999999997 0.625 0.868 -0.96 -0.96
0.0 0.0 0.0 0.0 0.0 0.0 1.0 0.0 1.0 0.0 0.0 0.0 0.0 0.0 0.0 0.0 0.0 0.0 0.0 0.0 0.0 1.0 0.0 0.0 0.0 0.5399130434782609 0.8846153846153846 0.997 0.744 0.7433333333333333 0.11538461538461539 -0.0 0.76 0.3755909090909091 0.8461538461538461 0.997 -0.61 0.781 -0.20112499999999997 0.6153846153846154 0.301 -0.88 -0.63 0.21099999999999997 0.34615384615384615 0.882 -0.16 -0.07 0.38066666666666654 0.9230769230769231 0.935 -0.82 0.706
0.0 0.0 1.0 0.0 0.0 0.0 4.0 0.0 2.0 0.0 0.0 1.0 0.0 1.0 0.0 0.0 0.0 0.0 0.0 0.0 0.0 0.0 0.0 0.0 0.0 0.6714848484848485 0.9705882352941176 0.988 0.988 0.01 0.029411764705882353 -0.0 0.01 0.6496538461538462 0.7647058823529411 0.995 -0.13 -0.04 0.2438928571428571 0.8235294117647058 0.986 -0.94 0.986 -0.1162 0.14705882352941177 0.049 -0.23 -0.12 0.6034285714285713 0.8235294117647058 0.99 -0.03 0.99
0.0 0.0 0.0 0.0 0.0 0.0 0.0 0.0 0.0 0.0 0.0 0.0 0.0 0.0 0.0 0.0 0.0 0.0 0.0 0.0 0.0 0.0 0.0 1.0 0.0 0.4932307692307693 0.9629629629629629 0.939 0.867 0.02 0.037037037037037035 -0.0 0.02 0.49743478260869567 0.8518518518518519 0.956 0.0 0.787 0.30742105263157893 0.7037037037037037 0.979 -0.95 0.948 -0.022399999999999996 0.37037037037037035 0.079 -0.15 -0.08 0.4164761904761904 0.7777777777777778 0.914 -0.11 0.913
0.0 0.0 0.0 0.0 0.0 0.0 1.0 0.0 0.0 0.0 0.0 0.0 0.0 0.0 0.0 0.0 0.0 0.0 0.0 0.0 0.0 1.0 0.0 0.0 0.0 0.6738000000000001 0.8333333333333334 0.91 0.857 0.765 0.16666666666666666 -0.0 0.66 0.34609090909090906 0.9166666666666666 0.922 -0.99 0.905 0.16622222222222222 0.75 0.99 -0.85 0.773 -0.03200000000000003 0.25 0.585 -0.74 0.585 0.47825 0.6666666666666666 0.935 -0.63 0.892
0.0 0.0 0.0 0.0 0.0 0.0 1.0 0.0 0.0 0.0 0.0 2.0 0.0 1.0 0.0 0.0 0.0 0.0 0.0 0.0 0.0 1.0 0.0 0.0 0.0 0.5162 0.8108108108108109 0.943 0.043 0.6385714285714286 0.1891891891891892 -0.0 0.76 0.25981481481481483 0.7297297297297297 0.956 -0.85 0.899 0.1426 0.6756756756756757 0.979 -0.94 0.074 0.2400769230769231 0.35135135135135137 0.76 -0.15 0.051 0.27422580645161293 0.8378378378378378 0.947 -0.81 0.105
0.0 0.0 1.0 0.0 0.0 0.0 2.0 0.0 0.0 0.0 0.0 0.0 0.0 0.0 0.0 0.0 0.0 0.0 0.0 0.0 0.0 0.0 0.0 0.0 0.0 0.7414999999999999 0.6666666666666666 0.939 0.939 0.7266666666666667 0.3333333333333333 -0.0 0.66 0.17975 0.8888888888888888 0.956 -0.78 -0.78 0.6875 0.4444444444444444 0.979 0.0 0.979 0.317 0.2222222222222222 0.585 0.0 0.585 0.2 0.8888888888888888 0.914 -0.73 -0.63
0.0 0.0 0.0 0.0 0.0 0.0 1.0 0.0 0.0 0.0 0.0 0.0 0.0 0.0 0.0 0.0 0.0 0.0 0.0 0.0 0.0 1.0 0.0 0.0 0.0 0.5455714285714287 1.0 0.886 0.091 0.0 0.0 -0.0 -0.0 0.4744 0.7142857142857143 0.905 -0.04 0.829 0.18799999999999994 1.0 0.99 -0.79 0.152 -0.08 0.14285714285714285 0.0 -0.08 -0.08 0.5475 0.8571428571428571 0.935 0.0 0.208
0.0 0.0 0.0 0.0 0.0 0.0 0.0 0.0 0.0 0.0 0.0 0.0 0.0 0.0 0.0 0.0 0.0 0.0 0.0 0.0 0.0 0.0 0.0 1.0 0.0 0.6040666666666665 0.9375 0.935 0.055 0.04 0.0625 -0.0 0.04 0.5391666666666666 0.75 0.956 -0.08 -0.04 0.024099999999999983 0.625 0.99 -0.79 0.063 -0.059666666666666666 0.1875 0.011 -0.1 -0.1 0.6026249999999999 1.0 0.947 -0.04 0.149
0.0 0.0 0.0 0.0 0.0 0.0 1.0 0.0 0.0 0.0 0.0 0.0 0.0 0.0 0.0 0.0 0.0 0.0 0.0 0.0 0.0 0.0 0.0 0.0 0.0 0.5623333333333332 1.0 0.857 0.746 0.0 0.0 -0.0 -0.0 0.506 1.0 0.905 -0.11 0.723 0.528 0.6666666666666666 0.773 0.0 0.283 -0.16 0.3333333333333333 0.0 -0.16 -0.16 0.664 1.0 0.892 0.0 0.769
0.0 0.0 1.0 0.0 0.0 0.0 4.0 0.0 0.0 0.0 0.0 8.0 0.0 0.0 0.0 0.0 0.0 0.0 0.0 0.0 0.0 0.0 0.0 0.0 0.0 0.5627142857142857 1.0 0.911 0.892 0.0 0.0 -0.0 -0.0 0.4718 0.7142857142857143 0.937 0.0 0.937 0.288 0.7142857142857143 0.99 -0.75 0.847 0.065 0.2857142857142857 0.081 0.0 0.049 0.552 0.8571428571428571 0.958 0.0 0.782
0.0 0.0 0.0 0.0 2.0 0.0 1.0 0.0 2.0 0.0 0.0 3.0 0.0 5.0 0.0 0.0 0.0 0.0 0.0 0.0 0.0 1.0 0.0 0.0 0.0 0.4391904761904761 0.865979381443299 0.96 0.083 0.5884615384615384 0.13402061855670103 -0.0 0.65 0.2970793650793649 0.6494845360824743 0.967 -0.85 -0.55 0.10878260869565214 0.711340206185567 0.984 -0.94 0.083 0.18900000000000003 0.25773195876288657 0.912 -0.44 0.912 0.307816091954023 0.8969072164948454 0.969 -0.82 -0.5
0.0 0.0 0.0 0.0 0.0 2.0 1.0 0.0 1.0 0.0 0.0 0.0 0.0 1.0 0.0 0.0 0.0 0.0 0.0 0.0 0.0 0.0 0.0 0.0 0.0 0.49455555555555564 0.8571428571428571 0.964 0.964 0.66 0.14285714285714285 -0.0 0.66 0.22376470588235295 0.8095238095238095 0.962 -0.78 0.962 0.06330769230769231 0.6190476190476191 0.967 -0.94 0.967 0.20916666666666664 0.2857142857142857 0.585 -0.23 -0.13 0.31882352941176473 0.8095238095238095 0.958 -0.63 0.203
0.0 0.0 0.0 0.0 0.0 0.0 0.0 0.0 0.0 0.0 0.0 0.0 0.0 0.0 0.0 0.0 0.0 0.0 0.0 0.0 0.0 0.0 0.0 1.0 0.0 0.5952 0.7142857142857143 0.939 0.929 0.47000000000000003 0.2857142857142857 -0.0 0.16 0.143 0.7142857142857143 0.956 -0.85 -0.25 0.4338 0.7142857142857143 0.979 -0.03 -0.03 -0.3133333333333333 0.42857142857142855 0.0 -0.71 -0.15 0.3826 0.7142857142857143 0.916 -0.28 -0.28
0.0 0.0 0.0 0.0 0.0 0.0 0.0 0.0 0.0 0.0 0.0 2.0 0.0 0.0 0.0 0.0 0.0 0.0 0.0 0.0 0.0 0.0 0.0 0.0 0.0 0.6096428571428572 1.0 0.935 0.8 0.0 0.0 -0.0 -0.0 0.5656923076923077 0.9285714285714286 0.967 -0.04 0.825 0.27045454545454545 0.7857142857142857 0.924 -0.94 0.775 -0.1366666666666667 0.21428571428571427 0.0 -0.2 -0.15 0.6046363636363635 0.7857142857142857 0.935 0.0 0.116
0.0 0.0 0.0 0.0 0.0 0.0 1.0 0.0 0.0 0.0 0.0 3.0 0.0 0.0 0.0 0.0 0.0 0.0 0.0 0.0 0.0 1.0 0.0 0.0 0.0 0.46215789473684216 0.9047619047619048 0.964 0.792 0.42500000000000004 0.09523809523809523 -0.0 0.78 0.32729411764705885 0.8095238095238095 0.943 -0.73 0.868 -0.11006666666666669 0.7142857142857143 0.79 -0.81 0.717 -0.1636 0.23809523809523808 0.081 -0.84 -0.84 0.538 0.7142857142857143 0.964 0.0 0.903
0.0 0.0 0.0 0.0 0.0 0.0 1.0 0.0 0.0 0.0 0.0 0.0 1.0 0.0 0.0 0.0 0.0 0.0 0.0 0.0 0.0 1.0 0.0 0.0 0.0 0.0 0.0 0.0 0.0 0.0 0.0 -0.0 -0.0 0.0 0.0 0.0 0.0 0.0 0.0 0.0 0.0 0.0 0.0 0.0 0.0 0.0 0.0 0.0 0.0 0.0 0.0 0.0 0.0
0.0 0.0 0.0 0.0 0.0 0.0 1.0 0.0 0.0 0.0 0.0 0.0 0.0 0.0 0.0 0.0 0.0 0.0 0.0 0.0 0.0 0.0 0.0 1.0 0.0 0.8581999999999999 0.8333333333333334 0.952 0.939 0.66 0.16666666666666666 -0.0 0.66 0.625 1.0 0.967 -0.78 0.912 0.28933333333333333 0.5 0.953 -0.88 0.953 0.585 0.16666666666666666 0.585 0.0 0.585 0.4885999999999999 0.8333333333333334 0.966 -0.63 0.966
0.0 0.0 0.0 0.0 0.0 0.0 2.0 0.0 0.0 1.0 0.0 2.0 0.0 0.0 0.0 0.0 0.0 0.0 0.0 1.0 0.0 0.0 0.0 0.0 0.0 0.8398333333333334 1.0 0.935 0.913 0.0 0.0 -0.0 -0.0 0.791 0.5 0.956 0.0 0.956 0.18519999999999998 0.8333333333333334 0.962 -0.79 0.962 0.0 0.0 0.0 0.0 0.0 0.8751666666666668 1.0 0.935 0.0 0.864
0.0 0.0 0.0 0.0 0.0 0.0 1.0 0.0 0.0 0.0 0.0 0.0 0.0 0.0 0.0 0.0 0.0 0.0 0.0 0.0 0.0 0.0 0.0 1.0 0.0 0.796 0.6666666666666666 0.846 0.746 0.66 0.3333333333333333 -0.0 0.66 -0.028500000000000025 0.6666666666666666 0.723 -0.78 0.723 -0.75 0.3333333333333333 0.0 -0.75 -0.75 0.585 0.3333333333333333 0.585 0.0 0.585 0.35766666666666663 1.0 0.934 -0.63 0.769
0.0 0.0 0.0 0.0 0.0 2.0 0.0 0.0 1.0 0.0 0.0 0.0 0.0 1.0 0.0 0.0 0.0 0.0 0.0 0.0 0.0 0.0 1.0 0.0 0.0 0.5847391304347827 0.8679245283018868 0.94 0.728 0.6671428571428571 0.1320754716981132 -0.0 0.05 0.3863673469387755 0.9245283018867925 1.0 -0.9 0.806 0.009117647058823538 0.6415094339622641 0.979 -0.94 0.716 0.24892307692307686 0.24528301886792453 0.833 -0.29 0.029 0.4923414634146341 0.7735849056603774 0.968 -0.99 0.741
0.0 0.0 0.0 0.0 0.0 1.0 1.0 0.0 1.0 0.0 0.0 0.0 0.0 1.0 0.0 0.0 0.0 0.0 0.0 0.0 0.0 1.0 0.0 0.0 0.0 0.4718750000000001 0.7619047619047619 0.935 0.022 0.29200000000000004 0.23809523809523808 -0.0 0.08 0.2955625 0.7619047619047619 0.967 -0.78 -0.05 0.2183076923076923 0.6190476190476191 0.902 -0.79 0.101 0.059181818181818176 0.5238095238095238 0.585 -0.24 0.015 0.33305555555555555 0.8571428571428571 0.959 -0.63 0.058
0.0 0.0 0.0 0.0 0.0 0.0 0.0 0.0 2.0 0.0 0.0 4.0 0.0 0.0 0.0 0.0 0.0 0.0 0.0 0.0 0.0 0.0 0.0 1.0 0.0 0.5120909090909092 0.7857142857142857 0.943 0.881 0.6800000000000002 0.21428571428571427 -0.0 0.73 0.21958064516129028 0.7380952380952381 1.0 -0.97 0.843 0.36525 0.6666666666666666 0.99 -0.66 0.977 0.14775 0.38095238095238093 0.988 -0.84 0.988 0.23576470588235293 0.8095238095238095 0.96 -0.99 0.881
0.0 0.0 0.0 0.0 0.0 0.0 1.0 0.0 0.0 0.0 0.0 0.0 0.0 0.0 0.0 0.0 0.0 0.0 0.0 0.0 0.0 0.0 0.0 1.0 0.0 0.7625 1.0 0.779 0.746 0.0 0.0 -0.0 -0.0 0.7535000000000001 1.0 0.784 0.0 0.723 0.764 0.5 0.764 0.0 0.764 0.0 0.0 0.0 0.0 0.0 0.7795000000000001 1.0 0.79 0.0 0.769
0.0 0.0 0.0 0.0 0.0 2.0 1.0 0.0 1.0 0.0 0.0 0.0 0.0 1.0 0.0 0.0 0.0 0.0 0.0 0.0 0.0 1.0 0.0 0.0 0.0 0.6063913043478262 0.92 0.939 0.067 0.43000000000000005 0.08 -0.0 0.81 0.48966666666666675 0.84 0.967 -0.95 0.033 -0.1269411764705882 0.68 0.979 -0.94 0.158 0.11571428571428573 0.28 0.721 -0.09 -0.06 0.5505714285714286 0.84 0.935 -0.75 0.145
0.0 0.0 0.0 0.0 0.0 0.0 1.0 0.0 0.0 1.0 0.0 1.0 0.0 0.0 0.0 0.0 0.0 0.0 0.0 0.0 0.0 1.0 0.0 0.0 0.0 0.46796153846153843 0.8125 0.935 0.316 0.5200000000000001 0.1875 -0.0 0.1 0.23172000000000004 0.78125 0.957 -0.75 -0.1 -0.13008333333333333 0.75 0.894 -0.95 0.534 0.23450000000000001 0.375 0.856 -0.21 0.032 0.3615185185185185 0.84375 0.935 -0.82 -0.16
0.0 0.0 0.0 0.0 0.0 0.0 2.0 0.0 1.0 0.0 0.0 0.0 0.0 2.0 0.0 0.0 0.0 0.0 0.0 0.0 0.0 1.0 0.0 0.0 0.0 0.5545454545454546 0.8461538461538461 0.939 0.074 0.825 0.15384615384615385 -0.0 0.89 0.3328333333333334 0.9230769230769231 0.99 -0.82 0.057 -0.014222222222222226 0.6923076923076923 0.979 -0.94 0.141 0.146 0.5384615384615384 0.99 -0.22 -0.06 0.27481818181818174 0.8461538461538461 0.959 -0.87 0.162
0.0 0.0 0.0 0.0 0.0 0.0 0.0 0.0 1.0 0.0 0.0 0.0 0.0 1.0 0.0 0.0 0.0 0.0 0.0 0.0 0.0 0.0 0.0 0.0 0.0 0.5306666666666666 0.9 0.935 0.141 0.9 0.1 -0.0 0.9 0.3484 0.5 0.956 -0.85 0.956 -0.22766666666666668 0.6 0.793 -0.94 -0.94 0.25299999999999995 0.3 0.959 -0.13 -0.07 0.552 0.9 0.935 0.0 0.141
0.0 0.0 0.0 0.0 0.0 0.0 0.0 0.0 0.0 0.0 0.0 4.0 0.0 1.0 0.0 0.0 0.0 0.0 0.0 0.0 0.0 0.0 0.0 1.0 0.0 0.659277777777778 0.782608695652174 0.959 0.331 0.48 0.21739130434782608 -0.0 0.07 0.39699999999999996 0.9347826086956522 0.956 -0.78 0.635 -0.17964285714285713 0.6086956521739131 0.902 -0.98 0.639 0.012153846153846161 0.2826086956521739 0.818 -0.84 -0.24 0.42650000000000005 0.8260869565217391 0.974 -0.77 0.291
0.0 0.0 0.0 0.0 0.0 0.0 1.0 0.0 0.0 0.0 0.0 0.0 0.0 0.0 0.0 0.0 0.0 0.0 0.0 0.0 0.0 1.0 0.0 0.0 0.0 0.0875 0.5 0.09 0.085 0.8049999999999999 0.5 -0.0 0.66 -0.405 0.5 0.0 -0.78 -0.78 0.1995 0.5 0.2 0.0 0.199 -0.10750000000000004 1.0 0.585 -0.93 0.585 -0.31 1.0 0.298 -0.98 -0.63
0.0 0.0 0.0 0.0 0.0 2.0 1.0 0.0 0.0 0.0 0.0 4.0 0.0 2.0 0.0 0.0 0.0 0.0 0.0 0.0 0.0 0.0 0.0 0.0 0.0 0.5804651162790698 0.7413793103448276 0.947 0.258 0.7033333333333333 0.25862068965517243 -0.0 0.81 0.16322222222222213 0.7758620689655172 0.956 -0.99 -0.95 0.020529411764705872 0.5862068965517241 0.979 -0.94 0.161 0.27176470588235296 0.29310344827586204 0.958 -0.92 0.721 0.26402173913043475 0.7931034482758621 0.935 -0.96 -0.75
0.0 0.0 0.0 0.0 0.0 0.0 2.0 0.0 0.0 2.0 0.0 0.0 0.0 0.0 0.0 0.0 0.0 0.0 0.0 0.0 0.0 1.0 0.0 0.0 0.0 0.47029411764705875 0.8095238095238095 0.943 0.823 0.6075 0.19047619047619047 -0.0 0.69 0.2604705882352941 0.8095238095238095 0.967 -0.77 -0.75 0.03586666666666667 0.7142857142857143 0.943 -0.79 0.795 0.1596363636363636 0.5238095238095238 0.831 -0.17 0.547 0.16947058823529412 0.8095238095238095 0.935 -0.97 -0.78
0.0 0.0 0.0 0.0 0.0 0.0 1.0 0.0 0.0 0.0 0.0 0.0 0.0 0.0 0.0 0.0 0.0 0.0 0.0 0.0 0.0 0.0 0.0 1.0 0.0 0.47383333333333333 0.75 0.92 0.92 0.55 0.25 -0.0 0.32 0.026666666666666672 0.75 0.905 -0.77 -0.77 0.43216666666666664 0.75 0.893 0.0 0.893 -0.028000000000000014 0.625 0.82 -0.45 -0.45 0.5565000000000001 0.75 0.947 0.0 0.947
0.0 0.0 0.0 0.0 0.0 0.0 0.0 0.0 0.0 0.0 0.0 0.0 0.0 1.0 0.0 0.0 0.0 0.0 0.0 0.0 0.0 0.0 0.0 1.0 0.0 0.4677586206896552 0.8055555555555556 0.986 0.058 0.7685714285714286 0.19444444444444445 -0.0 0.87 0.1863 0.8333333333333334 0.989 -0.87 -0.02 0.062458333333333345 0.6666666666666666 0.979 -0.94 0.188 0.06499999999999999 0.5277777777777778 0.943 -0.85 -0.12 0.2539375 0.8888888888888888 0.978 -0.99 0.192
1.0 0.0 0.0 0.0 0.0 0.0 0.0 0.0 0.0 2.0 0.0 0.0 0.0 0.0 0.0 0.0 0.0 0.0 0.0 1.0 0.0 0.0 0.0 0.0 0.0 0.789 1.0 0.789 0.789 0.0 0.0 -0.0 -0.0 0.818 1.0 0.818 0.0 0.818 0.76 1.0 0.76 0.0 0.76 0.0 0.0 0.0 0.0 0.0 0.0 0.0 0.0 0.0 0.0
0.0 0.0 0.0 0.0 0.0 1.0 0.0 0.0 0.0 0.0 0.0 2.0 0.0 0.0 0.0 0.0 0.0 0.0 0.0 0.0 0.0 0.0 0.0 1.0 0.0 0.3341538461538462 0.8666666666666667 0.935 0.102 0.825 0.13333333333333333 -0.0 0.77 0.39059999999999995 0.6666666666666666 0.956 -0.04 -0.04 0.16783333333333336 0.8 0.749 -0.79 0.271 -5.000000000000282E-4 0.6666666666666666 0.948 -0.7 -0.2 0.1756923076923077 0.8666666666666667 0.935 -0.84 0.386
0.0 0.0 0.0 0.0 0.0 0.0 1.0 0.0 0.0 0.0 0.0 0.0 0.0 0.0 0.0 0.0 0.0 0.0 0.0 0.0 0.0 0.0 0.0 0.0 0.0 0.39499999999999996 0.8 0.943 0.166 0.66 0.2 -0.0 0.66 -0.12266666666666669 0.6 0.295 -0.78 0.295 0.32 0.8 0.943 -0.24 0.338 0.168 0.6 0.585 -0.13 -0.13 0.10924999999999999 0.8 0.423 -0.63 0.298
0.0 0.0 0.0 0.0 0.0 0.0 1.0 0.0 0.0 0.0 0.0 0.0 0.0 0.0 0.0 0.0 0.0 0.0 0.0 0.0 0.0 0.0 0.0 0.0 0.0 0.5897777777777778 0.9 0.926 0.903 0.765 0.1 -0.0 0.88 0.4538947368421052 0.95 0.995 -0.95 0.746 -0.0516875 0.8 0.97 -0.84 0.97 0.38116666666666665 0.3 0.912 -0.1 0.773 0.5148333333333333 0.9 0.994 -0.88 0.994
0.0 0.0 0.0 0.0 0.0 0.0 1.0 0.0 0.0 0.0 0.0 0.0 0.0 0.0 0.0 0.0 0.0 0.0 0.0 0.0 0.0 0.0 0.0 1.0 0.0 0.4272 1.0 0.857 0.8 0.0 0.0 -0.0 -0.0 0.47059999999999996 1.0 0.905 -0.04 0.825 0.49260000000000004 1.0 0.775 0.0 0.775 -0.20500000000000002 0.4 0.0 -0.21 -0.21 0.40925 0.8 0.892 0.0 0.243
0.0 0.0 0.0 0.0 2.0 0.0 1.0 0.0 0.0 1.0 0.0 10.0 0.0 2.0 0.0 0.0 0.0 0.0 0.0 0.0 0.0 0.0 0.0 1.0 0.0 0.5009259259259259 0.7297297297297297 0.943 0.786 0.5665 0.2702702702702703 -0.0 0.76 0.21636666666666657 0.8108108108108109 0.97 -0.94 0.849 0.004166666666666663 0.6486486486486487 0.961 -0.94 0.723 -0.03652777777777779 0.4864864864864865 0.948 -0.8 -0.73 0.22982539682539682 0.8513513513513513 0.935 -0.96 0.797
0.0 0.0 0.0 0.0 0.0 0.0 1.0 0.0 0.0 0.0 0.0 0.0 0.0 0.0 0.0 0.0 0.0 0.0 0.0 0.0 0.0 1.0 0.0 0.0 0.0 0.857 0.5 0.857 0.857 0.66 0.5 -0.0 0.66 0.0625 1.0 0.905 -0.78 0.905 0.773 0.5 0.773 0.0 0.773 0.585 0.5 0.585 0.0 0.585 0.131 1.0 0.892 -0.63 0.892
0.0 0.0 0.0 0.0 0.0 0.0 1.0 0.0 0.0 0.0 0.0 0.0 0.0 0.0 0.0 0.0 0.0 0.0 0.0 0.0 0.0 0.0 0.0 1.0 0.0 0.6466666666666667 1.0 0.935 0.823 0.0 0.0 -0.0 -0.0 0.8215 0.6666666666666666 0.967 0.0 0.967 0.6406666666666666 0.6666666666666666 0.99 0.0 0.795 -0.158 0.3333333333333333 0.056 -0.3 -0.3 0.6323333333333334 1.0 0.914 0.0 0.706
0.0 0.0 1.0 0.0 0.0 0.0 5.0 0.0 0.0 1.0 0.0 0.0 0.0 0.0 0.0 0.0 0.0 0.0 0.0 0.0 0.0 1.0 0.0 0.0 0.0 0.779 1.0 0.779 0.779 0.0 0.0 -0.0 -0.0 0.784 1.0 0.784 0.0 0.784 0.764 1.0 0.764 0.0 0.764 0.0 0.0 0.0 0.0 0.0 0.79 1.0 0.79 0.0 0.79
0.0 0.0 0.0 0.0 0.0 0.0 0.0 0.0 1.0 0.0 0.0 1.0 0.0 1.0 0.0 0.0 0.0 0.0 0.0 0.0 0.0 0.0 0.0 1.0 0.0 0.2998181818181818 0.8461538461538461 0.891 0.157 0.7649999999999999 0.15384615384615385 -0.0 0.83 0.17625 0.9230769230769231 0.921 -0.75 0.082 0.34455555555555556 0.6923076923076923 0.998 0.0 0.191 -0.07228571428571429 0.5384615384615384 0.614 -0.88 -0.88 0.07354545454545454 0.8461538461538461 0.706 -0.78 -0.78
0.0 0.0 0.0 0.0 1.0 0.0 3.0 0.0 0.0 0.0 0.0 0.0 0.0 1.0 0.0 0.0 0.0 0.0 0.0 0.0 0.0 1.0 0.0 0.0 0.0 0.5052857142857142 0.9333333333333333 0.935 0.766 0.785 0.06666666666666667 -0.0 0.81 0.29735 0.6666666666666666 0.956 -0.77 0.7 -0.05911999999999997 0.8333333333333334 0.794 -0.94 -0.64 0.09212500000000001 0.26666666666666666 0.816 -0.22 0.039 0.4184444444444445 0.9 0.953 -0.85 0.953
0.0 0.0 0.0 0.0 0.0 0.0 1.0 0.0 0.0 0.0 0.0 0.0 0.0 0.0 0.0 0.0 0.0 0.0 0.0 0.0 0.0 1.0 0.0 0.0 0.0 0.8175 1.0 0.857 0.857 0.0 0.0 -0.0 -0.0 0.8049999999999999 1.0 0.905 0.0 0.905 0.773 0.5 0.773 0.0 0.773 0.0 0.0 0.0 0.0 0.0 0.8714999999999999 1.0 0.892 0.0 0.892
0.0 0.0 0.0 0.0 0.0 0.0 1.0 0.0 0.0 0.0 0.0 0.0 0.0 0.0 0.0 0.0 0.0 0.0 0.0 0.0 0.0 1.0 0.0 0.0 0.0 0.5181250000000001 0.8888888888888888 0.903 0.903 0.7 0.1111111111111111 -0.0 0.7 0.4772222222222222 1.0 1.0 -0.66 0.746 0.51475 0.4444444444444444 0.97 0.0 0.97 0.369 0.4444444444444444 0.773 0.0 0.595 0.38475000000000004 0.8888888888888888 0.994 -0.83 0.994
0.0 0.0 0.0 0.0 0.0 0.0 1.0 0.0 1.0 0.0 0.0 1.0 0.0 0.0 0.0 0.0 0.0 0.0 0.0 0.0 0.0 1.0 0.0 0.0 0.0 0.5025357142857144 0.875 0.939 0.903 0.5375 0.125 -0.0 0.07 0.4414615384615385 0.8125 0.97 -0.55 0.746 0.4245 0.625 0.979 0.0 0.97 0.07075 0.375 0.882 -0.74 0.084 0.3465384615384615 0.8125 0.994 -0.8 -0.06
0.0 0.0 0.0 0.0 0.0 0.0 1.0 0.0 0.0 1.0 0.0 0.0 0.0 0.0 0.0 0.0 0.0 0.0 0.0 1.0 0.0 0.0 0.0 0.0 0.0 0.271 1.0 0.744 0.09 0.0 0.0 -0.0 -0.0 0.24033333333333332 0.75 0.781 -0.03 -0.03 0.242 0.75 0.313 0.0 0.212 -0.12000000000000001 0.5 0.0 -0.2 -0.04 0.35075 1.0 0.706 0.0 0.093
0.0 0.0 0.0 0.0 1.0 1.0 1.0 0.0 1.0 0.0 0.0 0.0 0.0 0.0 0.0 0.0 0.0 0.0 0.0 0.0 0.0 0.0 0.0 1.0 0.0 0.5184999999999998 0.8235294117647058 0.967 0.746 0.3433333333333333 0.17647058823529413 -0.0 0.89 0.30942857142857144 0.8235294117647058 0.976 -0.82 0.723 -0.0889166666666667 0.7058823529411765 0.958 -0.94 -0.73 0.25333333333333335 0.17647058823529413 0.99 -0.14 0.99 0.30518181818181817 0.6470588235294118 0.788 -0.87 0.769
1.0 0.0 0.0 0.0 0.0 0.0 0.0 0.0 0.0 6.0 0.0 0.0 0.0 0.0 0.0 0.0 0.0 0.0 0.0 1.0 0.0 0.0 0.0 0.0 0.0 0.0 0.0 0.0 0.0 0.0 0.0 -0.0 -0.0 0.0 0.0 0.0 0.0 0.0 0.0 0.0 0.0 0.0 0.0 0.0 0.0 0.0 0.0 0.0 0.0 0.0 0.0 0.0 0.0
0.0 0.0 0.0 0.0 0.0 0.0 0.0 0.0 0.0 1.0 0.0 0.0 0.0 1.0 0.0 0.0 0.0 0.0 0.0 0.0 0.0 0.0 0.0 1.0 0.0 0.5459230769230768 1.0 0.908 0.083 0.0 0.0 -0.0 -0.0 0.46630000000000005 0.7692307692307693 0.867 0.0 0.038 0.14541666666666664 0.9230769230769231 0.949 -0.85 0.117 -0.09666666666666666 0.23076923076923078 0.0 -0.12 -0.08 0.548125 0.6153846153846154 0.959 0.0 0.095
0.0 0.0 0.0 0.0 1.0 0.0 1.0 0.0 0.0 1.0 0.0 1.0 0.0 0.0 0.0 0.0 0.0 0.0 0.0 1.0 0.0 0.0 0.0 0.0 0.0 0.5520666666666667 0.967741935483871 0.939 0.848 0.81 0.03225806451612903 -0.0 0.81 0.45695652173913043 0.7419354838709677 0.967 -0.77 0.746 0.36508333333333326 0.7741935483870968 0.99 -0.95 0.871 0.05785714285714284 0.22580645161290322 0.816 -0.15 -0.07 0.4651538461538461 0.8387096774193549 0.935 -0.85 0.928
0.0 0.0 0.0 0.0 0.0 0.0 0.0 0.0 0.0 1.0 0.0 0.0 0.0 0.0 0.0 0.0 0.0 0.0 0.0 0.0 0.0 0.0 0.0 1.0 0.0 0.6029333333333334 0.8333333333333334 0.939 0.829 0.7566666666666667 0.16666666666666666 -0.0 0.73 0.35635714285714293 0.7777777777777778 0.956 -0.85 0.064 0.21537500000000004 0.4444444444444444 0.979 -0.94 0.929 0.06371428571428572 0.3888888888888889 0.82 -0.74 0.02 0.4220666666666667 0.8333333333333334 0.914 -0.78 0.729
0.0 0.0 0.0 0.0 0.0 0.0 1.0 0.0 1.0 0.0 0.0 4.0 0.0 1.0 0.0 0.0 0.0 0.0 0.0 0.0 0.0 1.0 0.0 0.0 0.0 0.4225454545454545 0.7586206896551724 0.939 0.849 0.7757142857142857 0.2413793103448276 -0.0 0.72 0.053153846153846156 0.896551724137931 0.95 -0.95 -0.04 0.16522727272727275 0.7586206896551724 0.979 -0.97 0.85 0.1934375 0.5517241379310345 0.941 -0.23 -0.12 0.07088000000000001 0.8620689655172413 0.935 -0.99 0.847
0.0 0.0 0.0 0.0 0.0 0.0 1.0 0.0 0.0 0.0 0.0 1.0 0.0 0.0 0.0 0.0 0.0 0.0 0.0 0.0 0.0 0.0 0.0 0.0 0.0 0.5685925925925926 0.84375 0.935 0.867 0.53 0.15625 -0.0 0.81 0.5275416666666667 0.75 0.981 -0.84 -0.84 0.07895833333333334 0.75 0.955 -0.8 0.955 0.033818181818181796 0.34375 0.981 -0.91 0.689 0.4073928571428572 0.875 0.935 -0.98 -0.9
0.0 0.0 0.0 0.0 0.0 0.0 0.0 0.0 0.0 1.0 0.0 0.0 0.0 0.0 0.0 0.0 0.0 0.0 0.0 0.0 0.0 0.0 0.0 0.0 0.0 0.5758125 0.8888888888888888 0.939 0.106 0.76 0.1111111111111111 -0.0 0.76 0.4931428571428572 0.7777777777777778 0.956 -0.61 -0.04 0.169 0.6111111111111112 0.979 -0.85 0.343 -0.0608 0.2777777777777778 0.856 -0.74 -0.05 0.3575333333333333 0.8333333333333334 0.935 -0.82 0.179
