0.0 0.0 0.0 0.0 0.0 0.0 1.0 0.0 0.0 0.0 0.0 0.0 0.0 0.0 0.0 0.0 0.0 0.0 0.0 0.0 0.0 1.0 0.0 0.0 0.0 0.59725 1.0 0.815 0.746 0.0 0.0 -0.0 -0.0 0.5465 1.0 0.723 0.0 0.723 -0.188 0.5 0.274 -0.65 0.274 -0.11 0.25 0.0 -0.11 -0.11 0.68225 1.0 0.928 0.0 0.769
0.0 0.0 0.0 0.0 0.0 0.0 1.0 0.0 0.0 0.0 0.0 0.0 0.0 0.0 0.0 0.0 0.0 0.0 0.0 0.0 0.0 1.0 0.0 0.0 0.0 0.7805 1.0 0.815 0.746 0.0 0.0 -0.0 -0.0 0.7124999999999999 1.0 0.723 0.0 0.723 0.0 0.0 0.0 0.0 0.0 0.0 0.0 0.0 0.0 0.0 0.8485 1.0 0.928 0.0 0.769
0.0 0.0 0.0 0.0 1.0 0.0 0.0 0.0 0.0 0.0 0.0 0.0 0.0 0.0 0.0 0.0 0.0 0.0 0.0 0.0 0.0 0.0 0.0 1.0 0.0 0.48537500000000006 0.8421052631578947 0.939 0.104 0.7133333333333334 0.15789473684210525 -0.0 0.58 0.32819999999999994 0.7894736842105263 0.956 -0.8 0.055 0.09284615384615383 0.6842105263157895 0.979 -0.94 0.237 0.164625 0.42105263157894735 0.856 -0.17 -0.11 0.27080000000000004 0.7894736842105263 0.914 -0.82 0.24
0.0 0.0 0.0 0.0 0.0 0.0 0.0 0.0 0.0 0.0 0.0 0.0 0.0 0.0 0.0 0.0 0.0 0.0 0.0 0.0 0.0 0.0 0.0 1.0 0.0 0.753 1.0 0.76 0.76 0.0 0.0 -0.0 -0.0 0.759 1.0 0.795 0.0 0.795 0.0 0.0 0.0 0.0 0.0 0.0 0.0 0.0 0.0 0.0 0.7464999999999999 1.0 0.769 0.0 0.724
0.0 0.0 0.0 0.0 0.0 0.0 1.0 0.0 0.0 0.0 0.0 0.0 0.0 0.0 0.0 0.0 0.0 0.0 0.0 0.0 0.0 1.0 0.0 0.0 0.0 0.437 1.0 0.815 0.072 0.0 0.0 -0.0 -0.0 0.38275 1.0 0.723 0.0 0.047 0.20350000000000001 0.5 0.274 0.0 0.133 -0.11 0.5 0.0 -0.11 -0.11 0.5402500000000001 1.0 0.928 0.0 0.22
0.0 0.0 0.0 0.0 0.0 0.0 0.0 0.0 0.0 0.0 0.0 0.0 0.0 0.0 0.0 0.0 0.0 0.0 0.0 0.0 0.0 0.0 0.0 1.0 0.0 0.7805 1.0 0.815 0.746 0.0 0.0 -0.0 -0.0 0.7124999999999999 1.0 0.723 0.0 0.723 0.0 0.0 0.0 0.0 0.0 0.0 0.0 0.0 0.0 0.0 0.8485 1.0 0.928 0.0 0.769
0.0 0.0 0.0 0.0 0.0 0.0 1.0 0.0 0.0 0.0 0.0 0.0 0.0 0.0 0.0 0.0 0.0 0.0 0.0 0.0 0.0 1.0 0.0 0.0 0.0 0.5586666666666666 1.0 0.815 0.746 0.0 0.0 -0.0 -0.0 0.49466666666666664 1.0 0.723 0.0 0.723 0.274 0.3333333333333333 0.274 0.0 0.274 -0.11 0.3333333333333333 0.0 -0.11 -0.11 0.6470000000000001 1.0 0.928 0.0 0.769
0.0 0.0 0.0 0.0 0.0 0.0 0.0 0.0 0.0 0.0 0.0 1.0 0.0 0.0 0.0 0.0 0.0 0.0 0.0 0.0 0.0 0.0 0.0 1.0 0.0 0.6625000000000002 0.8 0.935 0.727 0.7666666666666666 0.2 -0.0 0.85 0.37193333333333334 1.0 0.981 -0.96 -0.87 -0.19300000000000003 0.4 0.964 -0.94 -0.94 -0.1722 0.3333333333333333 0.561 -0.81 -0.71 0.3345714285714286 0.9333333333333333 0.935 -0.96 -0.96
0.0 0.0 0.0 0.0 0.0 1.0 0.0 0.0 0.0 1.0 0.0 0.0 0.0 0.0 0.0 0.0 0.0 0.0 0.0 1.0 0.0 0.0 0.0 0.0 0.0 0.0 0.0 0.0 0.0 0.0 0.0 -0.0 -0.0 0.0 0.0 0.0 0.0 0.0 0.0 0.0 0.0 0.0 0.0 0.0 0.0 0.0 0.0 0.0 0.0 0.0 0.0 0.0 0.0
0.0 0.0 0.0 0.0 0.0 0.0 0.0 0.0 0.0 0.0 0.0 0.0 0.0 0.0 0.0 0.0 0.0 0.0 0.0 0.0 0.0 0.0 0.0 1.0 0.0 0.746 0.5 0.746 0.746 0.58 0.5 -0.0 0.58 0.07150000000000001 1.0 0.723 -0.58 0.723 0.0 0.0 0.0 0.0 0.0 0.561 0.5 0.561 0.0 0.561 0.07450000000000001 1.0 0.769 -0.62 0.769
0.0 0.0 0.0 0.0 0.0 0.0 1.0 0.0 0.0 0.0 0.0 0.0 0.0 0.0 0.0 0.0 0.0 0.0 0.0 0.0 0.0 1.0 0.0 0.0 0.0 0.35333333333333333 0.6 0.746 0.258 0.6699999999999999 0.4 -0.0 0.76 -0.0675 0.8 0.723 -0.69 0.277 0.1345 0.4 0.161 0.0 0.161 0.49333333333333335 0.6 0.89 0.0 0.029 -0.024799999999999968 1.0 0.769 -0.7 0.337
0.0 0.0 0.0 0.0 0.0 0.0 1.0 0.0 0.0 0.0 0.0 0.0 0.0 0.0 0.0 0.0 0.0 0.0 0.0 0.0 0.0 1.0 0.0 0.0 0.0 0.5273333333333333 1.0 0.815 0.021 0.0 0.0 -0.0 -0.0 0.4649999999999999 1.0 0.723 -0.03 -0.03 0.092 0.3333333333333333 0.092 0.0 0.092 0.07 0.3333333333333333 0.07 0.0 0.07 0.5990000000000001 1.0 0.928 0.0 0.1
0.0 0.0 0.0 0.0 0.0 0.0 0.0 0.0 0.0 0.0 0.0 0.0 0.0 0.0 0.0 0.0 0.0 0.0 0.0 0.0 0.0 0.0 0.0 1.0 0.0 0.62625 0.6666666666666666 0.849 0.806 0.615 0.3333333333333333 -0.0 0.65 0.16350000000000003 1.0 0.922 -0.86 -0.86 0.20274999999999999 0.6666666666666666 0.776 -0.79 0.715 0.585 0.3333333333333333 0.609 0.0 0.609 0.14540000000000003 0.8333333333333334 0.935 -0.62 -0.5
0.0 0.0 0.0 0.0 0.0 0.0 0.0 0.0 0.0 0.0 0.0 0.0 0.0 0.0 0.0 0.0 0.0 0.0 0.0 0.0 0.0 0.0 0.0 0.0 0.0 0.6296666666666667 0.75 0.935 0.935 0.58 0.25 -0.0 0.58 0.34850000000000003 1.0 0.956 -0.58 -0.58 0.239 0.25 0.239 0.0 0.239 0.30500000000000005 0.5 0.561 0.0 0.561 0.35224999999999995 1.0 0.914 -0.62 -0.62
0.0 0.0 0.0 0.0 0.0 0.0 0.0 0.0 0.0 0.0 0.0 0.0 0.0 0.0 0.0 0.0 0.0 0.0 0.0 0.0 0.0 0.0 0.0 1.0 0.0 0.7338571428571429 0.875 0.935 0.935 0.58 0.125 -0.0 0.58 0.541125 1.0 0.956 -0.58 -0.58 -0.05925 0.5 0.964 -0.79 0.239 0.30500000000000005 0.25 0.561 0.0 0.561 0.5800000000000001 0.875 0.935 -0.62 -0.62
0.0 0.0 0.0 0.0 0.0 0.0 0.0 0.0 0.0 0.0 0.0 0.0 0.0 0.0 0.0 0.0 0.0 0.0 0.0 0.0 0.0 0.0 0.0 1.0 0.0 0.5045 1.0 0.935 0.129 0.0 0.0 -0.0 -0.0 0.5257499999999999 1.0 0.956 0.0 0.129 0.239 0.25 0.239 0.0 0.239 0.049 0.25 0.049 0.0 0.049 0.6763333333333333 0.75 0.914 0.0 0.914
0.0 0.0 0.0 0.0 0.0 0.0 0.0 0.0 0.0 0.0 0.0 0.0 0.0 0.0 0.0 0.0 0.0 0.0 0.0 0.0 0.0 0.0 0.0 0.0 0.0 0.3463333333333333 0.75 0.746 0.085 0.81 0.25 -0.0 0.81 0.007000000000000006 1.0 0.723 -0.95 -0.95 0.1925 0.5 0.239 0.0 0.146 0.385 0.5 0.721 0.0 0.721 0.12924999999999998 1.0 0.769 -0.75 -0.75
0.0 0.0 0.0 0.0 0.0 0.0 0.0 0.0 0.0 0.0 0.0 0.0 0.0 0.0 0.0 0.0 0.0 0.0 0.0 0.0 0.0 0.0 0.0 1.0 0.0 0.5596666666666666 0.75 0.9 0.746 0.05 0.25 -0.0 0.05 0.21766666666666667 0.75 0.723 -0.05 0.723 0.541 0.5 0.904 0.0 0.904 -0.12 0.25 0.0 -0.12 -0.12 0.43175 1.0 0.896 -0.08 0.769
0.0 0.0 0.0 0.0 0.0 0.0 0.0 0.0 0.0 0.0 0.0 0.0 0.0 0.0 0.0 0.0 0.0 0.0 0.0 0.0 0.0 0.0 0.0 0.0 0.0 0.746 1.0 0.746 0.746 0.0 0.0 -0.0 -0.0 0.723 1.0 0.723 0.0 0.723 0.0 0.0 0.0 0.0 0.0 0.0 0.0 0.0 0.0 0.0 0.769 1.0 0.769 0.0 0.769
0.0 0.0 0.0 0.0 0.0 0.0 0.0 0.0 0.0 0.0 0.0 0.0 0.0 0.0 0.0 0.0 0.0 0.0 0.0 0.0 0.0 0.0 0.0 1.0 0.0 0.5044444444444445 0.8181818181818182 0.922 0.258 0.7649999999999999 0.18181818181818182 -0.0 0.58 0.22525 0.7272727272727273 0.737 -0.92 0.277 -0.013714285714285731 0.6363636363636364 0.96 -0.96 0.161 0.12725000000000003 0.36363636363636365 0.561 -0.13 0.049 0.299 1.0 0.89 -0.98 0.337
0.0 0.0 0.0 0.0 0.0 0.0 1.0 0.0 0.0 0.0 0.0 0.0 0.0 0.0 0.0 0.0 0.0 0.0 0.0 0.0 0.0 1.0 0.0 0.0 0.0 0.82025 1.0 0.931 0.746 0.0 0.0 -0.0 -0.0 0.739 1.0 0.898 0.0 0.723 0.08699999999999997 0.5 0.964 -0.79 0.964 0.0 0.0 0.0 0.0 0.0 0.8773333333333334 0.75 0.935 0.0 0.769
0.0 0.0 0.0 0.0 0.0 1.0 0.0 0.0 0.0 0.0 0.0 0.0 0.0 0.0 0.0 0.0 0.0 0.0 0.0 0.0 0.0 0.0 0.0 0.0 0.0 0.5824 0.8333333333333334 0.935 0.853 0.81 0.16666666666666666 -0.0 0.81 0.256 0.6666666666666666 0.956 -0.95 0.956 -0.09933333333333332 0.5 0.313 -0.85 -0.85 0.19000000000000003 0.5 0.721 -0.2 -0.2 0.423 1.0 0.914 -0.75 0.856
0.0 0.0 0.0 0.0 0.0 0.0 0.0 0.0 0.0 0.0 0.0 0.0 0.0 0.0 0.0 0.0 0.0 0.0 0.0 0.0 0.0 0.0 0.0 0.0 0.0 0.746 1.0 0.746 0.746 0.0 0.0 -0.0 -0.0 0.723 1.0 0.723 0.0 0.723 0.0 0.0 0.0 0.0 0.0 0.0 0.0 0.0 0.0 0.0 0.769 1.0 0.769 0.0 0.769
0.0 0.0 0.0 0.0 0.0 1.0 0.0 0.0 0.0 0.0 0.0 0.0 0.0 0.0 0.0 0.0 0.0 0.0 0.0 0.0 0.0 0.0 1.0 0.0 0.0 0.621 0.9166666666666666 0.849 0.806 0.58 0.08333333333333333 -0.0 0.58 0.5145 1.0 0.922 -0.58 0.906 0.3985555555555555 0.75 0.776 -0.79 0.715 0.1366666666666667 0.25 0.561 -0.2 0.561 0.49466666666666664 0.75 0.935 -0.62 0.796
0.0 0.0 0.0 0.0 0.0 0.0 0.0 0.0 0.0 0.0 0.0 0.0 0.0 0.0 0.0 0.0 0.0 0.0 0.0 0.0 0.0 0.0 0.0 0.0 0.0 0.7805 1.0 0.815 0.746 0.0 0.0 -0.0 -0.0 0.7124999999999999 1.0 0.723 0.0 0.723 0.0 0.0 0.0 0.0 0.0 0.0 0.0 0.0 0.0 0.0 0.8485 1.0 0.928 0.0 0.769
0.0 0.0 0.0 0.0 0.0 0.0 0.0 0.0 0.0 0.0 0.0 0.0 0.0 0.0 0.0 0.0 0.0 0.0 0.0 0.0 0.0 0.0 0.0 1.0 0.0 0.616 1.0 0.849 0.748 0.0 0.0 -0.0 -0.0 0.64125 1.0 0.922 -0.04 0.777 0.18775 1.0 0.776 -0.85 -0.85 0.0 0.0 0.0 0.0 0.0 0.509 0.75 0.796 0.0 0.615
0.0 0.0 0.0 0.0 0.0 0.0 1.0 0.0 0.0 0.0 0.0 0.0 0.0 0.0 0.0 0.0 0.0 0.0 0.0 0.0 0.0 1.0 0.0 0.0 0.0 0.5586666666666666 0.75 0.815 0.746 0.58 0.25 -0.0 0.58 0.22599999999999998 1.0 0.723 -0.58 0.723 0.274 0.25 0.274 0.0 0.274 0.22550000000000003 0.5 0.561 -0.11 0.561 0.33025000000000004 1.0 0.928 -0.62 0.769
0.0 0.0 0.0 0.0 0.0 0.0 1.0 0.0 0.0 0.0 0.0 0.0 0.0 0.0 0.0 0.0 0.0 0.0 0.0 0.0 0.0 1.0 0.0 0.0 0.0 0.5586666666666666 1.0 0.815 0.746 0.0 0.0 -0.0 -0.0 0.49466666666666664 1.0 0.723 0.0 0.723 0.274 0.3333333333333333 0.274 0.0 0.274 -0.11 0.3333333333333333 0.0 -0.11 -0.11 0.6470000000000001 1.0 0.928 0.0 0.769
0.0 0.0 0.0 0.0 0.0 0.0 0.0 0.0 0.0 0.0 0.0 1.0 0.0 0.0 0.0 0.0 0.0 0.0 0.0 0.0 0.0 0.0 0.0 0.0 0.0 0.24672727272727277 0.9166666666666666 0.931 0.124 0.58 0.08333333333333333 -0.0 0.58 0.12927272727272723 0.9166666666666666 0.898 -0.58 -0.03 0.2792 0.8333333333333334 0.964 0.0 0.323 0.012000000000000021 0.6666666666666666 0.561 -0.23 -0.23 0.22199999999999998 0.9166666666666666 0.769 -0.62 0.437
0.0 0.0 0.0 0.0 0.0 0.0 1.0 0.0 0.0 0.0 0.0 0.0 0.0 0.0 0.0 0.0 0.0 0.0 0.0 0.0 0.0 1.0 0.0 0.0 0.0 0.82025 1.0 0.931 0.746 0.0 0.0 -0.0 -0.0 0.739 1.0 0.898 0.0 0.723 0.08699999999999997 0.5 0.964 -0.79 0.964 0.0 0.0 0.0 0.0 0.0 0.8773333333333334 0.75 0.935 0.0 0.769
0.0 0.0 0.0 0.0 1.0 0.0 1.0 0.0 0.0 0.0 0.0 0.0 0.0 0.0 0.0 0.0 0.0 0.0 0.0 0.0 0.0 1.0 0.0 0.0 0.0 0.6113333333333334 0.75 0.931 0.746 0.81 0.25 -0.0 0.81 0.18825 1.0 0.898 -0.95 0.723 0.5775 0.5 0.964 0.0 0.964 0.721 0.25 0.721 0.0 0.721 0.07233333333333332 0.75 0.769 -0.75 0.769
0.0 0.0 0.0 0.0 0.0 0.0 0.0 0.0 0.0 0.0 0.0 0.0 0.0 0.0 0.0 0.0 0.0 0.0 0.0 0.0 0.0 0.0 0.0 0.0 0.0 0.43660000000000004 0.8333333333333334 0.935 0.208 0.58 0.16666666666666666 -0.0 0.58 0.3378 0.8333333333333334 0.956 -0.58 0.295 0.22466666666666665 0.5 0.239 0.0 0.239 0.13225000000000003 0.6666666666666666 0.561 -0.13 0.049 0.32449999999999996 1.0 0.914 -0.62 0.346
0.0 0.0 0.0 0.0 0.0 0.0 1.0 0.0 0.0 0.0 0.0 0.0 0.0 0.0 0.0 0.0 0.0 0.0 0.0 0.0 0.0 0.0 0.0 1.0 0.0 0.6792 1.0 0.931 0.746 0.0 0.0 -0.0 -0.0 0.603 1.0 0.898 0.0 0.723 0.14933333333333332 0.6 0.964 -0.79 0.964 -0.11 0.2 0.0 -0.11 -0.11 0.7190000000000001 0.8 0.935 0.0 0.769
0.0 0.0 0.0 0.0 0.0 0.0 1.0 0.0 0.0 0.0 0.0 0.0 0.0 0.0 0.0 0.0 0.0 0.0 0.0 0.0 0.0 1.0 0.0 0.0 0.0 0.5586666666666666 1.0 0.815 0.746 0.0 0.0 -0.0 -0.0 0.49466666666666664 1.0 0.723 0.0 0.723 0.274 0.3333333333333333 0.274 0.0 0.274 -0.11 0.3333333333333333 0.0 -0.11 -0.11 0.6470000000000001 1.0 0.928 0.0 0.769
0.0 0.0 0.0 0.0 0.0 1.0 0.0 0.0 0.0 1.0 0.0 0.0 0.0 0.0 0.0 0.0 0.0 0.0 0.0 0.0 0.0 0.0 0.0 1.0 0.0 0.486 0.6666666666666666 0.911 0.911 0.58 0.3333333333333333 -0.0 0.58 0.14250000000000002 0.6666666666666666 0.865 -0.58 0.865 0.061 0.3333333333333333 0.061 0.0 0.061 0.561 0.3333333333333333 0.561 0.0 0.561 0.133 1.0 0.958 -0.62 0.958
0.0 0.0 0.0 0.0 0.0 0.0 1.0 0.0 0.0 0.0 0.0 0.0 0.0 1.0 0.0 0.0 0.0 0.0 0.0 0.0 0.0 1.0 0.0 0.0 0.0 0.6873333333333335 0.8 0.986 0.746 0.5866666666666666 0.2 -0.0 0.58 0.35508333333333325 0.8 0.986 -0.77 0.723 0.07128571428571427 0.4666666666666667 0.964 -0.94 0.196 0.2635 0.4 0.561 -0.13 -0.13 0.40475 0.8 0.935 -0.62 0.769
0.0 0.0 0.0 0.0 0.0 0.0 1.0 0.0 0.0 0.0 0.0 0.0 0.0 0.0 0.0 0.0 0.0 0.0 0.0 0.0 0.0 1.0 0.0 0.0 0.0 0.746 1.0 0.746 0.746 0.0 0.0 -0.0 -0.0 0.723 1.0 0.723 0.0 0.723 0.0 0.0 0.0 0.0 0.0 0.0 0.0 0.0 0.0 0.0 0.769 1.0 0.769 0.0 0.769
0.0 0.0 0.0 0.0 0.0 0.0 0.0 0.0 0.0 0.0 0.0 0.0 0.0 2.0 0.0 0.0 0.0 0.0 0.0 0.0 0.0 0.0 0.0 1.0 0.0 0.59475 0.8888888888888888 0.939 0.075 0.815 0.1111111111111111 -0.0 0.81 0.442764705882353 0.9444444444444444 0.961 -0.95 0.041 0.22141666666666668 0.6666666666666666 0.979 -0.86 -0.86 0.22799999999999998 0.3333333333333333 0.828 -0.1 -0.06 0.4785384615384615 0.7222222222222222 0.996 -0.75 0.109
0.0 0.0 0.0 0.0 0.0 0.0 1.0 0.0 0.0 0.0 0.0 0.0 0.0 0.0 0.0 0.0 0.0 0.0 0.0 0.0 0.0 1.0 0.0 0.0 0.0 0.82025 1.0 0.931 0.746 0.0 0.0 -0.0 -0.0 0.739 1.0 0.898 0.0 0.723 0.08699999999999997 0.5 0.964 -0.79 0.964 0.0 0.0 0.0 0.0 0.0 0.8773333333333334 0.75 0.935 0.0 0.769
0.0 0.0 0.0 0.0 0.0 0.0 1.0 0.0 0.0 0.0 0.0 0.0 0.0 0.0 0.0 0.0 0.0 0.0 0.0 0.0 0.0 1.0 0.0 0.0 0.0 0.746 1.0 0.746 0.746 0.0 0.0 -0.0 -0.0 0.723 1.0 0.723 0.0 0.723 0.0 0.0 0.0 0.0 0.0 0.0 0.0 0.0 0.0 0.0 0.769 1.0 0.769 0.0 0.769
0.0 0.0 0.0 0.0 0.0 2.0 0.0 0.0 1.0 0.0 0.0 0.0 0.0 0.0 0.0 0.0 0.0 0.0 0.0 0.0 0.0 0.0 0.0 0.0 0.0 0.5036999999999998 0.9090909090909091 0.943 0.784 0.47 0.09090909090909091 -0.0 0.04 0.33922857142857143 0.7954545454545454 0.928 -0.78 0.889 0.07065789473684211 0.8636363636363636 0.979 -0.94 -0.9 0.04264705882352941 0.38636363636363635 0.585 -0.2 0.041 0.3913428571428571 0.7954545454545454 0.958 -0.63 0.559
0.0 0.0 0.0 0.0 0.0 0.0 1.0 0.0 0.0 0.0 0.0 0.0 0.0 0.0 0.0 0.0 0.0 0.0 0.0 0.0 0.0 1.0 0.0 0.0 0.0 0.6454000000000001 0.9090909090909091 0.935 0.727 0.58 0.09090909090909091 -0.0 0.58 0.5455 0.9090909090909091 0.956 -0.58 0.577 -0.057600000000000005 0.45454545454545453 0.964 -0.94 -0.94 0.2196666666666667 0.2727272727272727 0.561 0.0 0.049 0.5347000000000001 0.9090909090909091 0.935 -0.62 0.655
0.0 0.0 0.0 0.0 2.0 0.0 0.0 0.0 1.0 0.0 0.0 1.0 0.0 1.0 0.0 0.0 0.0 0.0 0.0 0.0 0.0 0.0 0.0 0.0 0.0 0.4925 0.8 0.935 0.746 0.875 0.2 -0.0 0.88 0.14837499999999998 0.8 0.979 -0.99 0.723 0.0024000000000000132 0.5 0.597 -0.94 0.182 -0.04820000000000002 0.5 0.869 -0.74 0.869 0.364 0.9 0.914 -0.8 0.769
0.0 0.0 0.0 0.0 0.0 0.0 0.0 0.0 0.0 1.0 0.0 0.0 0.0 0.0 0.0 0.0 0.0 0.0 0.0 0.0 0.0 0.0 0.0 0.0 0.0 0.649 1.0 0.911 0.29 0.0 0.0 -0.0 -0.0 0.6643333333333333 1.0 0.865 0.0 0.405 0.638 0.3333333333333333 0.638 0.0 0.638 -0.36 0.3333333333333333 0.0 -0.36 -0.36 0.737 1.0 0.958 0.0 0.484
0.0 0.0 0.0 0.0 0.0 0.0 1.0 0.0 0.0 0.0 0.0 0.0 0.0 0.0 0.0 0.0 0.0 0.0 0.0 0.0 0.0 1.0 0.0 0.0 0.0 0.5586666666666666 1.0 0.815 0.746 0.0 0.0 -0.0 -0.0 0.49466666666666664 1.0 0.723 0.0 0.723 0.274 0.3333333333333333 0.274 0.0 0.274 -0.11 0.3333333333333333 0.0 -0.11 -0.11 0.6470000000000001 1.0 0.928 0.0 0.769
0.0 0.0 0.0 0.0 0.0 0.0 0.0 0.0 0.0 1.0 0.0 0.0 0.0 0.0 0.0 0.0 0.0 0.0 0.0 1.0 0.0 0.0 0.0 0.0 0.0 0.35333333333333333 1.0 0.746 0.258 0.0 0.0 -0.0 -0.0 0.5 0.6666666666666666 0.723 0.0 0.277 0.1345 0.6666666666666666 0.161 0.0 0.161 0.029 0.3333333333333333 0.029 0.0 0.029 0.39866666666666667 1.0 0.769 0.0 0.337
0.0 0.0 0.0 0.0 0.0 0.0 0.0 0.0 0.0 0.0 0.0 0.0 0.0 0.0 0.0 0.0 0.0 0.0 0.0 0.0 0.0 0.0 0.0 0.0 0.0 0.7805 1.0 0.815 0.746 0.0 0.0 -0.0 -0.0 0.7124999999999999 1.0 0.723 0.0 0.723 0.0 0.0 0.0 0.0 0.0 0.0 0.0 0.0 0.0 0.0 0.8485 1.0 0.928 0.0 0.769
0.0 0.0 0.0 0.0 0.0 0.0 0.0 0.0 0.0 0.0 0.0 0.0 0.0 0.0 0.0 0.0 0.0 0.0 0.0 0.0 0.0 0.0 0.0 1.0 0.0 0.5332 1.0 0.911 0.911 0.0 0.0 -0.0 -0.0 0.498 0.6 0.865 -0.07 0.865 0.032 0.8 0.757 -0.83 0.757 -0.06 0.2 0.0 -0.06 -0.06 0.7302500000000001 0.8 0.958 0.0 0.958
0.0 0.0 0.0 0.0 0.0 0.0 1.0 0.0 0.0 0.0 0.0 0.0 0.0 0.0 0.0 0.0 0.0 0.0 0.0 0.0 0.0 1.0 0.0 0.0 0.0 0.746 1.0 0.746 0.746 0.0 0.0 -0.0 -0.0 0.723 1.0 0.723 0.0 0.723 0.0 0.0 0.0 0.0 0.0 0.0 0.0 0.0 0.0 0.0 0.769 1.0 0.769 0.0 0.769
0.0 0.0 0.0 0.0 0.0 0.0 0.0 0.0 0.0 0.0 0.0 1.0 0.0 0.0 0.0 0.0 0.0 0.0 0.0 0.0 0.0 0.0 0.0 1.0 0.0 0.511 0.75 0.935 0.086 0.6533333333333333 0.25 -0.0 0.8 0.13666666666666666 0.75 0.956 -0.9 -0.9 0.10416666666666664 0.5 0.96 -0.79 0.196 0.027714285714285754 0.5833333333333334 0.561 -0.71 -0.71 0.3614 0.8333333333333334 0.935 -0.62 0.192
0.0 0.0 0.0 0.0 0.0 1.0 0.0 0.0 0.0 0.0 0.0 0.0 0.0 0.0 0.0 0.0 0.0 0.0 0.0 0.0 0.0 0.0 1.0 0.0 0.0 0.6764615384615384 0.8666666666666667 0.935 0.719 0.58 0.13333333333333333 -0.0 0.58 0.47764285714285704 0.9333333333333333 0.981 -0.58 0.728 -0.040499999999999994 0.5333333333333333 0.964 -0.94 0.713 0.30500000000000005 0.26666666666666666 0.561 0.0 0.049 0.48414285714285715 0.9333333333333333 0.935 -0.62 0.715
0.0 0.0 0.0 0.0 0.0 0.0 0.0 0.0 0.0 0.0 0.0 0.0 0.0 0.0 0.0 0.0 0.0 0.0 0.0 0.0 0.0 0.0 0.0 1.0 0.0 0.7805 1.0 0.815 0.746 0.0 0.0 -0.0 -0.0 0.7124999999999999 1.0 0.723 0.0 0.723 0.0 0.0 0.0 0.0 0.0 0.0 0.0 0.0 0.0 0.0 0.8485 1.0 0.928 0.0 0.769
0.0 0.0 0.0 0.0 0.0 0.0 0.0 0.0 1.0 0.0 0.0 1.0 0.0 0.0 0.0 0.0 0.0 0.0 0.0 0.0 0.0 0.0 0.0 0.0 0.0 0.6945 1.0 0.939 0.75 0.0 0.0 -0.0 -0.0 0.5915 0.6666666666666666 0.899 -0.04 0.723 0.2685 0.6666666666666666 0.979 -0.94 0.764 -0.2 0.16666666666666666 0.0 -0.2 -0.2 0.6585 0.6666666666666666 0.769 0.0 0.735
0.0 0.0 0.0 0.0 0.0 0.0 0.0 0.0 0.0 0.0 0.0 0.0 0.0 0.0 0.0 0.0 0.0 0.0 0.0 0.0 0.0 0.0 0.0 0.0 0.0 0.44114285714285717 0.7777777777777778 0.924 0.258 0.7350000000000001 0.2222222222222222 -0.0 0.66 0.149125 0.8888888888888888 0.925 -0.95 0.277 0.3224 0.5555555555555556 0.949 0.0 0.161 0.26280000000000003 0.5555555555555556 0.721 -0.07 0.585 0.24044444444444446 1.0 0.98 -0.75 0.337
0.0 0.0 0.0 0.0 0.0 0.0 1.0 0.0 0.0 0.0 0.0 0.0 0.0 0.0 0.0 0.0 0.0 0.0 0.0 0.0 0.0 1.0 0.0 0.0 0.0 0.477 0.6666666666666666 0.746 0.208 0.66 0.3333333333333333 -0.0 0.66 0.07933333333333333 1.0 0.723 -0.78 -0.78 0.239 0.3333333333333333 0.239 0.0 0.239 0.317 0.6666666666666666 0.585 0.0 0.585 0.16166666666666665 1.0 0.769 -0.63 -0.63
0.0 0.0 0.0 0.0 0.0 1.0 0.0 0.0 2.0 0.0 0.0 3.0 0.0 4.0 0.0 0.0 0.0 0.0 0.0 0.0 0.0 0.0 0.0 0.0 0.0 0.5022105263157898 0.7916666666666666 0.943 0.098 0.5834999999999999 0.20833333333333334 -0.0 0.61 0.25222222222222235 0.84375 0.956 -0.96 -0.53 0.08074242424242421 0.6875 0.979 -0.96 0.098 0.12421621621621624 0.3854166666666667 0.948 -0.92 0.57 0.2760000000000001 0.8020833333333334 0.986 -0.96 -0.73
0.0 0.0 0.0 0.0 0.0 0.0 1.0 0.0 0.0 0.0 0.0 0.0 0.0 0.0 0.0 0.0 0.0 0.0 0.0 0.0 0.0 1.0 0.0 0.0 0.0 0.82025 1.0 0.931 0.746 0.0 0.0 -0.0 -0.0 0.739 1.0 0.898 0.0 0.723 0.08699999999999997 0.5 0.964 -0.79 0.964 0.0 0.0 0.0 0.0 0.0 0.8773333333333334 0.75 0.935 0.0 0.769
0.0 0.0 0.0 0.0 0.0 0.0 0.0 0.0 0.0 0.0 0.0 0.0 0.0 0.0 0.0 0.0 0.0 0.0 0.0 0.0 0.0 0.0 0.0 1.0 0.0 0.4673333333333334 0.6 0.831 0.831 0.79 0.4 -0.0 0.81 -0.009749999999999995 0.8 0.84 -0.95 0.84 0.36975 0.4 0.76 0.0 0.76 0.39057142857142857 0.7 0.948 -0.21 0.721 0.04870000000000001 1.0 0.928 -0.81 0.894
0.0 0.0 0.0 0.0 0.0 0.0 1.0 0.0 0.0 0.0 0.0 0.0 0.0 0.0 0.0 0.0 0.0 0.0 0.0 0.0 0.0 1.0 0.0 0.0 0.0 0.5586666666666666 1.0 0.815 0.746 0.0 0.0 -0.0 -0.0 0.49466666666666664 1.0 0.723 0.0 0.723 0.274 0.3333333333333333 0.274 0.0 0.274 -0.11 0.3333333333333333 0.0 -0.11 -0.11 0.6470000000000001 1.0 0.928 0.0 0.769
0.0 0.0 0.0 0.0 0.0 0.0 0.0 0.0 0.0 0.0 0.0 0.0 0.0 0.0 0.0 0.0 0.0 0.0 0.0 0.0 0.0 0.0 0.0 1.0 0.0 0.6577500000000001 1.0 0.854 0.823 0.0 0.0 -0.0 -0.0 0.6616666666666666 0.75 0.967 0.0 0.967 0.07466666666666666 0.75 0.795 -0.81 0.795 0.049 0.25 0.049 0.0 0.049 0.679 1.0 0.895 0.0 0.706
0.0 0.0 0.0 0.0 0.0 0.0 0.0 0.0 0.0 0.0 0.0 0.0 0.0 0.0 0.0 0.0 0.0 0.0 0.0 0.0 0.0 0.0 0.0 1.0 0.0 0.6713333333333332 0.8571428571428571 0.849 0.806 0.615 0.14285714285714285 -0.0 0.65 0.4233571428571428 1.0 0.935 -0.86 -0.86 -0.3027 0.7142857142857143 0.776 -0.8 0.715 0.37000000000000005 0.21428571428571427 0.609 -0.06 0.609 0.5055000000000001 0.8571428571428571 0.935 -0.62 -0.5
0.0 0.0 0.0 0.0 0.0 0.0 0.0 0.0 0.0 0.0 0.0 0.0 0.0 0.0 0.0 0.0 0.0 0.0 0.0 0.0 0.0 0.0 0.0 0.0 0.0 0.7305714285714285 1.0 0.935 0.806 0.0 0.0 -0.0 -0.0 0.747 1.0 0.956 -0.04 0.906 0.2944 0.7142857142857143 0.776 -0.87 0.715 0.0 0.0 0.0 0.0 0.0 0.7158333333333334 0.8571428571428571 0.928 0.0 0.796
0.0 0.0 0.0 0.0 0.0 0.0 0.0 0.0 0.0 0.0 0.0 1.0 0.0 0.0 0.0 0.0 0.0 0.0 0.0 0.0 0.0 0.0 0.0 1.0 0.0 0.8748000000000001 0.8333333333333334 0.935 0.793 0.81 0.16666666666666666 -0.0 0.81 0.5585 1.0 0.956 -0.95 0.818 0.321 0.5 0.984 -0.79 0.769 0.721 0.16666666666666666 0.721 0.0 0.721 0.5782 0.8333333333333334 0.959 -0.75 0.93
0.0 0.0 0.0 0.0 0.0 0.0 0.0 0.0 0.0 0.0 0.0 1.0 0.0 0.0 0.0 0.0 0.0 0.0 0.0 0.0 0.0 0.0 0.0 1.0 0.0 0.5796666666666667 1.0 0.867 0.811 0.0 0.0 -0.0 -0.0 0.40449999999999997 0.6666666666666666 0.849 -0.04 0.849 0.5646666666666667 1.0 0.794 0.0 0.79 0.0 0.0 0.0 0.0 0.0 0.6166666666666667 1.0 0.941 0.0 0.793
0.0 0.0 0.0 0.0 0.0 0.0 1.0 0.0 0.0 0.0 0.0 0.0 0.0 0.0 0.0 0.0 0.0 0.0 0.0 0.0 0.0 1.0 0.0 0.0 0.0 0.5413333333333334 0.9 0.935 0.806 0.58 0.1 -0.0 0.58 0.46129999999999993 1.0 0.956 -0.58 0.906 0.41283333333333333 0.6 0.776 0.0 0.715 0.13000000000000003 0.3 0.561 -0.22 -0.22 0.40455555555555556 0.9 0.914 -0.62 0.796
0.0 0.0 0.0 0.0 0.0 0.0 0.0 0.0 0.0 0.0 0.0 0.0 0.0 0.0 0.0 0.0 0.0 0.0 0.0 0.0 0.0 0.0 0.0 1.0 0.0 0.572 0.75 0.849 0.806 0.58 0.25 -0.0 0.58 0.30200000000000005 1.0 0.922 -0.58 0.906 0.5336666666666666 0.75 0.776 0.0 0.715 0.561 0.25 0.561 0.0 0.561 0.09733333333333334 0.75 0.796 -0.62 0.796
0.0 0.0 0.0 0.0 0.0 0.0 0.0 0.0 0.0 0.0 0.0 0.0 0.0 0.0 0.0 0.0 0.0 0.0 0.0 0.0 0.0 0.0 0.0 1.0 0.0 0.7541428571428572 1.0 0.939 0.873 0.0 0.0 -0.0 -0.0 0.7184285714285713 1.0 0.956 0.0 0.89 0.09859999999999998 0.7142857142857143 0.979 -0.79 0.855 0.049 0.14285714285714285 0.049 0.0 0.049 0.7798 0.7142857142857143 0.935 0.0 0.914
0.0 0.0 0.0 0.0 0.0 0.0 0.0 0.0 0.0 0.0 0.0 0.0 0.0 0.0 0.0 0.0 0.0 0.0 0.0 0.0 0.0 0.0 0.0 1.0 0.0 0.44175 1.0 0.849 0.806 0.0 0.0 -0.0 -0.0 0.442 1.0 0.922 -0.04 0.906 0.4485 1.0 0.776 0.0 0.715 0.013 0.25 0.013 0.0 0.013 0.3216666666666667 0.75 0.796 0.0 0.796
0.0 0.0 0.0 0.0 0.0 0.0 0.0 0.0 0.0 0.0 0.0 0.0 0.0 0.0 0.0 0.0 0.0 0.0 0.0 0.0 0.0 0.0 0.0 0.0 0.0 0.5716666666666667 0.75 0.849 0.844 0.615 0.25 -0.0 0.65 0.22062500000000002 1.0 0.922 -0.86 -0.86 0.005333333333333319 0.75 0.776 -0.95 -0.95 0.3566666666666667 0.375 0.609 -0.1 0.609 0.1565 0.75 0.935 -0.62 -0.5
0.0 0.0 0.0 0.0 1.0 0.0 0.0 0.0 0.0 0.0 0.0 0.0 0.0 0.0 0.0 0.0 0.0 0.0 0.0 0.0 0.0 0.0 0.0 0.0 1.0 0.6176666666666667 1.0 0.935 0.069 0.0 0.0 -0.0 -0.0 0.9390000000000001 0.6666666666666666 0.956 0.0 0.922 0.776 0.3333333333333333 0.776 0.0 0.776 0.0 0.0 0.0 0.0 0.0 0.49150000000000005 0.6666666666666666 0.914 0.0 0.069
0.0 0.0 0.0 0.0 0.0 0.0 1.0 0.0 0.0 0.0 0.0 0.0 0.0 0.0 0.0 0.0 0.0 0.0 0.0 0.0 0.0 1.0 0.0 0.0 0.0 0.8765000000000001 1.0 0.907 0.907 0.0 0.0 -0.0 -0.0 0.855 0.5 0.855 0.0 0.855 -0.75 0.5 0.0 -0.75 -0.75 0.0 0.0 0.0 0.0 0.0 0.9465 1.0 0.959 0.0 0.959
0.0 0.0 0.0 0.0 0.0 0.0 1.0 0.0 0.0 0.0 0.0 0.0 0.0 0.0 0.0 0.0 0.0 0.0 0.0 0.0 0.0 1.0 0.0 0.0 0.0 0.746 1.0 0.746 0.746 0.0 0.0 -0.0 -0.0 0.723 1.0 0.723 0.0 0.723 0.0 0.0 0.0 0.0 0.0 0.0 0.0 0.0 0.0 0.0 0.769 1.0 0.769 0.0 0.769
0.0 0.0 0.0 0.0 0.0 0.0 0.0 0.0 0.0 0.0 0.0 0.0 0.0 0.0 0.0 0.0 0.0 0.0 0.0 0.0 0.0 0.0 0.0 1.0 0.0 0.6455714285714286 0.5833333333333334 0.913 0.806 0.712 0.4166666666666667 -0.0 0.65 4.545454545455054E-4 0.9166666666666666 0.922 -0.86 -0.86 0.4714285714285714 0.5833333333333334 0.949 -0.79 0.715 0.24916666666666668 0.5 0.99 -0.72 0.609 0.052111111111111136 0.75 0.935 -0.87 -0.5
0.0 0.0 0.0 0.0 0.0 0.0 1.0 0.0 0.0 0.0 0.0 0.0 0.0 0.0 0.0 0.0 0.0 0.0 0.0 0.0 0.0 1.0 0.0 0.0 0.0 0.746 1.0 0.746 0.746 0.0 0.0 -0.0 -0.0 0.723 1.0 0.723 0.0 0.723 0.0 0.0 0.0 0.0 0.0 0.0 0.0 0.0 0.0 0.0 0.769 1.0 0.769 0.0 0.769
0.0 0.0 0.0 0.0 0.0 0.0 2.0 0.0 0.0 0.0 0.0 0.0 0.0 0.0 0.0 0.0 0.0 0.0 0.0 0.0 0.0 0.0 0.0 0.0 0.0 0.794 0.75 0.857 0.746 0.08 0.25 -0.0 0.08 0.578 1.0 0.905 -0.1 -0.1 0.7685 0.5 0.773 0.0 0.764 -0.05 0.25 0.0 -0.05 -0.05 0.8170000000000001 0.75 0.892 0.0 0.769
0.0 0.0 0.0 0.0 0.0 0.0 0.0 0.0 0.0 0.0 0.0 0.0 0.0 0.0 0.0 0.0 0.0 0.0 0.0 0.0 0.0 0.0 0.0 1.0 0.0 0.43474999999999997 0.8 0.829 0.098 0.7 0.2 -0.0 0.7 0.1956 1.0 0.928 -0.75 0.042 -0.252 0.8 0.338 -0.87 0.338 0.10800000000000003 0.6 0.614 -0.21 -0.21 0.24120000000000003 1.0 0.788 -0.74 0.232
0.0 0.0 0.0 0.0 0.0 0.0 0.0 0.0 0.0 0.0 0.0 0.0 0.0 0.0 0.0 0.0 0.0 0.0 0.0 0.0 0.0 0.0 0.0 1.0 0.0 0.572 1.0 0.849 0.806 0.0 0.0 -0.0 -0.0 0.596 1.0 0.922 -0.04 0.906 0.5336666666666666 1.0 0.776 0.0 0.715 0.0 0.0 0.0 0.0 0.0 0.456 0.6666666666666666 0.796 0.0 0.796
0.0 0.0 0.0 0.0 0.0 0.0 1.0 0.0 0.0 0.0 0.0 0.0 0.0 0.0 0.0 0.0 0.0 0.0 0.0 0.0 0.0 1.0 0.0 0.0 0.0 0.746 1.0 0.746 0.746 0.0 0.0 -0.0 -0.0 0.723 1.0 0.723 0.0 0.723 0.0 0.0 0.0 0.0 0.0 0.0 0.0 0.0 0.0 0.0 0.769 1.0 0.769 0.0 0.769
0.0 0.0 0.0 0.0 0.0 0.0 0.0 0.0 0.0 0.0 0.0 0.0 0.0 0.0 0.0 0.0 0.0 0.0 0.0 0.0 0.0 0.0 0.0 1.0 0.0 0.62625 0.6666666666666666 0.849 0.806 0.615 0.3333333333333333 -0.0 0.65 0.16350000000000003 1.0 0.922 -0.86 -0.86 0.20274999999999999 0.6666666666666666 0.776 -0.79 0.715 0.585 0.3333333333333333 0.609 0.0 0.609 0.14540000000000003 0.8333333333333334 0.935 -0.62 -0.5
0.0 0.0 0.0 0.0 0.0 0.0 0.0 0.0 0.0 0.0 0.0 0.0 0.0 0.0 0.0 0.0 0.0 0.0 0.0 0.0 0.0 0.0 0.0 1.0 0.0 0.572 0.75 0.849 0.806 0.58 0.25 -0.0 0.58 0.30200000000000005 1.0 0.922 -0.58 0.906 0.5336666666666666 0.75 0.776 0.0 0.715 0.561 0.25 0.561 0.0 0.561 0.09733333333333334 0.75 0.796 -0.62 0.796
0.0 0.0 0.0 0.0 0.0 0.0 1.0 0.0 0.0 0.0 0.0 0.0 0.0 0.0 0.0 0.0 0.0 0.0 0.0 0.0 0.0 1.0 0.0 0.0 0.0 0.401 0.6666666666666666 0.74 0.062 0.78 0.3333333333333333 -0.0 0.78 0.06466666666666666 1.0 0.994 -0.75 -0.05 -0.1915 0.6666666666666666 0.277 -0.66 0.277 0.37 0.6666666666666666 0.82 -0.08 -0.08 0.3365 0.6666666666666666 0.562 0.0 0.111
0.0 0.0 0.0 0.0 0.0 0.0 1.0 0.0 0.0 0.0 0.0 0.0 0.0 0.0 0.0 0.0 0.0 0.0 0.0 0.0 0.0 1.0 0.0 0.0 0.0 0.654 0.8 0.935 0.935 0.58 0.2 -0.0 0.58 0.3942 1.0 0.956 -0.58 -0.58 -0.3505 0.4 0.239 -0.94 -0.94 0.30500000000000005 0.4 0.561 0.0 0.561 0.4128 1.0 0.914 -0.62 -0.62
0.0 0.0 0.0 0.0 1.0 0.0 0.0 0.0 0.0 0.0 0.0 0.0 0.0 0.0 0.0 0.0 0.0 0.0 0.0 0.0 0.0 0.0 0.0 0.0 1.0 0.751 0.6666666666666666 0.789 0.713 0.81 0.3333333333333333 -0.0 0.81 0.1576666666666667 1.0 0.721 -0.95 -0.95 0.10399999999999998 0.6666666666666666 0.858 -0.65 -0.65 0.721 0.3333333333333333 0.721 0.0 0.721 0.019000000000000017 0.6666666666666666 0.788 -0.75 -0.75
0.0 0.0 0.0 0.0 0.0 0.0 0.0 0.0 0.0 0.0 0.0 0.0 0.0 0.0 0.0 0.0 0.0 0.0 0.0 0.0 0.0 0.0 0.0 1.0 0.0 0.529 0.7272727272727273 0.935 0.034 0.6266666666666667 0.2727272727272727 -0.0 0.79 0.1509 0.9090909090909091 0.956 -0.87 0.094 -0.32657142857142857 0.6363636363636364 0.203 -0.88 -0.03 0.15533333333333335 0.5454545454545454 0.883 -0.6 0.028 0.4121111111111111 0.8181818181818182 0.935 -0.86 -0.86
0.0 0.0 0.0 0.0 0.0 0.0 0.0 0.0 0.0 0.0 0.0 0.0 0.0 0.0 0.0 0.0 0.0 0.0 0.0 0.0 0.0 0.0 0.0 1.0 0.0 0.39357142857142857 0.7 0.849 0.806 0.6033333333333334 0.3 -0.0 0.65 0.03270000000000001 1.0 0.922 -0.86 -0.86 0.19628571428571426 0.7 0.776 -0.79 0.715 0.26516666666666666 0.6 0.609 -0.06 0.609 0.08655555555555557 0.9 0.935 -0.62 -0.5
0.0 0.0 0.0 0.0 0.0 0.0 0.0 0.0 0.0 0.0 0.0 0.0 0.0 0.0 0.0 0.0 0.0 0.0 0.0 0.0 0.0 0.0 0.0 1.0 0.0 0.8486666666666666 0.6 0.943 0.943 0.815 0.4 -0.0 0.74 0.014500000000000013 0.8 0.905 -0.83 0.723 0.858 0.4 0.943 0.0 0.943 0.87 0.2 0.87 0.0 0.87 -0.012249999999999983 0.8 0.892 -0.97 0.769
0.0 0.0 0.0 0.0 0.0 0.0 1.0 0.0 0.0 0.0 0.0 0.0 0.0 0.0 0.0 0.0 0.0 0.0 0.0 0.0 0.0 1.0 0.0 0.0 0.0 0.784 1.0 0.822 0.746 0.0 0.0 -0.0 -0.0 0.827 1.0 0.931 0.0 0.723 0.0 0.0 0.0 0.0 0.0 0.0 0.0 0.0 0.0 0.0 0.741 1.0 0.769 0.0 0.769
0.0 0.0 0.0 0.0 0.0 0.0 0.0 0.0 0.0 0.0 0.0 0.0 0.0 0.0 0.0 0.0 0.0 0.0 0.0 0.0 0.0 0.0 0.0 1.0 0.0 0.4746111111111111 0.6428571428571429 0.935 0.806 0.7150000000000001 0.35714285714285715 -0.0 0.65 0.013769230769230768 0.9285714285714286 0.956 -0.95 -0.86 0.03837500000000002 0.5714285714285714 0.776 -0.88 0.715 0.21586666666666668 0.5357142857142857 0.793 -0.74 0.609 0.14156000000000002 0.8928571428571429 0.935 -0.75 -0.5
0.0 0.0 0.0 0.0 0.0 0.0 0.0 0.0 0.0 0.0 0.0 0.0 0.0 0.0 0.0 0.0 0.0 0.0 0.0 0.0 0.0 0.0 0.0 1.0 0.0 0.37912500000000005 1.0 0.864 0.091 0.0 0.0 -0.0 -0.0 0.44871428571428573 0.875 0.878 -0.04 0.43 0.33549999999999996 0.75 0.713 0.0 0.225 -0.07300000000000001 0.5 0.049 -0.28 -0.09 0.41775 1.0 0.85 0.0 0.142
0.0 0.0 0.0 0.0 0.0 0.0 1.0 0.0 0.0 0.0 0.0 0.0 0.0 0.0 0.0 0.0 0.0 0.0 0.0 0.0 0.0 0.0 0.0 0.0 0.0 0.6275833333333333 0.9230769230769231 0.935 0.746 0.73 0.07692307692307693 -0.0 0.73 0.44654545454545447 0.8461538461538461 0.956 -0.74 -0.74 0.139125 0.6153846153846154 0.858 -1.0 0.794 -0.247 0.23076923076923078 0.049 -0.73 -0.73 0.6110000000000001 0.6923076923076923 0.941 0.0 0.769
0.0 0.0 0.0 0.0 0.0 0.0 0.0 0.0 0.0 0.0 0.0 1.0 0.0 0.0 0.0 0.0 0.0 0.0 0.0 0.0 0.0 0.0 0.0 1.0 0.0 0.46666666666666673 0.8571428571428571 0.913 0.132 0.81 0.14285714285714285 -0.0 0.81 0.11349999999999999 0.8571428571428571 0.702 -0.95 0.021 0.013833333333333317 0.8571428571428571 0.962 -0.79 0.167 0.2333333333333333 0.42857142857142855 0.721 -0.07 -0.07 0.359 1.0 0.935 -0.75 0.207
0.0 0.0 0.0 0.0 0.0 0.0 0.0 0.0 0.0 0.0 0.0 0.0 0.0 1.0 0.0 0.0 0.0 0.0 0.0 0.0 0.0 0.0 0.0 1.0 0.0 0.0 0.0 0.0 0.0 0.27 1.0 -0.0 0.27 -0.75 1.0 0.0 -0.75 -0.75 0.154 1.0 0.154 0.0 0.154 -0.64 1.0 0.0 -0.64 -0.64 0.142 1.0 0.142 0.0 0.142
0.0 0.0 0.0 0.0 0.0 0.0 0.0 0.0 0.0 0.0 0.0 0.0 0.0 0.0 0.0 0.0 0.0 0.0 0.0 0.0 0.0 0.0 0.0 1.0 0.0 0.48550000000000004 0.5 0.935 0.036 0.26 0.5 -0.0 0.48 0.0014999999999999823 1.0 0.956 -0.87 -0.04 -0.264 0.5 0.132 -0.66 0.132 0.47 0.5 0.98 -0.04 -0.04 0.05299999999999999 1.0 0.914 -0.76 0.108
0.0 0.0 0.0 0.0 0.0 0.0 0.0 0.0 1.0 1.0 0.0 0.0 0.0 0.0 0.0 0.0 0.0 0.0 0.0 1.0 0.0 0.0 0.0 0.0 0.0 0.27999999999999997 0.875 0.778 0.046 0.83 0.125 -0.0 0.83 0.14319999999999997 0.625 0.705 -0.71 -0.04 0.06266666666666666 0.75 0.387 -0.65 0.127 0.052000000000000005 0.625 0.83 -0.23 -0.12 0.21450000000000002 1.0 0.851 -0.96 0.223
0.0 0.0 0.0 0.0 0.0 0.0 1.0 0.0 1.0 0.0 0.0 0.0 0.0 0.0 0.0 0.0 0.0 0.0 0.0 0.0 0.0 1.0 0.0 0.0 0.0 0.5326 0.7142857142857143 0.939 0.067 0.815 0.2857142857142857 -0.0 0.7 0.3034 0.7142857142857143 0.899 -0.75 0.033 -0.02620000000000002 0.7142857142857143 0.979 -0.79 0.158 0.49700000000000005 0.42857142857142855 0.937 -0.06 -0.06 0.25320000000000004 0.7142857142857143 0.935 -0.74 0.145
0.0 0.0 0.0 0.0 0.0 0.0 0.0 0.0 0.0 0.0 0.0 0.0 0.0 0.0 0.0 0.0 0.0 0.0 0.0 0.0 0.0 0.0 0.0 1.0 0.0 0.0 0.0 0.0 0.0 0.87 1.0 -0.0 0.87 -0.84 1.0 0.0 -0.84 -0.84 0.0 0.0 0.0 0.0 0.0 -0.96 1.0 0.0 -0.96 -0.96 -0.82 1.0 0.0 -0.82 -0.82
0.0 0.0 0.0 0.0 1.0 0.0 0.0 0.0 0.0 0.0 0.0 0.0 0.0 0.0 0.0 0.0 0.0 0.0 0.0 0.0 0.0 0.0 0.0 0.0 1.0 0.7869999999999999 0.5 0.861 0.713 0.035 0.5 -0.0 0.03 0.5073333333333333 0.75 0.86 -0.04 0.702 -0.51 0.75 0.0 -0.79 -0.09 0.107 0.25 0.107 0.0 0.107 0.392 1.0 0.93 -0.1 -0.1
0.0 0.0 0.0 0.0 0.0 0.0 0.0 0.0 0.0 0.0 0.0 0.0 0.0 0.0 0.0 0.0 0.0 0.0 0.0 0.0 0.0 0.0 0.0 1.0 0.0 0.0 0.0 0.0 0.0 0.87 1.0 -0.0 0.87 -0.84 1.0 0.0 -0.84 -0.84 0.0 0.0 0.0 0.0 0.0 -0.96 1.0 0.0 -0.96 -0.96 -0.82 1.0 0.0 -0.82 -0.82
0.0 0.0 0.0 0.0 1.0 1.0 0.0 0.0 1.0 0.0 0.0 1.0 0.0 1.0 0.0 0.0 0.0 0.0 0.0 0.0 0.0 0.0 1.0 0.0 0.0 0.7847 0.5882352941176471 0.953 0.786 0.5814285714285715 0.4117647058823529 -0.0 0.88 0.22685714285714284 0.8235294117647058 0.956 -0.98 -0.98 -0.22777777777777775 0.5294117647058824 0.988 -0.94 -0.94 0.5947142857142856 0.4117647058823529 0.99 -0.26 0.869 0.03384615384615386 0.7647058823529411 0.935 -0.88 -0.8
0.0 0.0 0.0 0.0 0.0 0.0 0.0 0.0 0.0 0.0 0.0 0.0 0.0 0.0 0.0 0.0 0.0 0.0 0.0 0.0 0.0 0.0 0.0 1.0 0.0 0.719 0.3333333333333333 0.719 0.719 0.865 0.6666666666666666 -0.0 0.8 -0.08100000000000002 0.6666666666666666 0.728 -0.89 -0.89 0.713 0.3333333333333333 0.713 0.0 0.713 0.82 0.6666666666666666 0.949 0.0 0.691 -0.34500000000000003 1.0 0.715 -0.92 -0.83
0.0 0.0 0.0 0.0 1.0 0.0 0.0 0.0 0.0 0.0 0.0 0.0 0.0 0.0 0.0 0.0 0.0 0.0 0.0 0.0 0.0 0.0 0.0 1.0 0.0 0.935 0.2 0.935 0.935 0.8025 0.8 -0.0 0.76 -0.2585 0.8 0.956 -0.72 -0.72 0.0 0.0 0.0 0.0 0.0 0.8374999999999999 0.8 0.964 0.0 0.752 -0.48319999999999996 1.0 0.914 -0.98 -0.81
0.0 0.0 0.0 0.0 0.0 0.0 1.0 0.0 0.0 0.0 0.0 0.0 0.0 0.0 0.0 0.0 0.0 0.0 0.0 0.0 0.0 1.0 0.0 0.0 0.0 0.056 1.0 0.056 0.056 0.0 0.0 -0.0 -0.0 0.0 0.0 0.0 0.0 0.0 0.1 1.0 0.1 0.0 0.1 0.083 1.0 0.083 0.0 0.083 0.152 1.0 0.152 0.0 0.152
0.0 0.0 0.0 0.0 0.0 0.0 0.0 0.0 0.0 0.0 0.0 0.0 0.0 1.0 0.0 0.0 0.0 0.0 0.0 0.0 0.0 0.0 0.0 1.0 0.0 0.7171428571428571 0.875 0.935 0.846 0.07 0.125 -0.0 0.07 0.5053333333333333 0.75 0.956 -0.07 -0.07 -0.3818333333333333 0.75 0.864 -0.94 -0.94 -0.13 0.125 0.0 -0.13 -0.13 0.7348333333333333 0.75 0.935 0.0 0.744
0.0 0.0 0.0 0.0 0.0 0.0 0.0 0.0 1.0 0.0 0.0 0.0 0.0 1.0 0.0 0.0 0.0 0.0 0.0 0.0 0.0 0.0 0.0 1.0 0.0 0.5114 0.7692307692307693 0.846 0.102 0.86 0.23076923076923078 -0.0 0.99 0.2671 0.7692307692307693 0.939 -0.74 0.047 -0.06170000000000002 0.7692307692307693 0.715 -0.94 0.178 -0.07600000000000003 0.38461538461538464 0.97 -0.92 -0.09 0.3068181818181818 0.8461538461538461 0.935 -0.99 -0.99
0.0 0.0 0.0 0.0 0.0 0.0 0.0 0.0 0.0 0.0 0.0 0.0 0.0 0.0 0.0 0.0 0.0 0.0 0.0 0.0 0.0 0.0 0.0 1.0 0.0 0.943 0.5 0.943 0.943 0.97 0.5 -0.0 0.97 0.0 0.0 0.0 0.0 0.0 0.943 0.5 0.943 0.0 0.943 0.964 0.5 0.964 0.0 0.964 -0.98 0.5 0.0 -0.98 -0.98
0.0 0.0 0.0 0.0 0.0 0.0 0.0 0.0 0.0 0.0 0.0 0.0 0.0 0.0 0.0 0.0 0.0 0.0 0.0 0.0 0.0 0.0 0.0 1.0 0.0 0.46224999999999994 0.6666666666666666 0.939 0.053 0.5449999999999999 0.3333333333333333 -0.0 0.82 -0.004833333333333332 1.0 0.899 -0.93 -0.04 0.4122 0.8333333333333334 0.979 -0.05 0.141 -0.22899999999999998 0.5 0.043 -0.64 -0.09 -0.041 0.6666666666666666 0.21 -0.72 0.21
0.0 0.0 0.0 0.0 0.0 0.0 0.0 0.0 0.0 0.0 0.0 0.0 0.0 0.0 0.0 0.0 0.0 0.0 0.0 0.0 0.0 0.0 0.0 1.0 0.0 0.7705 0.5 0.789 0.789 0.455 0.5 -0.0 0.87 -0.09233333333333334 0.75 0.633 -0.87 -0.87 -0.79 0.25 0.0 -0.79 -0.79 0.0 0.0 0.0 0.0 0.0 0.19425 1.0 0.935 -0.86 -0.86
0.0 0.0 0.0 0.0 0.0 2.0 0.0 0.0 0.0 0.0 0.0 1.0 0.0 0.0 0.0 0.0 0.0 0.0 0.0 0.0 0.0 0.0 1.0 0.0 0.0 0.49644000000000005 0.8064516129032258 0.964 0.104 0.5983333333333334 0.1935483870967742 -0.0 0.93 0.18891999999999995 0.8064516129032258 0.956 -0.91 -0.87 -0.1282727272727273 0.7096774193548387 0.902 -0.87 0.237 0.0722 0.3225806451612903 0.598 -0.72 -0.11 0.33982142857142866 0.9032258064516129 0.964 -1.0 -1.0
0.0 0.0 0.0 0.0 0.0 1.0 0.0 0.0 1.0 0.0 0.0 0.0 0.0 1.0 0.0 0.0 0.0 0.0 0.0 0.0 0.0 0.0 1.0 0.0 0.0 0.534 1.0 0.846 0.784 0.0 0.0 -0.0 -0.0 0.529 0.6 0.784 0.0 0.784 0.06525 0.8 0.858 -0.94 0.191 -0.09 0.2 0.0 -0.09 -0.09 0.389 0.6 0.744 0.0 0.198
0.0 0.0 0.0 0.0 0.0 0.0 0.0 0.0 0.0 0.0 0.0 0.0 0.0 0.0 0.0 0.0 0.0 0.0 0.0 0.0 0.0 0.0 0.0 1.0 0.0 0.5949166666666666 0.8571428571428571 0.943 0.943 0.835 0.14285714285714285 -0.0 0.99 0.4290999999999999 0.7142857142857143 0.974 -0.75 0.974 0.13018181818181818 0.7857142857142857 0.943 -0.88 0.943 0.11633333333333333 0.21428571428571427 0.589 -0.15 -0.15 0.3534166666666667 0.8571428571428571 0.935 -0.99 0.828
0.0 0.0 0.0 0.0 1.0 0.0 0.0 0.0 0.0 0.0 0.0 0.0 0.0 0.0 0.0 0.0 0.0 0.0 1.0 0.0 0.0 0.0 0.0 0.0 1.0 0.0 0.0 0.0 0.0 0.04 1.0 -0.0 0.04 -0.04 1.0 0.0 -0.04 -0.04 0.0 0.0 0.0 0.0 0.0 0.0 0.0 0.0 0.0 0.0 -0.05 1.0 0.0 -0.05 -0.05
0.0 0.0 0.0 0.0 0.0 0.0 0.0 0.0 0.0 0.0 0.0 0.0 0.0 0.0 0.0 0.0 0.0 0.0 0.0 0.0 0.0 0.0 0.0 1.0 0.0 0.0 0.0 0.0 0.0 0.27 1.0 -0.0 0.27 -0.75 1.0 0.0 -0.75 -0.75 0.154 1.0 0.154 0.0 0.154 -0.64 1.0 0.0 -0.64 -0.64 0.142 1.0 0.142 0.0 0.142
0.0 0.0 0.0 0.0 0.0 0.0 0.0 0.0 0.0 0.0 0.0 0.0 0.0 0.0 0.0 0.0 0.0 0.0 0.0 0.0 0.0 0.0 0.0 1.0 0.0 0.6103333333333333 1.0 0.935 0.862 0.0 0.0 -0.0 -0.0 0.6486666666666667 1.0 0.956 0.0 0.926 0.374 0.6666666666666666 0.798 -0.05 0.798 0.02 0.3333333333333333 0.02 0.0 0.02 0.914 0.3333333333333333 0.914 0.0 0.914
0.0 0.0 0.0 0.0 0.0 0.0 0.0 0.0 0.0 0.0 0.0 0.0 0.0 0.0 0.0 0.0 0.0 0.0 0.0 0.0 0.0 0.0 0.0 1.0 0.0 0.6855714285714285 1.0 0.968 0.071 0.0 0.0 -0.0 -0.0 0.7743333333333333 0.8571428571428571 0.983 0.0 0.983 0.37114285714285716 1.0 0.986 -0.88 0.148 -0.016500000000000004 0.2857142857142857 0.037 -0.07 -0.07 0.345 0.42857142857142855 0.695 0.0 0.136
0.0 0.0 0.0 0.0 0.0 0.0 0.0 0.0 0.0 0.0 0.0 0.0 0.0 0.0 0.0 0.0 0.0 0.0 0.0 0.0 0.0 0.0 0.0 1.0 0.0 0.5386 0.8333333333333334 0.887 0.037 0.57 0.16666666666666666 -0.0 0.57 0.3475 1.0 0.988 -0.52 -0.52 0.24360000000000004 0.8333333333333334 0.858 -0.7 0.082 0.524 0.16666666666666666 0.524 0.0 0.524 0.12425000000000003 0.6666666666666666 0.912 -0.69 -0.69
0.0 0.0 0.0 0.0 0.0 0.0 0.0 0.0 0.0 0.0 0.0 0.0 0.0 0.0 0.0 0.0 0.0 0.0 0.0 0.0 0.0 0.0 0.0 1.0 0.0 0.3606 1.0 0.823 0.157 0.0 0.0 -0.0 -0.0 0.3176 1.0 0.854 -0.03 0.082 -0.15139999999999998 1.0 0.247 -0.7 0.191 -0.13 0.4 0.0 -0.19 -0.19 0.4518 1.0 0.912 0.0 0.198
0.0 0.0 0.0 0.0 0.0 0.0 1.0 0.0 0.0 0.0 0.0 0.0 0.0 0.0 0.0 0.0 0.0 0.0 0.0 0.0 0.0 1.0 0.0 0.0 0.0 0.0 0.0 0.0 0.0 0.04 1.0 -0.0 0.04 -0.04 1.0 0.0 -0.04 -0.04 0.0 0.0 0.0 0.0 0.0 0.0 0.0 0.0 0.0 0.0 -0.05 1.0 0.0 -0.05 -0.05
0.0 0.0 0.0 0.0 0.0 0.0 0.0 0.0 0.0 0.0 0.0 0.0 0.0 0.0 0.0 0.0 0.0 0.0 0.0 0.0 0.0 0.0 0.0 1.0 0.0 0.0 0.0 0.0 0.0 0.8 1.0 -0.0 0.8 -0.89 1.0 0.0 -0.89 -0.89 0.0 0.0 0.0 0.0 0.0 0.691 1.0 0.691 0.0 0.691 -0.83 1.0 0.0 -0.83 -0.83
0.0 0.0 0.0 0.0 0.0 0.0 1.0 0.0 0.0 0.0 0.0 0.0 0.0 0.0 0.0 0.0 0.0 0.0 0.0 0.0 0.0 1.0 0.0 0.0 0.0 0.5715 0.5 0.935 0.935 0.22499999999999998 0.5 -0.0 0.15 0.0027500000000000024 1.0 0.956 -0.87 -0.37 0.20866666666666667 0.75 0.239 0.0 0.184 -0.297 0.75 0.049 -0.6 -0.34 0.315 1.0 0.914 -0.06 -0.06
0.0 0.0 0.0 0.0 0.0 0.0 0.0 0.0 0.0 0.0 0.0 0.0 0.0 0.0 0.0 0.0 0.0 0.0 0.0 0.0 0.0 0.0 0.0 1.0 0.0 0.0 0.0 0.0 0.0 0.3 1.0 -0.0 0.3 -0.87 1.0 0.0 -0.87 -0.87 0.203 1.0 0.203 0.0 0.203 -0.6 1.0 0.0 -0.6 -0.6 0.06 1.0 0.06 0.0 0.06
0.0 0.0 0.0 0.0 0.0 0.0 0.0 0.0 0.0 0.0 0.0 0.0 0.0 0.0 0.0 0.0 0.0 0.0 0.0 0.0 0.0 0.0 0.0 1.0 0.0 0.0 0.0 0.0 0.0 0.5466666666666666 1.0 -0.0 0.3 -0.7233333333333333 1.0 0.0 -0.87 -0.87 0.203 0.3333333333333333 0.203 0.0 0.203 0.23766666666666672 1.0 0.752 -0.6 -0.6 -0.4566666666666667 1.0 0.06 -0.81 0.06
0.0 0.0 0.0 0.0 0.0 0.0 0.0 0.0 1.0 0.0 0.0 0.0 0.0 0.0 0.0 0.0 0.0 0.0 0.0 0.0 0.0 0.0 0.0 1.0 0.0 0.5479999999999999 0.9 0.97 0.258 0.04 0.1 -0.0 0.04 0.557625 0.8 0.971 -0.03 0.277 0.2109 1.0 0.991 -0.79 0.161 -0.02066666666666667 0.3 0.079 -0.17 -0.17 0.37528571428571433 0.7 0.935 -0.09 0.337
0.0 0.0 0.0 0.0 0.0 0.0 0.0 0.0 0.0 0.0 0.0 0.0 0.0 1.0 0.0 0.0 0.0 0.0 0.0 0.0 0.0 0.0 0.0 1.0 0.0 0.40549999999999997 0.3333333333333333 0.719 0.092 0.4025 0.6666666666666666 -0.0 0.3 -0.24766666666666662 1.0 0.728 -0.87 -0.87 0.3476666666666666 0.5 0.713 0.0 0.203 0.08620000000000003 0.8333333333333334 0.561 -0.6 -0.6 -0.060000000000000005 1.0 0.715 -0.62 0.06
0.0 0.0 0.0 0.0 0.0 0.0 1.0 0.0 0.0 0.0 0.0 0.0 0.0 0.0 0.0 0.0 0.0 0.0 0.0 0.0 0.0 1.0 0.0 0.0 0.0 0.846 0.3333333333333333 0.846 0.846 0.595 0.6666666666666666 -0.0 0.89 -0.9099999999999999 0.6666666666666666 0.0 -0.95 -0.95 -0.36849999999999994 0.6666666666666666 0.203 -0.94 -0.94 0.0665 0.6666666666666666 0.733 -0.6 0.733 -0.058666666666666645 1.0 0.744 -0.98 0.744
0.0 0.0 0.0 0.0 0.0 0.0 0.0 0.0 0.0 0.0 0.0 2.0 0.0 0.0 0.0 0.0 0.0 0.0 0.0 0.0 0.0 0.0 0.0 1.0 0.0 0.10266666666666667 0.6 0.157 0.157 0.735 0.4 -0.0 0.71 -0.29560000000000003 1.0 0.082 -0.78 -0.71 0.171 0.6 0.212 0.0 0.191 0.711 0.2 0.711 0.0 0.711 -0.08075 0.8 0.198 -0.73 0.198
0.0 0.0 0.0 0.0 0.0 0.0 0.0 0.0 1.0 0.0 0.0 0.0 0.0 2.0 0.0 0.0 0.0 0.0 0.0 0.0 0.0 0.0 0.0 1.0 0.0 0.6464285714285715 0.8235294117647058 0.943 0.07 0.5666666666666667 0.17647058823529413 -0.0 0.8 0.4068333333333333 0.7058823529411765 0.956 -0.87 0.041 0.05581818181818183 0.6470588235294118 0.943 -0.94 0.098 -0.09725 0.23529411764705882 0.511 -0.6 -0.17 0.3897692307692307 0.7647058823529411 0.914 -0.8 0.914
0.0 0.0 0.0 0.0 0.0 0.0 0.0 0.0 0.0 0.0 0.0 0.0 0.0 0.0 0.0 0.0 0.0 0.0 0.0 0.0 0.0 0.0 0.0 1.0 0.0 0.38766666666666666 0.75 0.935 0.02 0.3 0.25 -0.0 0.3 0.10275000000000001 1.0 0.956 -0.87 0.03 0.144 0.75 0.239 -0.01 -0.01 -0.17599999999999996 0.75 0.049 -0.6 0.023 0.34325 1.0 0.914 0.0 0.053
0.0 0.0 0.0 0.0 0.0 0.0 0.0 0.0 0.0 0.0 0.0 0.0 0.0 1.0 0.0 0.0 0.0 0.0 0.0 0.0 0.0 0.0 0.0 1.0 0.0 0.6158999999999999 0.9090909090909091 0.935 0.02 0.3 0.09090909090909091 -0.0 0.3 0.4724000000000001 0.9090909090909091 0.956 -0.87 0.03 -0.07155555555555555 0.8181818181818182 0.837 -0.94 -0.01 -0.11724999999999998 0.36363636363636365 0.059 -0.6 0.023 0.5227999999999999 0.9090909090909091 0.914 0.0 0.053
0.0 0.0 0.0 0.0 0.0 0.0 0.0 0.0 0.0 0.0 0.0 0.0 0.0 0.0 0.0 0.0 0.0 0.0 0.0 0.0 0.0 0.0 0.0 1.0 0.0 0.827 0.75 0.943 0.705 0.77 0.25 -0.0 0.77 0.30533333333333335 0.75 0.92 -0.81 0.806 -0.19900000000000004 0.75 0.943 -0.88 -0.66 0.0 0.0 0.0 0.0 0.0 0.20099999999999998 0.75 0.695 -0.74 0.648
0.0 0.0 0.0 0.0 0.0 0.0 0.0 0.0 0.0 0.0 0.0 3.0 0.0 0.0 0.0 0.0 0.0 0.0 0.0 0.0 0.0 0.0 0.0 0.0 0.0 0.055999999999999994 0.6666666666666666 0.073 0.073 0.3 0.3333333333333333 -0.0 0.3 -0.87 0.3333333333333333 0.0 -0.87 -0.87 0.12033333333333335 1.0 0.203 0.0 0.077 -0.2925 0.6666666666666666 0.015 -0.6 0.015 0.06 1.0 0.068 0.0 0.068
0.0 0.0 0.0 0.0 0.0 0.0 0.0 0.0 0.0 0.0 0.0 3.0 0.0 1.0 0.0 0.0 0.0 0.0 0.0 0.0 0.0 0.0 0.0 1.0 0.0 0.5430588235294117 0.7727272727272727 0.935 0.8 0.534 0.22727272727272727 -0.0 0.03 0.19264705882352942 0.7727272727272727 0.956 -0.95 0.825 0.021437500000000005 0.7272727272727273 0.873 -0.88 0.775 0.1035 0.45454545454545453 0.883 -0.6 -0.06 0.3678947368421054 0.8636363636363636 0.935 -0.98 -0.06
0.0 0.0 0.0 0.0 0.0 0.0 0.0 0.0 0.0 0.0 0.0 0.0 0.0 1.0 0.0 0.0 0.0 0.0 0.0 0.0 0.0 0.0 0.0 1.0 0.0 0.36739999999999995 1.0 0.846 0.067 0.0 0.0 -0.0 -0.0 0.33099999999999996 0.4 0.702 -0.04 -0.04 -0.20659999999999998 1.0 0.352 -0.94 0.136 -0.23 0.2 0.0 -0.23 -0.23 0.486 0.8 0.788 0.0 0.105
0.0 0.0 0.0 0.0 0.0 0.0 0.0 0.0 0.0 0.0 0.0 1.0 0.0 0.0 0.0 0.0 0.0 0.0 0.0 0.0 0.0 0.0 0.0 1.0 0.0 0.815 0.5 0.815 0.815 0.3 0.5 -0.0 0.3 -0.08400000000000002 1.0 0.702 -0.87 0.702 0.203 0.5 0.203 0.0 0.203 -0.6 0.5 0.0 -0.6 -0.6 0.494 1.0 0.928 0.0 0.928
0.0 0.0 0.0 0.0 0.0 1.0 0.0 0.0 1.0 0.0 0.0 0.0 0.0 1.0 0.0 0.0 0.0 0.0 0.0 0.0 0.0 0.0 0.0 1.0 0.0 0.42812000000000006 0.8064516129032258 0.935 0.875 0.7433333333333333 0.1935483870967742 -0.0 0.77 0.152125 0.7741935483870968 0.963 -0.95 0.75 -0.09895238095238094 0.6774193548387096 0.858 -0.94 -0.88 -0.22500000000000003 0.41935483870967744 0.733 -0.82 0.013 0.3126428571428573 0.9032258064516129 0.989 -0.98 0.989
0.0 0.0 0.0 0.0 0.0 0.0 0.0 0.0 0.0 0.0 0.0 0.0 0.0 1.0 0.0 0.0 0.0 0.0 0.0 0.0 0.0 0.0 0.0 1.0 0.0 0.744375 0.5333333333333333 0.939 0.881 0.2842857142857143 0.4666666666666667 -0.0 0.03 0.10608333333333331 0.8 0.956 -0.99 -0.06 0.164375 0.5333333333333333 0.979 -0.65 -0.02 0.014833333333333329 0.4 0.827 -0.64 -0.07 0.33991666666666664 0.8 0.96 -0.73 -0.04
0.0 0.0 0.0 0.0 0.0 0.0 0.0 0.0 0.0 0.0 0.0 2.0 0.0 1.0 0.0 0.0 0.0 0.0 0.0 0.0 0.0 0.0 0.0 1.0 0.0 0.512 0.75 0.935 0.334 0.45999999999999996 0.25 -0.0 0.1 0.09779999999999997 0.625 0.956 -0.93 0.633 -0.32480000000000003 0.625 0.336 -0.94 -0.33 6.666666666666673E-4 0.375 0.083 -0.11 0.083 0.30942857142857144 0.875 0.935 -0.72 0.935
0.0 0.0 0.0 0.0 0.0 0.0 0.0 0.0 0.0 0.0 0.0 0.0 0.0 0.0 0.0 0.0 0.0 0.0 0.0 0.0 0.0 0.0 0.0 1.0 0.0 0.5364 0.7692307692307693 0.922 0.091 0.5333333333333333 0.23076923076923078 -0.0 0.05 0.18709090909090909 0.8461538461538461 0.86 -0.82 -0.08 0.03244444444444442 0.6923076923076923 0.96 -0.79 0.152 0.17071428571428565 0.5384615384615384 0.99 -0.14 0.01 0.27981818181818185 0.8461538461538461 0.935 -0.87 -0.06
0.0 0.0 0.0 0.0 0.0 0.0 0.0 0.0 0.0 0.0 0.0 0.0 0.0 1.0 0.0 0.0 0.0 0.0 0.0 0.0 0.0 0.0 0.0 1.0 0.0 0.527 0.8 0.846 0.208 0.89 0.2 -0.0 0.89 -0.09666666666666666 0.6 0.295 -0.88 0.295 -0.35050000000000003 0.8 0.239 -0.94 0.239 0.35833333333333334 0.6 0.977 0.0 0.049 0.274 1.0 0.744 -0.81 0.346
0.0 0.0 0.0 0.0 0.0 0.0 0.0 0.0 0.0 0.0 0.0 0.0 0.0 0.0 0.0 0.0 0.0 0.0 0.0 0.0 0.0 0.0 0.0 1.0 0.0 0.8155999999999999 0.625 0.943 0.831 0.5833333333333334 0.375 -0.0 0.66 0.08342857142857142 0.875 0.812 -0.87 0.788 0.2838333333333333 0.75 0.984 -0.65 0.873 0.24866666666666667 0.375 0.761 -0.6 0.585 0.164 0.75 0.838 -0.86 0.788
0.0 0.0 0.0 0.0 0.0 0.0 0.0 0.0 0.0 0.0 0.0 0.0 0.0 0.0 0.0 0.0 0.0 0.0 0.0 0.0 0.0 0.0 0.0 1.0 0.0 0.48383333333333334 0.8571428571428571 0.943 0.943 0.3 0.14285714285714285 -0.0 0.3 0.01699999999999998 0.5714285714285714 0.956 -0.87 -0.1 0.38533333333333336 0.8571428571428571 0.943 0.0 0.943 -0.2533333333333333 0.42857142857142855 0.0 -0.6 -0.1 0.38866666666666666 0.8571428571428571 0.914 0.0 0.17
0.0 0.0 0.0 0.0 1.0 0.0 0.0 0.0 0.0 0.0 0.0 0.0 0.0 0.0 0.0 0.0 0.0 0.0 1.0 0.0 0.0 0.0 0.0 0.0 1.0 0.0 0.0 0.0 0.0 0.3 1.0 -0.0 0.3 -0.87 1.0 0.0 -0.87 -0.87 0.203 1.0 0.203 0.0 0.203 -0.6 1.0 0.0 -0.6 -0.6 0.06 1.0 0.06 0.0 0.06
0.0 0.0 0.0 0.0 0.0 0.0 0.0 0.0 0.0 0.0 0.0 0.0 0.0 1.0 0.0 0.0 0.0 0.0 0.0 0.0 0.0 0.0 0.0 1.0 0.0 0.6105714285714284 0.7777777777777778 0.878 0.034 0.5 0.2222222222222222 -0.0 0.7 0.2567142857142858 0.7777777777777778 0.92 -0.87 0.094 -0.5082500000000001 0.8888888888888888 0.203 -1.0 -0.03 0.033333333333333354 0.3333333333333333 0.672 -0.6 0.028 0.41933333333333334 0.6666666666666666 0.935 -0.83 -0.83
0.0 0.0 0.0 0.0 0.0 0.0 1.0 0.0 0.0 0.0 0.0 2.0 0.0 1.0 0.0 0.0 0.0 0.0 0.0 0.0 0.0 1.0 0.0 0.0 0.0 0.4767692307692307 0.7222222222222222 0.943 0.716 0.45199999999999996 0.2777777777777778 -0.0 0.82 0.07687499999999997 0.8888888888888888 0.956 -0.87 0.694 0.04186666666666664 0.8333333333333334 0.943 -0.79 -0.56 -0.0816 0.5555555555555556 0.816 -0.6 -0.2 0.2449375 0.8888888888888888 0.935 -0.85 0.888
0.0 0.0 0.0 0.0 0.0 0.0 0.0 0.0 0.0 0.0 0.0 0.0 0.0 1.0 0.0 0.0 0.0 0.0 0.0 0.0 0.0 0.0 0.0 1.0 0.0 0.3735 0.5 0.713 0.034 0.43999999999999995 0.5 -0.0 0.58 -0.212 1.0 0.702 -0.87 -0.58 -0.09200000000000001 0.75 0.203 -0.65 0.171 -0.0463333333333333 0.75 0.561 -0.6 0.561 0.0995 1.0 0.788 -0.62 -0.62
0.0 0.0 0.0 0.0 0.0 0.0 0.0 0.0 0.0 0.0 0.0 0.0 0.0 1.0 0.0 0.0 0.0 0.0 0.0 0.0 0.0 0.0 0.0 1.0 0.0 0.458 0.8571428571428571 0.935 0.069 0.3 0.14285714285714285 -0.0 0.3 0.233 1.0 0.956 -0.87 0.051 -0.126 0.5714285714285714 0.203 -0.99 0.092 -0.16833333333333333 0.42857142857142855 0.081 -0.6 0.014 0.4305714285714286 1.0 0.914 0.0 0.148
0.0 0.0 0.0 0.0 0.0 0.0 0.0 0.0 0.0 0.0 0.0 0.0 0.0 0.0 0.0 0.0 0.0 0.0 0.0 0.0 0.0 0.0 0.0 0.0 0.0 0.5691111111111111 0.6 0.867 0.789 0.46666666666666673 0.4 -0.0 0.08 0.18957142857142859 0.9333333333333333 0.982 -0.82 0.721 0.058272727272727275 0.7333333333333333 0.888 -0.79 0.858 0.235 0.4 0.99 -0.16 0.023 0.022666666666666696 0.8 0.935 -0.87 0.138
0.0 0.0 0.0 0.0 0.0 0.0 0.0 0.0 0.0 0.0 0.0 0.0 0.0 0.0 0.0 0.0 0.0 0.0 0.0 0.0 0.0 0.0 0.0 1.0 0.0 0.5306000000000001 1.0 0.935 0.055 0.0 0.0 -0.0 -0.0 0.48260000000000003 1.0 0.956 0.0 0.028 0.089 0.8 0.837 -0.79 0.138 -0.10500000000000001 0.4 0.0 -0.11 -0.11 0.55675 0.8 0.935 0.0 0.166
0.0 0.0 0.0 0.0 0.0 0.0 0.0 0.0 0.0 0.0 0.0 0.0 0.0 0.0 0.0 0.0 0.0 0.0 0.0 0.0 0.0 0.0 0.0 1.0 0.0 0.5715 0.5 0.935 0.935 0.5599999999999999 0.5 -0.0 0.82 -0.08975 1.0 0.956 -0.87 -0.74 0.221 0.5 0.239 0.0 0.239 0.10833333333333335 0.75 0.876 -0.6 0.876 0.11500000000000002 1.0 0.914 -0.86 -0.86
0.0 0.0 0.0 0.0 0.0 0.0 0.0 0.0 0.0 0.0 0.0 0.0 0.0 0.0 0.0 0.0 0.0 0.0 0.0 0.0 0.0 0.0 0.0 1.0 0.0 0.0 0.0 0.0 0.0 0.3 1.0 -0.0 0.3 -0.87 1.0 0.0 -0.87 -0.87 0.203 1.0 0.203 0.0 0.203 -0.6 1.0 0.0 -0.6 -0.6 0.06 1.0 0.06 0.0 0.06
0.0 0.0 0.0 0.0 0.0 0.0 0.0 0.0 1.0 0.0 0.0 0.0 0.0 1.0 0.0 0.0 0.0 0.0 0.0 0.0 0.0 0.0 0.0 1.0 0.0 0.6347142857142857 0.875 0.935 0.125 0.785 0.125 -0.0 0.79 0.4226153846153846 0.8125 0.982 -0.77 0.819 -0.295375 0.5 0.239 -0.94 0.211 0.27599999999999997 0.3125 0.82 -0.13 -0.12 0.5783333333333333 0.9375 0.978 -0.86 0.286
0.0 0.0 0.0 0.0 0.0 0.0 0.0 0.0 0.0 0.0 0.0 0.0 0.0 1.0 0.0 0.0 0.0 0.0 0.0 0.0 0.0 0.0 0.0 1.0 0.0 0.8109999999999999 0.8333333333333334 0.861 0.846 0.95 0.16666666666666666 -0.0 0.95 0.7316666666666666 0.5 0.86 0.0 0.633 -0.8219999999999998 0.8333333333333334 0.0 -0.94 -0.94 -0.97 0.16666666666666666 0.0 -0.97 -0.97 0.5351666666666667 1.0 0.935 -0.93 -0.93
0.0 0.0 0.0 0.0 0.0 0.0 0.0 0.0 1.0 0.0 0.0 0.0 0.0 0.0 0.0 0.0 0.0 0.0 0.0 0.0 0.0 0.0 0.0 1.0 0.0 0.6815384615384615 0.8125 0.943 0.943 0.65 0.1875 -0.0 0.28 0.39966666666666667 0.75 0.991 -0.97 -0.42 0.12799999999999997 0.75 0.974 -0.88 0.943 -0.254 0.25 0.014 -0.74 -0.21 0.2806363636363636 0.6875 0.935 -0.86 -0.2
0.0 0.0 0.0 0.0 1.0 0.0 0.0 0.0 0.0 0.0 0.0 0.0 0.0 0.0 0.0 0.0 0.0 0.0 0.0 0.0 0.0 0.0 0.0 0.0 0.0 0.0 0.0 0.0 0.0 0.3 1.0 -0.0 0.3 -0.87 1.0 0.0 -0.87 -0.87 0.203 1.0 0.203 0.0 0.203 -0.6 1.0 0.0 -0.6 -0.6 0.06 1.0 0.06 0.0 0.06
