0.0 0.0 0.0 0.0 2.0 0.0 0.0 0.0 0.0 0.0 0.0 1.0 0.0 0.0 0.0 0.0 0.0 0.0 0.0 0.0 0.0 0.0 0.0 1.0 0.0 0.507842105263158 0.76 0.935 0.262 0.6966666666666668 0.24 -0.0 0.86 0.17327272727272722 0.88 0.956 -0.99 -0.96 0.10758823529411764 0.68 0.99 -0.88 0.657 -0.009076923076923085 0.52 0.893 -0.93 0.893 0.26580952380952383 0.84 0.969 -0.94 -0.73
0.0 0.0 0.0 0.0 0.0 0.0 3.0 0.0 1.0 0.0 0.0 0.0 0.0 2.0 0.0 0.0 0.0 0.0 0.0 0.0 0.0 1.0 0.0 0.0 0.0 0.48149350649350653 0.8651685393258427 0.943 0.036 0.45250000000000007 0.1348314606741573 -0.0 0.04 0.38082608695652154 0.7752808988764045 0.988 -0.99 -0.07 0.05568749999999998 0.7191011235955056 0.979 -0.94 0.109 0.05288235294117648 0.38202247191011235 0.828 -0.2 0.012 0.38916901408450694 0.797752808988764 0.935 -0.74 0.158
0.0 1.0 0.0 0.0 0.0 0.0 0.0 0.0 0.0 0.0 1.0 0.0 0.0 0.0 0.0 0.0 0.0 0.0 0.0 0.0 1.0 0.0 0.0 0.0 0.0 0.0 0.0 0.0 0.0 0.84 1.0 -0.0 0.84 -0.99 1.0 0.0 -0.99 -0.99 0.0 0.0 0.0 0.0 0.0 0.705 1.0 0.705 0.0 0.705 0.0 0.0 0.0 0.0 0.0
0.0 0.0 0.0 0.0 0.0 0.0 0.0 0.0 1.0 0.0 0.0 1.0 0.0 0.0 0.0 0.0 0.0 0.0 0.0 0.0 0.0 0.0 0.0 0.0 0.0 0.5308888888888891 0.782608695652174 0.935 0.093 0.4640000000000001 0.21739130434782608 -0.0 0.71 0.3925294117647059 0.7391304347826086 0.956 -0.61 0.1 0.21413333333333331 0.6521739130434783 0.902 -0.79 0.085 0.2976666666666667 0.2608695652173913 0.856 -0.08 -0.08 0.247 0.7391304347826086 0.969 -0.82 0.093
0.0 0.0 0.0 0.0 1.0 1.0 0.0 0.0 4.0 0.0 0.0 1.0 0.0 2.0 0.0 0.0 0.0 0.0 0.0 0.0 0.0 0.0 0.0 0.0 1.0 0.46069999999999994 0.9090909090909091 0.97 0.113 0.785 0.09090909090909091 -0.0 0.81 0.27056250000000004 0.7272727272727273 0.949 -0.78 0.061 -7.500000000000163E-4 0.7272727272727273 0.991 -0.79 0.128 0.08249999999999999 0.2727272727272727 0.816 -0.13 -0.08 0.3658 0.9090909090909091 0.99 -0.85 0.151
0.0 0.0 0.0 0.0 0.0 0.0 0.0 0.0 0.0 0.0 0.0 1.0 0.0 1.0 0.0 0.0 0.0 0.0 0.0 0.0 0.0 0.0 0.0 1.0 0.0 0.39885714285714297 0.8235294117647058 0.935 0.935 0.39666666666666667 0.17647058823529413 -0.0 0.82 0.2543846153846153 0.7647058823529411 0.956 -0.87 0.956 -0.1027272727272727 0.6470588235294118 0.203 -0.79 0.08 -0.1142 0.29411764705882354 0.069 -0.6 0.014 0.33818749999999986 0.9411764705882353 0.935 -0.82 -0.82
0.0 1.0 0.0 0.0 0.0 1.0 0.0 0.0 0.0 0.0 1.0 3.0 0.0 0.0 0.0 0.0 0.0 0.0 0.0 0.0 1.0 0.0 0.0 0.0 0.0 0.7886000000000001 0.5555555555555556 0.886 0.886 0.615 0.4444444444444444 -0.0 0.76 0.036999999999999936 0.8888888888888888 0.731 -0.99 -0.61 0.15724999999999997 0.4444444444444444 0.99 -0.65 0.99 0.4693333333333333 0.3333333333333333 0.856 -0.12 0.856 0.18511111111111112 1.0 0.96 -0.82 -0.82
0.0 0.0 0.0 0.0 1.0 1.0 0.0 0.0 0.0 0.0 0.0 1.0 0.0 0.0 0.0 0.0 0.0 0.0 0.0 0.0 0.0 0.0 0.0 1.0 0.0 0.7655 0.5714285714285714 0.936 0.789 0.37833333333333335 0.42857142857142855 -0.0 0.27 0.07287500000000001 0.5714285714285714 0.967 -0.89 -0.82 0.37699999999999995 0.7142857142857143 0.986 -0.79 0.226 -0.1682857142857143 0.5 0.672 -0.77 -0.46 0.2601538461538462 0.9285714285714286 0.935 -0.92 -0.05
0.0 0.0 1.0 0.0 0.0 0.0 2.0 0.0 0.0 0.0 0.0 0.0 0.0 2.0 0.0 0.0 0.0 0.0 0.0 0.0 0.0 0.0 0.0 1.0 0.0 0.47450000000000003 0.6666666666666666 0.9 0.9 0.14 0.3333333333333333 -0.0 0.14 0.19133333333333336 1.0 0.99 -0.44 0.99 -0.2845 0.6666666666666666 0.311 -0.88 -0.88 0.049 0.3333333333333333 0.049 0.0 0.049 0.17166666666666663 1.0 0.831 -0.39 0.831
0.0 1.0 0.0 0.0 0.0 0.0 0.0 0.0 0.0 0.0 1.0 3.0 0.0 0.0 0.0 0.0 0.0 0.0 0.0 0.0 1.0 0.0 0.0 0.0 0.0 0.5584 0.9090909090909091 0.939 0.258 0.9 0.09090909090909091 -0.0 0.9 0.40588888888888897 0.8181818181818182 0.92 -0.96 0.277 0.043599999999999986 0.9090909090909091 0.979 -0.89 0.161 -0.294 0.2727272727272727 0.049 -0.96 -0.96 0.4260999999999999 0.9090909090909091 0.944 -0.78 0.337
0.0 0.0 0.0 0.0 0.0 0.0 1.0 0.0 0.0 0.0 0.0 0.0 0.0 0.0 0.0 0.0 0.0 0.0 0.0 0.0 0.0 0.0 0.0 0.0 0.0 0.18062499999999998 0.6666666666666666 0.836 0.053 0.6925000000000001 0.3333333333333333 -0.0 0.76 -0.1753333333333334 0.75 0.743 -0.93 -0.04 0.25825 0.6666666666666666 0.929 -0.06 0.141 -0.17570000000000002 0.8333333333333334 0.82 -0.93 -0.09 -0.036333333333333315 0.75 0.346 -0.94 0.21
0.0 0.0 0.0 0.0 0.0 0.0 1.0 0.0 0.0 0.0 0.0 0.0 0.0 1.0 0.0 0.0 0.0 0.0 0.0 0.0 0.0 1.0 0.0 0.0 0.0 0.8640000000000001 0.8 0.935 0.886 0.96 0.2 -0.0 0.96 0.20966666666666667 0.6 0.956 -0.96 -0.96 -0.24666666666666667 0.6 0.99 -0.94 0.99 0.0 0.0 0.0 0.0 0.0 0.84375 0.8 0.935 0.0 0.782
0.0 1.0 0.0 0.0 0.0 0.0 0.0 0.0 0.0 0.0 1.0 0.0 0.0 2.0 0.0 0.0 0.0 0.0 0.0 0.0 1.0 0.0 0.0 0.0 0.0 0.6248333333333334 0.75 0.963 0.935 0.88 0.25 -0.0 0.91 0.009799999999999965 0.625 0.956 -0.91 -0.91 0.50575 0.5 0.858 0.0 0.811 -0.445 0.25 0.0 -0.8 -0.8 0.3578333333333334 0.75 0.963 -0.96 0.914
0.0 0.0 0.0 0.0 0.0 0.0 0.0 0.0 0.0 0.0 0.0 0.0 0.0 0.0 0.0 0.0 0.0 0.0 0.0 0.0 0.0 0.0 0.0 0.0 0.0 0.0 0.0 0.0 0.0 0.845 1.0 -0.0 0.91 -0.8300000000000001 1.0 0.0 -0.91 -0.91 0.0 0.0 0.0 0.0 0.0 0.82 0.5 0.82 0.0 0.82 0.0 0.0 0.0 0.0 0.0
0.0 0.0 0.0 0.0 0.0 0.0 0.0 0.0 0.0 0.0 0.0 3.0 0.0 0.0 0.0 0.0 0.0 0.0 0.0 0.0 0.0 0.0 0.0 1.0 0.0 0.4020434782608696 0.7931034482758621 0.939 0.053 0.8183333333333334 0.20689655172413793 -0.0 0.92 0.2811666666666667 0.6206896551724138 0.956 -0.76 -0.76 0.23295 0.6896551724137931 0.979 -0.79 0.141 -0.07515384615384617 0.4482758620689655 0.828 -0.91 -0.9 0.1800952380952381 0.7241379310344828 0.935 -0.93 -0.93
0.0 1.0 0.0 0.0 1.0 0.0 2.0 0.0 0.0 0.0 1.0 2.0 0.0 0.0 0.0 0.0 0.0 0.0 0.0 0.0 0.0 1.0 0.0 0.0 0.0 0.49849999999999994 0.8571428571428571 0.935 0.821 0.91 0.14285714285714285 -0.0 0.91 0.24516666666666664 0.8571428571428571 0.956 -0.91 0.956 0.4917999999999999 0.7142857142857143 0.82 0.0 0.82 -0.13 0.42857142857142855 0.0 -0.23 -0.23 0.49539999999999995 0.7142857142857143 0.914 0.0 0.822
0.0 0.0 0.0 0.0 0.0 0.0 0.0 0.0 0.0 0.0 0.0 1.0 0.0 0.0 0.0 0.0 0.0 0.0 0.0 0.0 0.0 0.0 0.0 1.0 0.0 0.45200000000000007 0.8181818181818182 0.939 0.748 0.845 0.18181818181818182 -0.0 0.91 0.13355555555555554 0.8181818181818182 0.956 -0.91 0.777 0.2395 0.7272727272727273 0.99 -0.85 -0.85 0.17475000000000002 0.36363636363636365 0.82 -0.09 0.049 0.432875 0.7272727272727273 0.914 0.0 0.615
0.0 1.0 0.0 0.0 0.0 0.0 0.0 0.0 0.0 0.0 6.0 0.0 0.0 0.0 0.0 0.0 0.0 0.0 0.0 0.0 1.0 0.0 0.0 0.0 0.0 0.0 0.0 0.0 0.0 0.0 0.0 -0.0 -0.0 0.0 0.0 0.0 0.0 0.0 0.0 0.0 0.0 0.0 0.0 0.0 0.0 0.0 0.0 0.0 0.0 0.0 0.0 0.0 0.0
0.0 0.0 0.0 0.0 2.0 1.0 0.0 0.0 0.0 0.0 0.0 0.0 0.0 0.0 0.0 0.0 0.0 0.0 0.0 0.0 0.0 0.0 0.0 0.0 1.0 0.4746666666666667 0.6875 0.935 0.091 0.6226666666666667 0.3125 -0.0 0.03 0.15300000000000002 0.8541666666666666 0.956 -0.78 -0.02 -0.09003030303030303 0.6875 0.747 -0.79 0.152 0.24078260869565216 0.4791666666666667 0.856 -0.74 -0.08 0.18704761904761907 0.875 0.935 -0.85 0.208
0.0 0.0 0.0 0.0 1.0 0.0 0.0 0.0 0.0 0.0 0.0 0.0 0.0 0.0 0.0 0.0 0.0 0.0 0.0 0.0 0.0 0.0 0.0 0.0 0.0 0.67825 0.6666666666666666 0.919 0.061 0.88 0.3333333333333333 -0.0 0.9 0.13833333333333334 1.0 0.963 -0.96 -0.96 0.23225 0.6666666666666666 0.866 -0.84 0.11 -0.87 0.3333333333333333 0.0 -0.96 -0.96 0.09433333333333331 0.5 0.947 -0.78 -0.78
0.0 0.0 0.0 0.0 0.0 1.0 1.0 0.0 1.0 0.0 0.0 0.0 0.0 4.0 0.0 0.0 0.0 0.0 0.0 0.0 0.0 1.0 0.0 0.0 0.0 0.6065714285714288 0.7777777777777778 0.939 0.939 0.6783333333333333 0.2222222222222222 -0.0 0.81 0.24094999999999994 0.7407407407407407 0.956 -0.81 -0.81 -0.1479375 0.5925925925925926 0.979 -0.94 0.979 0.13714285714285712 0.25925925925925924 0.816 -0.17 0.585 0.36245454545454553 0.8148148148148148 0.935 -0.88 -0.88
0.0 0.0 0.0 0.0 0.0 0.0 1.0 0.0 0.0 0.0 0.0 0.0 0.0 1.0 0.0 0.0 0.0 0.0 0.0 0.0 0.0 0.0 0.0 1.0 0.0 0.5088750000000001 0.6153846153846154 0.935 0.208 0.566 0.38461538461538464 -0.0 0.82 0.03229999999999999 0.7692307692307693 0.956 -0.89 0.295 0.1815 0.6153846153846154 0.707 -0.94 0.239 0.148375 0.6153846153846154 0.717 -0.44 0.049 0.02783333333333335 0.9230769230769231 0.914 -0.97 -0.82
0.0 0.0 0.0 0.0 0.0 0.0 1.0 0.0 0.0 1.0 0.0 0.0 0.0 0.0 0.0 0.0 0.0 0.0 0.0 1.0 0.0 0.0 0.0 0.0 0.0 0.6105714285714285 0.7 0.939 0.033 0.68 0.3 -0.0 0.77 0.22319999999999998 1.0 0.92 -0.99 -0.98 0.14250000000000002 0.8 0.979 -0.88 0.082 0.275 0.4 0.662 0.0 0.383 -0.15583333333333335 0.6 0.695 -0.93 -0.93
0.0 0.0 0.0 0.0 0.0 0.0 1.0 0.0 0.0 0.0 0.0 0.0 0.0 0.0 0.0 0.0 0.0 0.0 0.0 0.0 0.0 1.0 0.0 0.0 0.0 0.6834999999999999 0.7142857142857143 0.952 0.952 0.6475 0.2857142857142857 -0.0 0.9 0.2303076923076923 0.9285714285714286 0.95 -0.96 0.95 -0.053818181818181855 0.7857142857142857 0.953 -0.88 0.953 -0.2158 0.35714285714285715 0.585 -0.96 -0.96 0.24963636363636368 0.7857142857142857 0.935 -0.78 -0.78
0.0 0.0 0.0 0.0 1.0 0.0 1.0 0.0 0.0 0.0 0.0 1.0 0.0 0.0 0.0 0.0 0.0 0.0 0.0 0.0 0.0 0.0 0.0 1.0 0.0 0.5673999999999999 0.5 0.935 0.849 0.706 0.5 -0.0 0.21 0.2861666666666667 0.6 0.985 -0.78 0.985 -0.12799999999999997 0.4 0.191 -0.7 -0.08 0.09899999999999998 0.2 0.948 -0.75 0.948 -0.08650000000000001 1.0 0.914 -0.92 0.713
0.0 1.0 0.0 0.0 0.0 0.0 0.0 0.0 0.0 0.0 1.0 0.0 0.0 0.0 0.0 0.0 0.0 0.0 0.0 0.0 1.0 0.0 0.0 0.0 0.0 0.5846666666666666 0.75 0.833 0.208 0.93 0.25 -0.0 0.93 0.0223333333333333 0.75 0.702 -0.93 0.295 0.17300000000000001 0.75 0.93 -0.65 0.239 -0.4405 0.5 0.049 -0.93 0.049 0.23225 1.0 0.788 -0.94 0.346
0.0 0.0 0.0 0.0 0.0 0.0 1.0 0.0 0.0 0.0 0.0 0.0 0.0 0.0 0.0 0.0 0.0 0.0 0.0 0.0 0.0 1.0 0.0 0.0 0.0 0.16 0.2 0.16 0.16 0.755 0.8 -0.0 0.48 -0.81 0.8 0.0 -0.87 -0.87 -0.17200000000000001 0.4 0.316 -0.66 0.316 0.376 1.0 0.99 -0.8 -0.12 -0.57475 0.8 0.291 -0.96 0.291
0.0 0.0 0.0 0.0 0.0 0.0 0.0 0.0 0.0 0.0 0.0 0.0 0.0 0.0 0.0 0.0 0.0 0.0 0.0 0.0 0.0 0.0 0.0 1.0 0.0 0.0 0.0 0.0 0.0 0.93 1.0 -0.0 0.93 -0.93 1.0 0.0 -0.93 -0.93 0.0 0.0 0.0 0.0 0.0 -0.93 1.0 0.0 -0.93 -0.93 -0.94 1.0 0.0 -0.94 -0.94
0.0 0.0 0.0 0.0 0.0 0.0 1.0 0.0 0.0 0.0 0.0 4.0 0.0 0.0 0.0 0.0 0.0 0.0 0.0 0.0 0.0 0.0 0.0 1.0 0.0 0.564 0.6428571428571429 0.978 0.262 0.508 0.35714285714285715 -0.0 0.88 0.2468095238095238 0.75 0.956 -0.98 0.43 -0.04105555555555555 0.6428571428571429 0.977 -0.99 0.657 -0.019750000000000007 0.42857142857142855 0.869 -0.8 -0.28 0.1940833333333333 0.8571428571428571 0.978 -0.94 0.244
0.0 0.0 0.0 0.0 1.0 0.0 0.0 0.0 2.0 0.0 0.0 0.0 0.0 1.0 0.0 0.0 0.0 0.0 0.0 0.0 0.0 0.0 0.0 1.0 0.0 0.4747105263157895 0.8444444444444444 0.939 0.091 0.6642857142857144 0.15555555555555556 -0.0 0.73 0.32878787878787874 0.7333333333333333 0.956 -1.0 0.541 -0.054799999999999995 0.7777777777777778 0.979 -0.94 0.152 -0.002529411764705883 0.37777777777777777 0.831 -0.93 -0.08 0.2961052631578948 0.8444444444444444 0.935 -0.98 0.208
0.0 0.0 0.0 0.0 0.0 1.0 1.0 0.0 0.0 0.0 0.0 2.0 0.0 0.0 0.0 0.0 0.0 0.0 0.0 0.0 0.0 1.0 0.0 0.0 0.0 0.4688947368421054 0.8636363636363636 0.935 0.766 0.6433333333333334 0.13636363636363635 -0.0 0.34 0.2609047619047619 0.9545454545454546 0.956 -0.77 0.7 -0.01976470588235295 0.7727272727272727 0.986 -0.79 -0.64 0.766 0.13636363636363635 0.82 0.0 0.662 0.38683333333333336 0.8181818181818182 0.953 -0.85 0.953
0.0 0.0 0.0 0.0 0.0 0.0 0.0 0.0 0.0 0.0 0.0 6.0 0.0 0.0 0.0 0.0 0.0 0.0 0.0 0.0 0.0 0.0 0.0 1.0 0.0 0.43682608695652186 0.8518518518518519 0.964 0.066 0.5925 0.14814814814814814 -0.0 0.77 0.2781904761904762 0.7777777777777778 0.956 -0.84 0.027 0.11074999999999997 0.7407407407407407 0.993 -0.94 0.104 0.00850000000000001 0.37037037037037035 0.856 -0.75 0.026 0.23590909090909087 0.8148148148148148 0.964 -0.82 0.129
0.0 0.0 0.0 0.0 2.0 0.0 0.0 0.0 1.0 0.0 0.0 0.0 0.0 1.0 0.0 0.0 0.0 0.0 0.0 0.0 0.0 0.0 0.0 0.0 1.0 0.6217368421052633 0.7916666666666666 0.935 0.776 0.812 0.20833333333333334 -0.0 0.73 0.37424999999999997 0.8333333333333334 0.956 -0.78 0.827 0.14239999999999997 0.625 0.96 -0.94 0.726 -0.09300000000000003 0.3333333333333333 0.83 -0.86 -0.74 0.25955 0.8333333333333334 0.969 -0.99 -0.72
0.0 0.0 0.0 0.0 0.0 0.0 0.0 0.0 3.0 0.0 0.0 0.0 0.0 0.0 0.0 0.0 0.0 0.0 0.0 0.0 0.0 0.0 0.0 1.0 0.0 0.6286571428571429 0.813953488372093 0.966 0.786 0.61125 0.18604651162790697 -0.0 0.76 0.3914210526315789 0.8837209302325582 0.966 -0.99 0.849 0.2866666666666666 0.627906976744186 0.979 -0.94 0.723 0.16666666666666663 0.3488372093023256 0.948 -0.14 0.856 0.3333714285714285 0.813953488372093 0.935 -0.82 0.724
0.0 0.0 0.0 0.0 0.0 1.0 0.0 0.0 0.0 0.0 0.0 2.0 0.0 1.0 0.0 0.0 0.0 0.0 0.0 0.0 0.0 0.0 1.0 0.0 0.0 0.5442857142857143 0.75 0.935 0.17 0.5285714285714286 0.25 -0.0 0.95 0.2340434782608696 0.8214285714285714 0.956 -0.91 0.702 -0.15822222222222218 0.6428571428571429 0.998 -0.98 0.313 -0.09075000000000001 0.42857142857142855 0.856 -0.98 -0.2 0.34991666666666665 0.8571428571428571 0.959 -0.82 0.403
0.0 0.0 1.0 0.0 0.0 0.0 2.0 0.0 0.0 0.0 0.0 2.0 0.0 0.0 0.0 0.0 0.0 0.0 0.0 0.0 0.0 0.0 0.0 0.0 0.0 0.439 0.5 0.778 0.778 0.475 0.5 -0.0 0.12 -0.082 0.75 0.614 -0.71 0.614 -0.3645 0.5 0.221 -0.95 -0.95 0.19999999999999998 0.75 0.83 -0.12 -0.11 -0.02250000000000002 1.0 0.768 -0.96 0.768
0.0 0.0 0.0 0.0 0.0 1.0 0.0 0.0 2.0 0.0 0.0 3.0 0.0 1.0 0.0 0.0 0.0 0.0 0.0 0.0 0.0 0.0 0.0 0.0 0.0 0.5314285714285715 0.875 0.964 0.093 0.83 0.125 -0.0 0.83 0.14 0.75 0.705 -0.71 0.065 -0.2626 0.625 0.191 -0.94 0.113 0.83 0.125 0.83 0.0 0.83 0.3665 1.0 0.964 -0.96 0.1
0.0 0.0 0.0 0.0 0.0 0.0 0.0 0.0 0.0 0.0 0.0 1.0 0.0 0.0 0.0 0.0 0.0 0.0 0.0 0.0 0.0 0.0 0.0 1.0 0.0 0.4236 0.7142857142857143 0.935 0.084 0.46499999999999997 0.2857142857142857 -0.0 0.86 0.09857142857142856 1.0 0.956 -0.99 0.228 0.16749999999999998 0.5714285714285714 0.191 0.0 0.123 -0.38000000000000006 0.42857142857142855 0.0 -0.73 -0.09 0.4822 0.7142857142857143 0.914 0.0 0.914
0.0 0.0 0.0 0.0 0.0 0.0 0.0 0.0 1.0 0.0 0.0 1.0 0.0 2.0 0.0 0.0 0.0 0.0 0.0 0.0 0.0 0.0 0.0 1.0 0.0 0.4930754716981131 0.803030303030303 0.996 0.996 0.616923076923077 0.19696969696969696 -0.0 0.7 0.20919298245614035 0.8636363636363636 0.996 -0.97 0.996 0.15372727272727274 0.6666666666666666 0.979 -0.94 0.745 -0.004448275862068989 0.4393939393939394 0.816 -0.81 0.31 0.2272075471698114 0.803030303030303 0.935 -0.95 0.701
0.0 0.0 0.0 0.0 0.0 0.0 0.0 0.0 0.0 0.0 0.0 0.0 0.0 1.0 0.0 0.0 0.0 0.0 0.0 0.0 0.0 0.0 0.0 1.0 0.0 0.5408333333333334 0.8 0.935 0.16 0.84 0.2 -0.0 0.9 0.30464285714285716 0.9333333333333333 0.956 -0.96 0.137 0.05366666666666667 0.4 0.344 -0.79 0.344 -0.07742857142857142 0.4666666666666667 0.948 -0.96 -0.21 0.3247999999999999 1.0 0.935 -0.81 0.369
0.0 0.0 0.0 0.0 0.0 0.0 0.0 0.0 0.0 0.0 0.0 0.0 0.0 1.0 0.0 0.0 0.0 0.0 0.0 0.0 0.0 0.0 0.0 1.0 0.0 0.4796842105263158 0.8260869565217391 0.935 0.784 0.6875 0.17391304347826086 -0.0 0.93 0.24461111111111114 0.782608695652174 0.956 -0.99 -0.96 0.06894736842105263 0.8260869565217391 0.986 -0.9 -0.9 0.06499999999999999 0.391304347826087 0.948 -0.73 0.88 0.29542105263157903 0.8260869565217391 0.935 -0.94 -0.94
0.0 0.0 0.0 0.0 0.0 0.0 1.0 0.0 1.0 0.0 0.0 0.0 0.0 1.0 0.0 0.0 0.0 0.0 0.0 0.0 0.0 1.0 0.0 0.0 0.0 0.5526000000000001 0.7894736842105263 0.952 0.101 0.78 0.21052631578947367 -0.0 0.66 0.17562499999999998 0.8421052631578947 0.956 -0.93 0.034 -0.11707692307692306 0.6842105263157895 0.953 -0.94 0.137 0.05416666666666665 0.3157894736842105 0.585 -0.93 0.008 0.30712500000000004 0.8421052631578947 0.959 -0.94 0.242
0.0 0.0 1.0 0.0 0.0 0.0 2.0 0.0 1.0 0.0 0.0 0.0 0.0 0.0 0.0 0.0 0.0 0.0 0.0 0.0 0.0 1.0 0.0 0.0 0.0 0.939 0.25 0.939 0.939 0.27666666666666667 0.75 -0.0 0.65 -0.12775 1.0 0.899 -0.93 -0.93 0.645 0.5 0.979 0.0 0.979 0.07250000000000001 0.5 0.096 0.0 0.096 -0.45333333333333337 0.75 0.0 -0.92 -0.92
0.0 0.0 0.0 0.0 0.0 0.0 0.0 0.0 2.0 0.0 0.0 1.0 0.0 6.0 0.0 0.0 0.0 0.0 0.0 0.0 0.0 0.0 0.0 1.0 0.0 0.4187826086956523 0.8214285714285714 0.935 0.693 0.6559999999999999 0.17857142857142858 -0.0 0.1 0.1329302325581395 0.7678571428571429 0.995 -0.98 0.691 0.1611111111111111 0.6428571428571429 0.892 -0.94 -0.5 0.15991304347826088 0.4107142857142857 0.83 -0.32 -0.32 0.19937499999999997 0.8571428571428571 0.924 -0.96 0.882
0.0 0.0 0.0 0.0 0.0 0.0 0.0 0.0 0.0 0.0 0.0 0.0 0.0 1.0 0.0 0.0 0.0 0.0 0.0 0.0 0.0 0.0 0.0 1.0 0.0 0.5569166666666666 0.9230769230769231 0.939 0.811 0.8 0.07692307692307693 -0.0 0.8 0.5094444444444445 0.6923076923076923 0.899 0.0 0.722 0.030857142857142854 0.5384615384615384 0.979 -0.76 -0.76 -0.20550000000000002 0.3076923076923077 0.049 -0.79 -0.79 0.49199999999999994 0.9230769230769231 0.96 -0.8 0.946
0.0 0.0 0.0 0.0 0.0 0.0 1.0 0.0 1.0 0.0 0.0 0.0 0.0 1.0 0.0 0.0 0.0 0.0 0.0 0.0 0.0 1.0 0.0 0.0 0.0 0.5205555555555557 0.75 0.935 0.097 0.61 0.25 -0.0 0.35 0.17209090909090904 0.9166666666666666 0.956 -0.75 0.102 0.24855555555555553 0.75 0.812 -1.0 0.142 0.23399999999999999 0.5833333333333334 0.82 -0.17 -0.08 0.196875 0.6666666666666666 0.989 -0.74 0.224
0.0 0.0 0.0 0.0 0.0 0.0 0.0 0.0 0.0 0.0 0.0 0.0 0.0 0.0 0.0 0.0 0.0 0.0 0.0 0.0 0.0 0.0 0.0 1.0 0.0 0.7345555555555556 0.6428571428571429 0.953 0.953 0.8299999999999998 0.35714285714285715 -0.0 0.93 0.2550833333333334 0.8571428571428571 0.956 -0.97 0.918 0.32087499999999997 0.5714285714285714 0.988 -0.79 0.988 0.11733333333333325 0.42857142857142855 0.948 -0.97 -0.97 0.112 0.5714285714285714 0.935 -0.84 -0.84
0.0 0.0 0.0 0.0 0.0 0.0 0.0 0.0 0.0 0.0 0.0 0.0 0.0 1.0 0.0 0.0 0.0 0.0 0.0 0.0 0.0 0.0 0.0 1.0 0.0 0.28275 0.5 0.857 0.115 0.8275000000000001 0.5 -0.0 0.87 -0.12680000000000002 0.625 0.825 -0.8 0.059 0.35000000000000003 0.5 0.888 0.0 0.274 0.1432 0.625 0.936 -0.8 0.83 -0.4778333333333333 0.75 0.249 -0.96 -0.91
0.0 0.0 0.0 0.0 0.0 0.0 0.0 0.0 1.0 0.0 0.0 0.0 0.0 1.0 0.0 0.0 0.0 0.0 0.0 0.0 0.0 0.0 0.0 1.0 0.0 0.6268571428571429 0.875 0.939 0.939 0.7 0.125 -0.0 0.93 0.5881 0.625 0.967 -0.15 0.912 0.11583333333333334 0.75 0.99 -0.94 0.795 0.3176 0.3125 0.937 -0.06 -0.06 0.5120714285714285 0.875 0.966 -0.65 0.966
0.0 0.0 0.0 0.0 0.0 0.0 1.0 0.0 0.0 0.0 0.0 1.0 0.0 1.0 0.0 0.0 0.0 0.0 0.0 0.0 0.0 0.0 0.0 1.0 0.0 0.846 0.3333333333333333 0.846 0.846 0.8200000000000001 0.6666666666666666 -0.0 0.71 -0.815 0.6666666666666666 0.0 -0.93 -0.7 -0.94 0.3333333333333333 0.0 -0.94 -0.94 -0.825 0.6666666666666666 0.0 -0.93 -0.72 -0.09799999999999998 0.6666666666666666 0.744 -0.94 0.744
0.0 0.0 0.0 0.0 0.0 0.0 1.0 0.0 2.0 0.0 0.0 3.0 0.0 2.0 0.0 0.0 0.0 0.0 0.0 0.0 0.0 0.0 0.0 0.0 0.0 0.5534347826086956 0.7419354838709677 0.949 0.766 0.5974999999999999 0.25806451612903225 -0.0 0.35 0.3538333333333333 0.7741935483870968 0.956 -0.77 -0.13 0.0020952380952380992 0.6774193548387096 0.988 -0.94 0.071 0.2442857142857143 0.45161290322580644 0.948 -0.84 0.694 0.20469230769230767 0.8387096774193549 0.935 -0.85 -0.67
0.0 0.0 0.0 0.0 0.0 0.0 0.0 0.0 1.0 0.0 0.0 2.0 0.0 1.0 0.0 0.0 0.0 0.0 0.0 0.0 0.0 0.0 0.0 1.0 0.0 0.6470689655172415 0.7631578947368421 0.943 0.713 0.4577777777777779 0.23684210526315788 -0.0 0.82 0.3851562500000001 0.8421052631578947 0.99 -0.78 -0.78 -0.04204166666666665 0.631578947368421 0.979 -0.88 -0.65 0.29476923076923073 0.34210526315789475 0.856 -0.11 0.828 0.43428125 0.8421052631578947 0.996 -0.82 -0.63
0.0 0.0 1.0 0.0 0.0 0.0 3.0 0.0 0.0 0.0 0.0 0.0 0.0 0.0 0.0 0.0 0.0 0.0 0.0 0.0 0.0 1.0 0.0 0.0 0.0 0.32330000000000003 0.6666666666666666 0.846 0.178 0.48 0.3333333333333333 -0.0 0.03 -0.038909090909090914 0.7333333333333333 0.964 -0.96 0.229 0.16899999999999996 0.8 0.841 -0.65 0.127 -0.002624999999999999 0.5333333333333333 0.752 -0.96 -0.11 -0.03172727272727274 0.7333333333333333 0.788 -0.81 0.11
0.0 0.0 0.0 0.0 0.0 0.0 0.0 0.0 0.0 0.0 0.0 0.0 0.0 0.0 0.0 0.0 0.0 0.0 0.0 0.0 0.0 0.0 0.0 1.0 0.0 0.5784444444444445 0.6428571428571429 0.939 0.789 0.6839999999999999 0.35714285714285715 -0.0 0.66 0.06061538461538462 0.9285714285714286 0.956 -0.95 -0.78 -0.09237500000000001 0.5714285714285714 0.979 -0.94 -0.79 0.492 0.42857142857142855 0.973 -0.09 0.585 0.13808333333333334 0.8571428571428571 0.935 -0.82 -0.63
0.0 0.0 0.0 0.0 1.0 1.0 0.0 0.0 1.0 0.0 0.0 1.0 0.0 2.0 0.0 0.0 0.0 0.0 0.0 0.0 0.0 0.0 0.0 0.0 1.0 0.565047619047619 0.8076923076923077 0.939 0.794 0.692 0.19230769230769232 -0.0 0.82 0.3233777777777777 0.8653846153846154 0.956 -0.91 -0.69 -0.05051515151515151 0.6346153846153846 0.979 -0.94 -0.85 -0.09914285714285713 0.40384615384615385 0.943 -0.91 0.883 0.33285714285714285 0.8076923076923077 0.978 -0.98 -0.91
0.0 0.0 0.0 0.0 0.0 0.0 0.0 0.0 1.0 0.0 0.0 2.0 0.0 0.0 0.0 0.0 0.0 0.0 0.0 0.0 0.0 0.0 0.0 1.0 0.0 0.5718888888888889 0.7714285714285715 0.964 0.766 0.55375 0.22857142857142856 -0.0 0.73 0.22651612903225804 0.8857142857142857 0.965 -0.98 -0.86 0.20955555555555558 0.7714285714285715 0.979 -0.85 0.812 -0.07487500000000005 0.45714285714285713 0.674 -0.91 0.565 0.2605769230769231 0.7428571428571429 0.96 -0.96 -0.76
0.0 0.0 0.0 0.0 1.0 2.0 0.0 0.0 0.0 0.0 0.0 0.0 0.0 0.0 0.0 0.0 0.0 0.0 0.0 0.0 0.0 0.0 0.0 0.0 1.0 0.665 0.8518518518518519 0.939 0.939 0.8350000000000001 0.14814814814814814 -0.0 0.83 0.35000000000000003 0.8148148148148148 0.956 -0.93 -0.78 -0.023315789473684196 0.7037037037037037 0.979 -0.85 0.979 0.18871428571428575 0.25925925925925924 0.936 -0.93 0.754 0.44250000000000006 0.8888888888888888 0.996 -0.96 -0.96
0.0 0.0 0.0 0.0 0.0 0.0 0.0 0.0 0.0 0.0 0.0 0.0 0.0 0.0 0.0 0.0 0.0 0.0 0.0 0.0 0.0 0.0 0.0 1.0 0.0 0.666 0.6666666666666666 0.951 0.798 0.57 0.3333333333333333 -0.0 0.3 0.1274 0.8333333333333334 0.926 -0.99 0.781 0.24480000000000005 0.8333333333333334 0.911 -0.79 -0.79 0.4346666666666667 0.5 0.709 -0.09 -0.09 0.34149999999999997 0.6666666666666666 0.99 -0.65 0.816
0.0 0.0 0.0 0.0 0.0 1.0 0.0 0.0 0.0 0.0 0.0 4.0 0.0 0.0 0.0 0.0 0.0 0.0 0.0 0.0 0.0 0.0 1.0 0.0 0.0 0.48386666666666667 0.6818181818181818 0.943 0.671 0.6914285714285715 0.3181818181818182 -0.0 0.66 0.027736842105263178 0.8636363636363636 0.956 -0.98 0.707 0.10983333333333334 0.5454545454545454 0.943 -0.79 -0.6 0.17799999999999996 0.5 0.816 -0.27 -0.06 0.08125 0.9090909090909091 0.935 -0.93 0.696
0.0 0.0 0.0 0.0 0.0 0.0 1.0 0.0 0.0 0.0 0.0 0.0 0.0 0.0 0.0 0.0 0.0 0.0 0.0 0.0 0.0 0.0 0.0 1.0 0.0 0.831 0.3333333333333333 0.831 0.831 0.85 0.6666666666666666 -0.0 0.83 -0.0050000000000000044 0.6666666666666666 0.95 -0.96 0.95 0.712 0.3333333333333333 0.712 0.0 0.712 0.835 0.3333333333333333 0.835 0.0 0.835 -0.7949999999999999 0.6666666666666666 0.0 -0.82 -0.82
0.0 0.0 0.0 0.0 0.0 1.0 0.0 0.0 0.0 0.0 0.0 0.0 0.0 0.0 0.0 0.0 0.0 0.0 0.0 0.0 0.0 0.0 1.0 0.0 0.0 0.45307692307692304 0.8666666666666667 0.939 0.895 0.6124999999999999 0.13333333333333333 -0.0 0.07 0.28779999999999994 0.8333333333333334 0.956 -0.78 -0.07 -0.022863636363636374 0.7333333333333333 0.979 -0.79 0.145 -0.07483333333333332 0.4 0.82 -0.91 0.056 0.3721739130434783 0.7666666666666667 0.935 -0.73 -0.07
0.0 0.0 0.0 0.0 1.0 2.0 0.0 0.0 0.0 0.0 0.0 0.0 0.0 1.0 0.0 0.0 0.0 0.0 0.0 0.0 0.0 0.0 0.0 0.0 1.0 0.4761612903225807 0.8378378378378378 0.935 0.886 0.5599999999999999 0.16216216216216217 -0.0 0.03 0.29045161290322585 0.8378378378378378 0.956 -0.86 0.295 0.03784 0.6756756756756757 0.99 -0.94 -0.04 -0.0520952380952381 0.5675675675675675 0.99 -0.82 0.113 0.35335294117647065 0.918918918918919 0.935 -0.87 -0.04
0.0 0.0 1.0 0.0 0.0 1.0 5.0 0.0 2.0 0.0 0.0 4.0 0.0 1.0 0.0 0.0 0.0 0.0 0.0 0.0 0.0 0.0 0.0 1.0 0.0 0.5494285714285715 0.8333333333333334 0.935 0.069 0.5971428571428572 0.16666666666666666 -0.0 0.03 0.361970588235294 0.8095238095238095 0.971 -0.98 0.078 -0.04200000000000001 0.7380952380952381 0.892 -0.94 0.103 0.06769230769230769 0.30952380952380953 0.733 -0.97 -0.09 0.29773529411764715 0.8095238095238095 0.989 -0.98 0.191
0.0 0.0 0.0 0.0 1.0 0.0 0.0 0.0 0.0 0.0 0.0 0.0 0.0 0.0 0.0 0.0 0.0 0.0 0.0 0.0 0.0 0.0 0.0 0.0 1.0 0.28633333333333333 0.5 0.744 0.062 0.8733333333333334 0.5 -0.0 0.93 -0.2775 1.0 0.805 -0.93 -0.05 -0.10066666666666664 0.5 0.277 -0.72 0.277 -0.2494 0.8333333333333334 0.783 -0.93 -0.08 -0.305 1.0 0.699 -0.97 0.111
0.0 0.0 0.0 0.0 0.0 1.0 0.0 0.0 0.0 0.0 0.0 0.0 0.0 1.0 0.0 0.0 0.0 0.0 0.0 0.0 0.0 0.0 1.0 0.0 0.0 0.63925 0.8888888888888888 0.846 0.846 0.75 0.1111111111111111 -0.0 0.75 0.5255 0.6666666666666666 0.92 -0.08 0.654 -0.5322857142857143 0.7777777777777778 0.239 -0.94 -0.94 0.24000000000000002 0.3333333333333333 0.801 -0.13 -0.13 0.5365555555555556 1.0 0.96 -0.71 0.744
0.0 0.0 0.0 0.0 0.0 0.0 0.0 0.0 0.0 0.0 0.0 3.0 0.0 0.0 0.0 0.0 0.0 0.0 0.0 0.0 0.0 0.0 0.0 0.0 0.0 0.5264857142857144 0.813953488372093 0.943 0.174 0.4875 0.18604651162790697 -0.0 0.27 0.17845161290322578 0.7209302325581395 0.956 -0.9 0.032 0.1684411764705882 0.7906976744186046 0.979 -0.85 0.161 0.05293333333333332 0.3488372093023256 0.914 -0.8 0.049 0.33470588235294113 0.7906976744186046 0.944 -0.83 0.188
0.0 0.0 0.0 0.0 0.0 0.0 0.0 0.0 0.0 0.0 0.0 0.0 0.0 0.0 0.0 0.0 0.0 0.0 0.0 0.0 0.0 0.0 0.0 1.0 0.0 0.6633333333333333 0.75 0.943 0.334 0.84 0.25 -0.0 0.84 -0.039000000000000035 0.5 0.702 -0.78 -0.78 -0.012333333333333363 0.75 0.943 -0.65 -0.33 -0.91 0.25 0.0 -0.91 -0.91 0.788 0.25 0.788 0.0 0.788
0.0 0.0 0.0 0.0 0.0 0.0 1.0 0.0 0.0 0.0 0.0 1.0 0.0 1.0 0.0 0.0 0.0 0.0 0.0 0.0 0.0 1.0 0.0 0.0 0.0 0.5175333333333333 0.7142857142857143 0.935 0.778 0.6466666666666666 0.2857142857142857 -0.0 0.95 0.23000000000000004 0.7142857142857143 0.956 -0.93 -0.93 -0.07018181818181818 0.5238095238095238 0.885 -0.94 0.098 0.2047142857142857 0.3333333333333333 0.948 -0.99 -0.99 0.22121052631578952 0.9047619047619048 0.935 -0.92 -0.92
0.0 0.0 0.0 0.0 0.0 1.0 0.0 0.0 0.0 0.0 0.0 1.0 0.0 0.0 0.0 0.0 0.0 0.0 0.0 0.0 0.0 0.0 1.0 0.0 0.0 0.5945882352941176 0.8947368421052632 0.939 0.829 0.745 0.10526315789473684 -0.0 0.76 0.4625714285714286 0.7368421052631579 0.956 -0.63 0.928 -0.19366666666666665 0.631578947368421 0.979 -0.94 -0.87 -0.0029999999999999805 0.2631578947368421 0.796 -0.74 -0.74 0.42394444444444446 0.9473684210526315 0.935 -0.78 0.679
0.0 0.0 0.0 0.0 0.0 0.0 0.0 0.0 0.0 0.0 0.0 0.0 0.0 0.0 0.0 0.0 0.0 0.0 0.0 0.0 0.0 0.0 0.0 1.0 0.0 0.09533333333333334 0.375 0.115 0.058 0.724 0.625 -0.0 0.93 -0.42333333333333334 0.75 0.059 -0.97 -0.97 0.1825 0.5 0.274 0.0 0.179 -0.12185714285714286 0.875 0.662 -0.97 -0.97 -0.34400000000000003 0.875 0.244 -0.91 -0.84
0.0 0.0 0.0 0.0 0.0 0.0 0.0 0.0 1.0 0.0 0.0 0.0 0.0 1.0 0.0 0.0 0.0 0.0 0.0 0.0 0.0 0.0 0.0 1.0 0.0 0.5003157894736843 0.7916666666666666 0.855 0.853 0.65 0.20833333333333334 -0.0 0.75 0.2884 0.8333333333333334 0.928 -0.84 -0.78 -0.3023 0.8333333333333334 0.967 -0.88 -0.79 0.35957142857142854 0.2916666666666667 0.958 -0.1 0.701 0.33445454545454545 0.9166666666666666 0.935 -0.82 -0.78
0.0 0.0 0.0 0.0 0.0 0.0 1.0 0.0 1.0 0.0 0.0 1.0 0.0 1.0 0.0 0.0 0.0 0.0 0.0 0.0 0.0 1.0 0.0 0.0 0.0 0.4995555555555556 0.8709677419354839 0.958 0.958 0.6475 0.12903225806451613 -0.0 0.87 0.32428571428571423 0.9032258064516129 0.958 -0.98 0.958 -0.015500000000000014 0.7096774193548387 0.979 -0.88 -0.03 -0.016692307692307694 0.41935483870967744 0.959 -0.86 0.028 0.43119230769230765 0.8387096774193549 0.935 -0.68 -0.68
0.0 0.0 0.0 0.0 0.0 2.0 0.0 0.0 1.0 0.0 0.0 5.0 0.0 0.0 0.0 0.0 0.0 0.0 0.0 0.0 0.0 0.0 1.0 0.0 0.0 0.47958333333333336 0.8470588235294118 0.939 0.784 0.6176923076923077 0.15294117647058825 -0.0 0.03 0.29352000000000017 0.8823529411764706 0.961 -0.91 0.889 0.05552941176470589 0.6 0.979 -0.91 -0.9 -0.013481481481481495 0.3176470588235294 0.958 -0.8 -0.08 0.3392602739726029 0.8588235294117647 0.98 -0.99 0.559
0.0 1.0 0.0 0.0 0.0 0.0 0.0 0.0 0.0 0.0 1.0 0.0 0.0 0.0 0.0 0.0 0.0 0.0 0.0 0.0 1.0 0.0 0.0 0.0 0.0 0.2666 0.5 0.935 0.07 0.686 0.5 -0.0 0.88 -0.2188888888888889 0.9 0.956 -0.98 -0.98 0.153 0.3 0.274 0.0 0.071 0.5154285714285713 0.7 0.882 -0.11 0.869 -0.1736666666666667 0.9 0.914 -0.97 -0.8
0.0 0.0 0.0 0.0 0.0 0.0 1.0 0.0 1.0 0.0 0.0 1.0 0.0 0.0 0.0 0.0 0.0 0.0 0.0 0.0 0.0 1.0 0.0 0.0 0.0 0.4391999999999999 0.45454545454545453 0.943 0.162 0.805 0.5454545454545454 -0.0 0.88 -0.37666666666666665 0.5454545454545454 0.86 -0.98 -0.98 0.12124999999999998 0.36363636363636365 0.943 -0.79 0.943 0.6476 0.45454545454545453 0.869 -0.1 0.869 -0.33140000000000003 0.9090909090909091 0.93 -0.96 -0.8
0.0 0.0 0.0 0.0 0.0 0.0 0.0 0.0 1.0 0.0 0.0 0.0 0.0 0.0 0.0 0.0 0.0 0.0 0.0 0.0 0.0 0.0 0.0 1.0 0.0 0.5197499999999999 0.5 0.996 0.996 0.7425 0.5 -0.0 0.81 -0.22199999999999998 0.75 0.996 -0.85 0.996 -0.18266666666666662 0.375 0.201 -0.94 0.191 0.22999999999999998 0.625 0.791 -0.8 0.791 -0.16783333333333336 0.75 0.744 -0.78 -0.78
0.0 0.0 0.0 0.0 0.0 1.0 0.0 0.0 0.0 0.0 0.0 7.0 0.0 1.0 0.0 0.0 0.0 0.0 0.0 0.0 0.0 0.0 1.0 0.0 0.0 0.5073181818181819 0.7457627118644068 0.97 0.09 0.6253333333333334 0.2542372881355932 -0.0 0.65 0.1694375 0.8135593220338984 0.991 -0.93 -0.86 -0.014999999999999975 0.6779661016949152 0.993 -0.94 0.068 0.17418518518518517 0.4576271186440678 0.888 -0.93 0.609 0.23371428571428576 0.8305084745762712 0.996 -0.97 -0.5
0.0 0.0 0.0 0.0 2.0 0.0 0.0 0.0 0.0 0.0 0.0 0.0 0.0 1.0 0.0 0.0 0.0 0.0 0.0 0.0 0.0 0.0 0.0 0.0 1.0 0.8006666666666667 0.75 0.846 0.846 0.8500000000000001 0.25 -0.0 0.81 0.03759999999999999 0.625 0.702 -0.97 0.633 -0.5483333333333333 0.75 0.82 -0.94 -0.94 0.0 0.0 0.0 0.0 0.0 0.5940000000000001 0.875 0.935 -0.81 0.744
0.0 0.0 0.0 0.0 0.0 0.0 1.0 0.0 0.0 0.0 0.0 0.0 0.0 0.0 0.0 0.0 0.0 0.0 0.0 0.0 0.0 0.0 0.0 1.0 0.0 0.47550000000000003 0.5714285714285714 0.935 0.034 0.7933333333333333 0.42857142857142855 -0.0 0.76 -0.06233333333333332 0.8571428571428571 0.956 -0.78 -0.1 -0.16666666666666666 0.42857142857142855 0.171 -0.79 0.171 0.142 0.7142857142857143 0.914 -0.91 -0.1 0.1041666666666667 0.8571428571428571 0.93 -0.82 0.17
0.0 0.0 0.0 0.0 0.0 0.0 1.0 0.0 0.0 0.0 0.0 0.0 0.0 0.0 0.0 0.0 0.0 0.0 0.0 0.0 0.0 0.0 0.0 0.0 0.0 0.799 0.875 0.965 0.965 0.27 0.125 -0.0 0.27 0.5915 1.0 0.956 -0.75 0.953 0.6148 0.625 0.979 0.0 0.977 -0.64 0.125 0.0 -0.64 -0.64 0.6158 0.625 0.914 0.0 0.914
0.0 0.0 1.0 0.0 0.0 0.0 2.0 0.0 1.0 0.0 0.0 0.0 0.0 0.0 0.0 0.0 0.0 0.0 0.0 0.0 0.0 1.0 0.0 0.0 0.0 0.937 0.25 0.939 0.939 0.5416666666666666 0.75 -0.0 0.03 -0.12416666666666669 0.75 0.956 -0.99 -0.78 0.3456666666666666 0.375 0.979 -0.01 -0.01 0.1731666666666667 0.75 0.893 -0.94 0.017 -0.22933333333333336 0.75 0.914 -0.74 -0.11
0.0 0.0 0.0 0.0 0.0 0.0 0.0 0.0 0.0 0.0 0.0 1.0 0.0 0.0 0.0 0.0 0.0 0.0 0.0 0.0 0.0 0.0 0.0 1.0 0.0 0.29218749999999993 0.9411764705882353 0.936 0.208 0.9 0.058823529411764705 -0.0 0.9 0.18976923076923077 0.7647058823529411 0.893 -0.96 0.295 0.11106666666666666 0.8823529411764706 0.979 -0.95 0.239 -0.14625000000000005 0.7058823529411765 0.049 -0.96 0.049 0.30846666666666667 0.8823529411764706 0.974 -0.78 0.346
0.0 0.0 0.0 0.0 0.0 0.0 0.0 0.0 1.0 0.0 0.0 3.0 0.0 0.0 0.0 0.0 0.0 0.0 0.0 0.0 0.0 0.0 0.0 1.0 0.0 0.4966774193548387 0.8157894736842105 0.952 0.952 0.48000000000000004 0.18421052631578946 -0.0 0.78 0.30434482758620685 0.7631578947368421 0.95 -0.78 0.95 -0.06976923076923078 0.6842105263157895 0.979 -0.94 0.953 0.21990909090909092 0.2894736842105263 0.914 -0.14 -0.06 0.3089705882352942 0.8947368421052632 0.948 -0.82 0.203
0.0 0.0 0.0 0.0 1.0 1.0 1.0 0.0 0.0 0.0 0.0 2.0 0.0 1.0 0.0 0.0 0.0 0.0 0.0 0.0 0.0 0.0 0.0 0.0 1.0 0.4286086956521738 0.8518518518518519 0.949 0.08 0.815 0.14814814814814814 -0.0 0.82 0.25716666666666665 0.6666666666666666 0.961 -0.82 -0.82 0.14880952380952384 0.7777777777777778 0.988 -0.92 0.08 0.3291111111111111 0.3333333333333333 0.99 -0.2 0.039 0.26617391304347826 0.8518518518518519 0.974 -0.87 0.142
0.0 0.0 0.0 0.0 0.0 1.0 0.0 0.0 1.0 0.0 0.0 3.0 0.0 0.0 0.0 0.0 0.0 0.0 0.0 0.0 0.0 0.0 1.0 0.0 0.0 0.5335416666666667 0.6 0.943 0.054 0.6899999999999998 0.4 -0.0 0.94 -0.11729032258064515 0.775 0.956 -0.98 -0.98 0.05086956521739131 0.575 0.979 -1.0 0.086 -0.07773684210526315 0.475 0.943 -0.8 -0.49 0.08033333333333335 0.75 0.935 -0.97 -0.89
0.0 0.0 0.0 0.0 0.0 1.0 0.0 0.0 2.0 0.0 0.0 1.0 0.0 3.0 0.0 0.0 0.0 0.0 0.0 0.0 0.0 0.0 0.0 1.0 0.0 0.4047105263157896 0.8837209302325582 0.943 0.034 0.7100000000000001 0.11627906976744186 -0.0 0.07 0.23106060606060602 0.7674418604651163 0.982 -0.93 0.094 0.009212121212121227 0.7674418604651163 0.943 -0.94 -0.03 -0.14582608695652172 0.5348837209302325 0.056 -0.93 0.028 0.3630277777777779 0.8372093023255814 0.935 -0.94 0.223
0.0 0.0 2.0 0.0 1.0 0.0 6.0 0.0 0.0 0.0 0.0 0.0 0.0 1.0 0.0 0.0 0.0 0.0 1.0 0.0 0.0 1.0 0.0 0.0 0.0 0.6241111111111111 0.75 0.939 0.822 0.75 0.25 -0.0 0.81 0.16044444444444445 0.75 0.991 -0.78 0.899 0.2554444444444445 0.75 0.979 -0.99 0.937 0.5352499999999999 0.3333333333333333 0.82 -0.08 -0.08 0.27611111111111103 0.75 0.981 -0.85 0.707
0.0 0.0 0.0 0.0 0.0 0.0 1.0 0.0 0.0 0.0 0.0 0.0 0.0 0.0 0.0 0.0 0.0 0.0 0.0 0.0 0.0 0.0 0.0 1.0 0.0 0.643875 1.0 0.935 0.802 0.0 0.0 -0.0 -0.0 0.6836 0.625 0.956 0.0 0.802 0.3701666666666667 0.75 0.99 -0.65 0.127 -0.095 0.25 0.0 -0.11 -0.08 0.645857142857143 0.875 0.914 0.0 0.134
0.0 0.0 0.0 0.0 0.0 0.0 1.0 0.0 0.0 0.0 0.0 0.0 0.0 0.0 0.0 0.0 0.0 0.0 0.0 0.0 0.0 1.0 0.0 0.0 0.0 0.571 1.0 0.935 0.109 0.0 0.0 -0.0 -0.0 0.71975 0.8 0.956 0.0 0.956 0.4166666666666667 0.6 0.773 0.0 0.238 0.0315 0.4 0.049 0.0 0.014 0.6050000000000001 1.0 0.914 0.0 0.104
0.0 0.0 0.0 0.0 0.0 0.0 1.0 0.0 0.0 0.0 0.0 0.0 0.0 0.0 0.0 0.0 0.0 0.0 0.0 0.0 0.0 1.0 0.0 0.0 0.0 0.5080714285714285 1.0 0.939 0.744 0.0 0.0 -0.0 -0.0 0.5014166666666667 0.8571428571428571 0.956 -0.03 0.781 0.314 0.7857142857142857 0.979 -0.83 0.902 -0.0345 0.2857142857142857 0.042 -0.07 -0.05 0.46909090909090895 0.7857142857142857 0.914 0.0 0.706
0.0 0.0 0.0 0.0 0.0 2.0 1.0 0.0 1.0 0.0 0.0 3.0 0.0 1.0 0.0 0.0 0.0 0.0 0.0 0.0 0.0 0.0 0.0 1.0 0.0 0.41035714285714286 0.9655172413793104 0.935 0.874 0.73 0.034482758620689655 -0.0 0.73 0.34617391304347817 0.7931034482758621 0.956 -0.81 0.847 -0.02076190476190476 0.7241379310344828 0.871 -0.94 0.871 0.013249999999999998 0.27586206896551724 0.52 -0.2 0.52 0.387 0.8620689655172413 0.935 -0.87 0.903
0.0 0.0 0.0 0.0 0.0 0.0 1.0 0.0 0.0 0.0 0.0 1.0 0.0 2.0 0.0 0.0 0.0 0.0 0.0 0.0 0.0 1.0 0.0 0.0 0.0 0.5605833333333333 0.8571428571428571 0.943 0.802 0.7450000000000001 0.14285714285714285 -0.0 0.7 0.342695652173913 0.8214285714285714 0.97 -0.78 0.881 0.36593333333333333 0.5357142857142857 0.99 -0.79 0.99 0.19927272727272724 0.39285714285714285 0.783 -0.2 -0.2 0.33749999999999997 0.8571428571428571 0.958 -0.97 0.724
0.0 0.0 0.0 0.0 0.0 0.0 1.0 0.0 0.0 0.0 0.0 0.0 0.0 0.0 0.0 0.0 0.0 0.0 0.0 0.0 0.0 1.0 0.0 0.0 0.0 0.745 1.0 0.746 0.746 0.0 0.0 -0.0 -0.0 0.752 1.0 0.781 0.0 0.723 0.0 0.0 0.0 0.0 0.0 0.0 0.0 0.0 0.0 0.0 0.7375 1.0 0.769 0.0 0.769
0.0 0.0 0.0 0.0 0.0 0.0 2.0 0.0 0.0 0.0 0.0 0.0 0.0 0.0 0.0 0.0 0.0 0.0 0.0 0.0 0.0 1.0 0.0 0.0 0.0 0.7578333333333335 0.8571428571428571 0.939 0.933 0.6 0.14285714285714285 -0.0 0.6 0.4708333333333334 0.8571428571428571 0.972 -0.77 0.972 0.7135 0.5714285714285714 0.99 0.0 0.112 0.2255 0.2857142857142857 0.511 -0.06 -0.06 0.44580000000000003 0.7142857142857143 0.894 -0.53 0.894
0.0 0.0 0.0 0.0 0.0 0.0 1.0 0.0 0.0 0.0 0.0 0.0 0.0 0.0 0.0 0.0 0.0 0.0 0.0 0.0 0.0 1.0 0.0 0.0 0.0 0.5913333333333334 1.0 0.857 0.096 0.0 0.0 -0.0 -0.0 0.5045000000000001 0.6666666666666666 0.905 0.0 0.104 0.7965 0.6666666666666666 0.82 0.0 0.82 0.0 0.0 0.0 0.0 0.0 0.6006666666666667 1.0 0.892 0.0 0.088
0.0 0.0 1.0 0.0 1.0 0.0 2.0 0.0 1.0 1.0 0.0 0.0 0.0 0.0 0.0 0.0 0.0 0.0 0.0 1.0 0.0 0.0 0.0 0.0 0.0 0.6477 0.9090909090909091 0.911 0.722 0.04 0.09090909090909091 -0.0 0.04 0.5313000000000001 0.9090909090909091 0.93 -0.1 0.745 -0.309125 0.7272727272727273 0.967 -0.91 -0.71 -0.078 0.2727272727272727 0.026 -0.16 0.026 0.6498888888888888 0.8181818181818182 0.96 0.0 0.709
0.0 0.0 0.0 0.0 0.0 2.0 1.0 0.0 1.0 1.0 0.0 0.0 0.0 0.0 0.0 0.0 0.0 0.0 0.0 0.0 0.0 1.0 0.0 0.0 0.0 0.4596521739130434 1.0 0.964 0.316 0.0 0.0 -0.0 -0.0 0.38268421052631574 0.8260869565217391 0.956 -0.07 0.703 -0.01421052631578948 0.8260869565217391 0.966 -0.94 0.534 -0.10244444444444444 0.391304347826087 0.029 -0.21 -0.21 0.4962380952380952 0.9130434782608695 0.964 0.0 0.243
0.0 0.0 0.0 0.0 0.0 0.0 1.0 0.0 0.0 0.0 0.0 0.0 0.0 0.0 0.0 0.0 0.0 0.0 0.0 0.0 0.0 1.0 0.0 0.0 0.0 0.6531428571428571 0.875 0.935 0.839 0.04 0.125 -0.0 0.04 0.4688333333333334 0.75 0.956 -0.06 -0.06 0.6641999999999999 0.625 0.99 0.0 0.876 -0.028333333333333335 0.375 0.049 -0.16 0.026 0.6311666666666668 0.75 0.914 0.0 0.914
0.0 0.0 0.0 0.0 1.0 0.0 1.0 0.0 0.0 0.0 0.0 0.0 0.0 1.0 0.0 0.0 0.0 0.0 0.0 0.0 0.0 0.0 0.0 0.0 1.0 0.5552222222222222 0.9 0.939 0.903 0.04 0.1 -0.0 0.04 0.6332500000000001 0.8 0.97 -0.04 0.746 0.28075 0.8 0.979 -0.79 0.97 0.35150000000000003 0.2 0.773 -0.07 -0.07 0.559 0.7 0.994 -0.12 0.994
0.0 0.0 1.0 0.0 0.0 0.0 2.0 0.0 0.0 1.0 0.0 0.0 0.0 0.0 0.0 0.0 0.0 0.0 0.0 1.0 0.0 0.0 0.0 0.0 0.0 0.7625 1.0 0.779 0.746 0.0 0.0 -0.0 -0.0 0.7535000000000001 1.0 0.784 0.0 0.723 0.764 0.5 0.764 0.0 0.764 0.0 0.0 0.0 0.0 0.0 0.7795000000000001 1.0 0.79 0.0 0.769
0.0 0.0 0.0 0.0 0.0 0.0 1.0 0.0 0.0 0.0 0.0 0.0 0.0 0.0 0.0 0.0 0.0 0.0 0.0 0.0 0.0 0.0 0.0 0.0 0.0 0.5324285714285714 0.9333333333333333 0.939 0.753 0.76 0.06666666666666667 -0.0 0.76 0.5625833333333333 0.8 0.956 -0.03 0.541 0.2948888888888889 0.6 0.979 -0.86 -0.86 -0.19675 0.26666666666666666 0.049 -0.74 -0.11 0.42376923076923073 0.8666666666666667 0.914 -0.78 0.85
0.0 0.0 0.0 0.0 0.0 0.0 0.0 0.0 0.0 0.0 0.0 0.0 0.0 0.0 0.0 0.0 0.0 0.0 0.0 0.0 0.0 0.0 0.0 0.0 0.0 0.833 0.8 0.951 0.746 0.66 0.2 -0.0 0.66 0.38825 0.8 0.905 -0.78 0.723 0.8485 0.4 0.924 0.0 0.924 0.585 0.2 0.585 0.0 0.585 0.5720000000000001 1.0 0.978 -0.63 0.769
0.0 0.0 0.0 0.0 0.0 0.0 1.0 0.0 0.0 0.0 0.0 0.0 0.0 0.0 0.0 0.0 0.0 0.0 0.0 0.0 0.0 1.0 0.0 0.0 0.0 0.5406 1.0 0.935 0.07 0.0 0.0 -0.0 -0.0 0.5556 1.0 0.956 0.0 0.023 0.206 0.4 0.239 0.0 0.173 -0.020499999999999997 0.4 0.049 -0.09 -0.09 0.5833999999999999 1.0 0.914 0.0 0.182
0.0 0.0 0.0 0.0 0.0 0.0 0.0 0.0 0.0 0.0 0.0 3.0 0.0 1.0 0.0 0.0 0.0 0.0 0.0 0.0 0.0 0.0 0.0 1.0 0.0 0.527076923076923 1.0 0.935 0.877 0.0 0.0 -0.0 -0.0 0.5149166666666666 0.9230769230769231 0.982 -0.03 0.982 0.0035555555555555956 0.6923076923076923 0.773 -0.94 0.773 -4.999999999999987E-4 0.3076923076923077 0.049 -0.06 -0.04 0.5170833333333333 0.9230769230769231 0.914 0.0 0.706
0.0 0.0 0.0 0.0 0.0 0.0 0.0 0.0 0.0 0.0 0.0 0.0 0.0 0.0 0.0 0.0 0.0 0.0 0.0 0.0 0.0 0.0 0.0 1.0 0.0 0.491 1.0 0.935 0.778 0.0 0.0 -0.0 -0.0 0.46049999999999996 0.7058823529411765 0.956 -0.04 0.839 0.22357142857142853 0.8235294117647058 0.99 -0.79 0.718 -0.05414285714285714 0.4117647058823529 0.049 -0.15 0.049 0.5601999999999999 0.8823529411764706 0.935 0.0 0.346
0.0 0.0 1.0 0.0 2.0 0.0 3.0 0.0 0.0 0.0 0.0 0.0 0.0 0.0 0.0 0.0 0.0 0.0 0.0 0.0 0.0 0.0 0.0 0.0 1.0 0.6072857142857143 0.9333333333333333 0.935 0.853 0.05 0.06666666666666667 -0.0 0.05 0.5455384615384615 0.8666666666666667 0.956 -0.06 -0.06 0.03149999999999999 0.8 0.857 -0.94 -0.02 -0.0642 0.3333333333333333 0.059 -0.3 0.02 0.5635714285714286 0.9333333333333333 0.998 -0.17 -0.17
0.0 0.0 0.0 0.0 0.0 2.0 1.0 0.0 1.0 0.0 0.0 1.0 0.0 1.0 0.0 0.0 0.0 0.0 0.0 0.0 0.0 1.0 0.0 0.0 0.0 0.6003030303030304 0.8461538461538461 0.996 0.817 0.7916666666666665 0.15384615384615385 -0.0 0.85 0.317875 0.8205128205128205 0.996 -0.99 -0.95 0.1935454545454545 0.5641025641025641 0.997 -0.81 -0.81 0.07539999999999995 0.2564102564102564 0.677 -0.74 -0.74 0.38966666666666677 0.8461538461538461 0.935 -0.95 0.816
0.0 0.0 0.0 0.0 0.0 0.0 1.0 0.0 1.0 0.0 0.0 1.0 0.0 0.0 0.0 0.0 0.0 0.0 0.0 0.0 0.0 0.0 0.0 1.0 0.0 0.5608235294117647 0.7727272727272727 0.932 0.095 0.7419999999999999 0.22727272727272727 -0.0 0.69 0.23794736842105263 0.8636363636363636 1.0 -0.93 -0.75 -0.0596923076923077 0.5909090909090909 0.984 -0.79 0.145 0.28588888888888886 0.4090909090909091 0.856 -0.21 0.547 0.36114285714285715 0.9545454545454546 0.969 -0.82 -0.78
0.0 0.0 0.0 0.0 0.0 0.0 2.0 0.0 1.0 0.0 0.0 2.0 0.0 0.0 0.0 0.0 0.0 0.0 0.0 0.0 0.0 1.0 0.0 0.0 0.0 0.658076923076923 0.8387096774193549 0.939 0.147 0.756 0.16129032258064516 -0.0 0.81 0.4569166666666667 0.7741935483870968 0.995 -0.78 0.723 0.3553157894736842 0.6129032258064516 0.979 -0.79 0.21 0.28049999999999997 0.25806451612903225 0.917 -0.74 -0.11 0.4120000000000001 0.8709677419354839 0.953 -0.88 0.345
0.0 0.0 0.0 0.0 0.0 0.0 1.0 0.0 0.0 1.0 0.0 0.0 0.0 0.0 0.0 0.0 0.0 0.0 0.0 1.0 0.0 0.0 0.0 0.0 0.0 0.6185 1.0 0.869 0.746 0.0 0.0 -0.0 -0.0 0.60675 1.0 0.864 0.0 0.723 -0.298 0.5 0.274 -0.87 -0.87 -0.11 0.25 0.0 -0.11 -0.11 0.573 0.75 0.769 0.0 0.769
0.0 0.0 0.0 0.0 0.0 0.0 0.0 0.0 0.0 0.0 0.0 0.0 1.0 0.0 0.0 0.0 0.0 0.0 0.0 0.0 0.0 0.0 0.0 0.0 0.0 0.3607857142857143 1.0 0.935 0.064 0.0 0.0 -0.0 -0.0 0.3790909090909091 0.7857142857142857 0.956 -0.06 0.093 -0.03409090909090908 0.7857142857142857 0.191 -0.79 -0.04 -0.049666666666666665 0.21428571428571427 0.031 -0.09 0.031 0.38530769230769235 0.9285714285714286 0.935 0.0 0.153
0.0 0.0 0.0 0.0 0.0 2.0 1.0 0.0 0.0 1.0 0.0 3.0 0.0 1.0 0.0 0.0 0.0 0.0 0.0 0.0 0.0 1.0 0.0 0.0 0.0 0.7260312499999999 0.8421052631578947 0.943 0.887 0.61 0.15789473684210525 -0.0 0.84 0.4255000000000001 0.7894736842105263 0.961 -0.99 0.723 0.07731999999999999 0.6578947368421053 0.979 -0.94 0.885 0.4067142857142857 0.18421052631578946 0.958 -0.17 -0.1 0.4591290322580645 0.8157894736842105 0.935 -0.71 0.889
0.0 0.0 0.0 0.0 0.0 0.0 0.0 0.0 1.0 0.0 0.0 0.0 0.0 0.0 0.0 0.0 0.0 0.0 0.0 0.0 0.0 0.0 0.0 0.0 0.0 0.5348387096774194 0.96875 0.943 0.262 0.81 0.03125 -0.0 0.81 0.5303181818181818 0.6875 0.967 -0.81 0.43 0.34199999999999997 0.8125 0.963 -0.79 0.657 -0.037083333333333336 0.375 0.083 -0.28 -0.28 0.5364230769230768 0.8125 0.935 0.0 0.244
0.0 0.0 0.0 0.0 0.0 0.0 1.0 0.0 0.0 0.0 0.0 0.0 0.0 0.0 0.0 0.0 0.0 0.0 0.0 0.0 0.0 1.0 0.0 0.0 0.0 0.5076666666666666 1.0 0.746 0.033 0.0 0.0 -0.0 -0.0 0.48466666666666663 1.0 0.781 -0.05 -0.05 0.178 0.3333333333333333 0.178 0.0 0.178 -0.12 0.3333333333333333 0.0 -0.12 -0.12 0.539 1.0 0.769 0.0 0.142
0.0 0.0 0.0 0.0 1.0 3.0 1.0 0.0 1.0 0.0 0.0 3.0 0.0 0.0 0.0 0.0 0.0 0.0 0.0 0.0 0.0 1.0 0.0 0.0 0.0 0.48645161290322575 0.8857142857142857 0.943 0.091 0.7625000000000001 0.11428571428571428 -0.0 0.82 0.3889999999999999 0.7142857142857143 0.957 -0.78 0.17 -0.13109090909090912 0.6285714285714286 0.894 -0.94 0.165 0.055187499999999994 0.45714285714285713 0.828 -0.74 0.081 0.38690322580645164 0.8857142857142857 0.935 -0.85 0.184
0.0 0.0 0.0 0.0 0.0 0.0 0.0 0.0 0.0 0.0 0.0 0.0 0.0 0.0 0.0 0.0 0.0 0.0 0.0 0.0 0.0 0.0 0.0 0.0 0.0 0.7825 1.0 0.821 0.821 0.0 0.0 -0.0 -0.0 0.781 0.5 0.781 0.0 0.781 0.82 0.5 0.82 0.0 0.82 0.0 0.0 0.0 0.0 0.0 0.764 1.0 0.822 0.0 0.822
0.0 0.0 0.0 0.0 0.0 0.0 2.0 0.0 1.0 0.0 0.0 1.0 0.0 1.0 0.0 0.0 0.0 0.0 0.0 0.0 0.0 1.0 0.0 0.0 0.0 0.56440625 0.7619047619047619 0.964 0.811 0.662 0.23809523809523808 -0.0 0.84 0.15343333333333328 0.7142857142857143 1.0 -0.99 -0.99 -0.25239130434782614 0.5476190476190477 0.773 -0.94 -0.76 0.16473333333333334 0.35714285714285715 0.99 -0.16 0.765 0.2924634146341465 0.9761904761904762 0.964 -0.94 -0.7
0.0 0.0 1.0 0.0 0.0 0.0 3.0 0.0 0.0 0.0 0.0 0.0 0.0 0.0 0.0 0.0 0.0 0.0 0.0 0.0 0.0 0.0 0.0 0.0 0.0 0.491 1.0 0.935 0.864 0.0 0.0 -0.0 -0.0 0.3365 0.75 0.956 0.0 0.059 0.4713333333333334 0.75 0.99 0.0 0.274 -0.09525 0.5 0.029 -0.21 -0.11 0.527 1.0 0.914 0.0 0.864
0.0 0.0 0.0 0.0 0.0 1.0 1.0 0.0 0.0 0.0 0.0 0.0 0.0 0.0 0.0 0.0 0.0 0.0 0.0 0.0 0.0 0.0 0.0 1.0 0.0 0.42604545454545467 0.8148148148148148 0.935 0.262 0.686 0.18518518518518517 -0.0 0.93 0.22180952380952382 0.7777777777777778 0.956 -0.92 0.43 -0.003249999999999989 0.5925925925925926 0.773 -0.79 0.657 -0.17435714285714285 0.5185185185185185 0.74 -0.91 -0.28 0.3618333333333334 0.8888888888888888 0.935 -0.95 0.244
0.0 0.0 0.0 0.0 0.0 0.0 0.0 0.0 0.0 0.0 0.0 0.0 0.0 1.0 0.0 0.0 0.0 0.0 0.0 0.0 0.0 0.0 0.0 1.0 0.0 0.24925 0.6666666666666666 0.83 0.83 0.93 0.3333333333333333 -0.0 0.93 0.2075 0.6666666666666666 1.0 -0.1 1.0 0.171 0.5 0.201 0.0 0.171 -0.434 0.8333333333333334 0.0 -0.97 -0.97 -0.09316666666666668 1.0 0.66 -0.9 -0.9
0.0 0.0 0.0 0.0 3.0 0.0 2.0 0.0 0.0 1.0 0.0 0.0 0.0 0.0 0.0 0.0 0.0 0.0 0.0 1.0 0.0 0.0 0.0 0.0 0.0 0.5523225806451612 0.9117647058823529 0.935 0.881 0.47333333333333333 0.08823529411764706 -0.0 0.66 0.40775 0.8235294117647058 1.0 -0.85 -0.06 0.14330434782608692 0.6764705882352942 0.99 -1.0 0.083 0.036181818181818176 0.3235294117647059 0.585 -0.28 -0.04 0.4476206896551723 0.8529411764705882 0.96 -0.79 0.881
0.0 0.0 0.0 0.0 0.0 0.0 1.0 0.0 0.0 0.0 0.0 0.0 0.0 0.0 0.0 0.0 0.0 0.0 0.0 0.0 0.0 1.0 0.0 0.0 0.0 0.566 1.0 0.746 0.208 0.0 0.0 -0.0 -0.0 0.5996666666666667 1.0 0.781 0.0 0.295 0.239 0.3333333333333333 0.239 0.0 0.239 0.049 0.3333333333333333 0.049 0.0 0.049 0.6070000000000001 1.0 0.769 0.0 0.346
0.0 0.0 0.0 0.0 0.0 0.0 4.0 0.0 0.0 0.0 0.0 1.0 0.0 0.0 0.0 0.0 0.0 0.0 0.0 0.0 0.0 1.0 0.0 0.0 0.0 0.620125 0.8888888888888888 0.881 0.746 0.66 0.1111111111111111 -0.0 0.66 0.523375 0.8888888888888888 0.88 -0.78 0.723 0.0863333333333333 0.6666666666666666 0.882 -0.79 -0.79 0.19466666666666665 0.3333333333333333 0.585 -0.05 0.049 0.478625 0.8888888888888888 0.93 -0.63 0.769
0.0 0.0 0.0 0.0 0.0 0.0 1.0 0.0 0.0 0.0 0.0 0.0 0.0 0.0 0.0 0.0 0.0 0.0 0.0 0.0 0.0 1.0 0.0 0.0 0.0 0.6241428571428572 0.7777777777777778 0.935 0.746 0.35000000000000003 0.2222222222222222 -0.0 0.04 0.3577142857142857 0.7777777777777778 0.956 -0.78 -0.06 0.17700000000000002 0.4444444444444444 0.967 -0.65 -0.65 0.09275 0.4444444444444444 0.585 -0.16 0.026 0.504125 0.8888888888888888 0.958 -0.63 0.769
0.0 0.0 0.0 0.0 0.0 0.0 1.0 0.0 0.0 0.0 0.0 0.0 0.0 0.0 0.0 0.0 0.0 0.0 0.0 0.0 0.0 0.0 0.0 0.0 0.0 0.8015 1.0 0.857 0.746 0.0 0.0 -0.0 -0.0 0.8140000000000001 1.0 0.905 0.0 0.723 0.773 0.5 0.773 0.0 0.773 0.0 0.0 0.0 0.0 0.0 0.8305 1.0 0.892 0.0 0.769
0.0 0.0 0.0 0.0 0.0 0.0 2.0 0.0 0.0 0.0 0.0 0.0 0.0 0.0 0.0 0.0 0.0 0.0 0.0 0.0 0.0 1.0 0.0 0.0 0.0 0.5925 0.6666666666666666 0.939 0.939 0.7733333333333334 0.3333333333333333 -0.0 0.87 0.111 1.0 0.899 -0.87 0.899 0.6115 0.4444444444444444 0.979 0.0 0.979 0.34274999999999994 0.4444444444444444 0.847 -0.11 -0.11 -0.028285714285714296 0.7777777777777778 0.769 -0.86 -0.86
0.0 0.0 0.0 0.0 0.0 0.0 1.0 0.0 0.0 0.0 0.0 0.0 0.0 0.0 0.0 0.0 0.0 0.0 0.0 0.0 0.0 0.0 0.0 0.0 0.0 0.49863636363636366 1.0 0.935 0.051 0.0 0.0 -0.0 -0.0 0.5597142857142858 0.6363636363636364 0.956 -0.05 0.087 -0.0712857142857143 0.6363636363636364 0.331 -0.79 0.08 -0.06820000000000001 0.45454545454545453 0.056 -0.2 0.013 0.6176999999999999 0.9090909090909091 0.935 0.0 0.935
0.0 0.0 0.0 0.0 0.0 2.0 0.0 0.0 2.0 0.0 0.0 0.0 0.0 0.0 0.0 0.0 0.0 0.0 0.0 0.0 0.0 0.0 1.0 0.0 0.0 0.4852962962962962 0.7941176470588235 0.97 0.035 0.5557142857142857 0.20588235294117646 -0.0 0.03 0.23424242424242425 0.9705882352941176 1.0 -0.89 -0.06 0.10757142857142858 0.6176470588235294 0.991 -0.94 -0.04 0.1094 0.4411764705882353 0.785 -0.8 0.094 0.25489285714285714 0.8235294117647058 0.947 -0.7 -0.17
0.0 0.0 0.0 0.0 0.0 0.0 0.0 0.0 0.0 0.0 0.0 1.0 0.0 0.0 0.0 0.0 0.0 0.0 0.0 0.0 0.0 0.0 0.0 1.0 0.0 0.476 1.0 0.744 0.744 0.0 0.0 -0.0 -0.0 0.538 1.0 0.781 0.0 0.781 0.239 0.5 0.239 0.0 0.239 0.049 0.5 0.049 0.0 0.049 0.526 1.0 0.706 0.0 0.706
0.0 0.0 0.0 0.0 0.0 0.0 1.0 0.0 0.0 0.0 0.0 2.0 0.0 0.0 0.0 0.0 0.0 0.0 0.0 0.0 0.0 0.0 0.0 0.0 0.0 0.6467692307692309 0.7222222222222222 0.951 0.75 0.33 0.2777777777777778 -0.0 0.04 0.376125 0.8888888888888888 0.956 -0.77 0.748 0.4061818181818182 0.6111111111111112 0.979 -0.65 0.786 0.21216666666666664 0.3333333333333333 0.816 -0.31 0.011 0.29146666666666665 0.8333333333333334 0.996 -0.85 0.715
0.0 0.0 0.0 0.0 0.0 0.0 0.0 0.0 1.0 0.0 0.0 0.0 0.0 0.0 0.0 0.0 0.0 0.0 0.0 0.0 0.0 0.0 0.0 1.0 0.0 0.5464285714285715 0.8235294117647058 0.935 0.815 0.7666666666666666 0.17647058823529413 -0.0 0.76 0.26430769230769224 0.7647058823529411 0.956 -0.78 0.892 0.14127272727272724 0.6470588235294118 0.862 -0.81 0.738 0.21999999999999997 0.17647058823529413 0.82 -0.1 -0.06 0.3567142857142857 0.8235294117647058 0.914 -0.73 0.895
0.0 0.0 0.0 0.0 0.0 0.0 1.0 0.0 0.0 0.0 0.0 0.0 0.0 0.0 0.0 0.0 0.0 0.0 0.0 0.0 0.0 1.0 0.0 0.0 0.0 0.839 1.0 0.857 0.821 0.0 0.0 -0.0 -0.0 0.905 0.5 0.905 0.0 0.905 0.7965 1.0 0.82 0.0 0.82 0.0 0.0 0.0 0.0 0.0 0.857 1.0 0.892 0.0 0.822
0.0 0.0 0.0 0.0 0.0 0.0 1.0 0.0 0.0 0.0 0.0 0.0 0.0 0.0 0.0 0.0 0.0 0.0 0.0 0.0 0.0 1.0 0.0 0.0 0.0 0.6 0.75 0.911 0.792 0.78 0.25 -0.0 0.78 0.33433333333333337 0.75 0.868 -0.73 0.868 0.39899999999999997 0.5 0.717 0.0 0.717 -0.84 0.25 0.0 -0.84 -0.84 0.535 0.5 0.958 0.0 0.958
0.0 0.0 0.0 0.0 0.0 0.0 0.0 0.0 0.0 1.0 0.0 0.0 0.0 0.0 0.0 0.0 0.0 0.0 0.0 1.0 0.0 0.0 0.0 0.0 0.0 0.779 0.5 0.779 0.779 0.75 0.5 -0.0 0.75 0.784 0.5 0.784 0.0 0.784 0.764 0.5 0.764 0.0 0.764 0.801 0.5 0.801 0.0 0.801 0.040000000000000036 1.0 0.79 -0.71 0.79
0.0 0.0 0.0 0.0 0.0 1.0 1.0 0.0 0.0 0.0 0.0 0.0 0.0 0.0 0.0 0.0 0.0 0.0 0.0 0.0 0.0 0.0 1.0 0.0 0.0 0.659125 1.0 0.845 0.789 0.0 0.0 -0.0 -0.0 0.6365 0.75 1.0 0.0 0.633 -0.15625000000000003 0.5 0.728 -0.79 -0.79 0.0 0.0 0.0 0.0 0.0 0.69825 1.0 0.96 0.0 0.935
0.0 0.0 0.0 0.0 0.0 0.0 2.0 0.0 0.0 1.0 0.0 1.0 0.0 0.0 0.0 0.0 0.0 0.0 0.0 1.0 0.0 0.0 0.0 0.0 0.0 0.45299999999999996 0.6666666666666666 0.858 0.157 0.485 0.3333333333333333 -0.0 0.94 0.3148 0.8333333333333334 0.791 -0.04 0.082 0.304 0.6666666666666666 0.924 -0.04 0.191 -0.318 0.5 0.056 -0.92 -0.92 0.01080000000000001 0.8333333333333334 0.706 -0.96 -0.96
0.0 0.0 1.0 0.0 0.0 0.0 3.0 0.0 1.0 0.0 0.0 6.0 0.0 0.0 0.0 0.0 0.0 0.0 0.0 0.0 0.0 0.0 0.0 0.0 0.0 0.48105555555555557 0.8571428571428571 0.957 0.034 0.2933333333333334 0.14285714285714285 -0.0 0.81 0.28337500000000004 0.7619047619047619 0.956 -0.77 0.02 0.3072 0.7142857142857143 0.969 -0.79 0.085 0.050624999999999996 0.38095238095238093 0.816 -0.12 -0.05 0.3384 0.7142857142857143 0.945 -0.85 0.085
0.0 0.0 0.0 0.0 0.0 0.0 1.0 0.0 0.0 0.0 0.0 1.0 0.0 0.0 0.0 0.0 0.0 0.0 0.0 0.0 0.0 1.0 0.0 0.0 0.0 0.0 0.0 0.0 0.0 0.0 0.0 -0.0 -0.0 0.0 0.0 0.0 0.0 0.0 0.0 0.0 0.0 0.0 0.0 0.0 0.0 0.0 0.0 0.0 0.0 0.0 0.0 0.0 0.0
0.0 0.0 0.0 0.0 0.0 0.0 2.0 0.0 0.0 0.0 0.0 0.0 0.0 0.0 0.0 0.0 0.0 0.0 0.0 0.0 0.0 1.0 0.0 0.0 0.0 0.45999999999999996 0.8888888888888888 0.857 0.849 0.65 0.1111111111111111 -0.0 0.65 0.41685714285714287 0.7777777777777778 0.907 -0.51 0.907 0.3735 0.6666666666666666 0.773 0.0 0.773 0.08450000000000002 0.4444444444444444 0.545 -0.11 -0.11 0.345 1.0 0.892 -0.91 0.79
0.0 0.0 0.0 0.0 0.0 0.0 1.0 0.0 1.0 0.0 0.0 0.0 0.0 0.0 0.0 0.0 0.0 0.0 0.0 0.0 0.0 1.0 0.0 0.0 0.0 0.06566666666666666 0.6 0.103 0.02 0.635 0.4 -0.0 0.34 -0.181 1.0 0.098 -0.87 -0.05 0.12125000000000001 0.8 0.165 0.0 0.081 0.28579999999999994 1.0 0.936 -0.13 0.021 -0.22220000000000004 1.0 0.284 -0.98 0.073
0.0 0.0 0.0 0.0 1.0 2.0 0.0 0.0 2.0 1.0 0.0 0.0 0.0 1.0 0.0 0.0 0.0 0.0 0.0 0.0 0.0 0.0 0.0 1.0 0.0 0.6817173913043478 0.8846153846153846 0.964 0.82 0.5616666666666666 0.11538461538461539 -0.0 0.85 0.538595238095238 0.8076923076923077 0.967 -0.95 -0.95 0.0499375 0.6153846153846154 0.998 -0.94 0.816 -0.17090909090909093 0.21153846153846154 0.721 -0.74 -0.74 0.5627777777777777 0.8653846153846154 0.996 -0.78 0.922
0.0 0.0 0.0 0.0 0.0 0.0 0.0 0.0 0.0 0.0 0.0 0.0 0.0 1.0 0.0 0.0 0.0 0.0 0.0 0.0 0.0 0.0 0.0 1.0 0.0 0.5821818181818182 0.9166666666666666 0.849 0.163 0.78 0.08333333333333333 -0.0 0.78 0.4977272727272727 0.9166666666666666 0.922 -0.75 0.096 0.3283999999999999 0.8333333333333334 0.776 -0.65 0.296 0.06249999999999998 0.3333333333333333 0.82 -0.26 -0.15 0.6052222222222222 0.75 0.841 0.0 0.419
0.0 0.0 0.0 0.0 0.0 0.0 1.0 0.0 0.0 0.0 0.0 0.0 0.0 0.0 0.0 0.0 0.0 0.0 0.0 0.0 0.0 1.0 0.0 0.0 0.0 0.0 0.0 0.0 0.0 0.93 1.0 -0.0 0.93 -0.87 1.0 0.0 -0.87 -0.87 0.0 0.0 0.0 0.0 0.0 0.936 1.0 0.936 0.0 0.936 -0.98 1.0 0.0 -0.98 -0.98
0.0 0.0 0.0 0.0 0.0 3.0 2.0 0.0 3.0 0.0 0.0 0.0 0.0 1.0 0.0 0.0 0.0 0.0 0.0 0.0 0.0 1.0 0.0 0.0 0.0 0.5936444444444444 0.8823529411764706 0.952 0.952 0.6483333333333333 0.11764705882352941 -0.0 0.94 0.3745454545454546 0.8627450980392157 1.0 -0.97 -0.9 0.14097297297297298 0.7254901960784313 0.99 -0.88 0.953 0.11299999999999999 0.37254901960784315 0.943 -0.32 0.943 0.41926829268292687 0.803921568627451 0.935 -0.98 -0.98
0.0 0.0 1.0 0.0 0.0 0.0 2.0 0.0 0.0 0.0 0.0 0.0 0.0 0.0 0.0 0.0 0.0 0.0 0.0 0.0 0.0 1.0 0.0 0.0 0.0 0.3948571428571429 1.0 0.935 0.746 0.0 0.0 -0.0 -0.0 0.3488571428571428 1.0 0.956 -0.04 0.723 0.17525000000000002 0.5714285714285714 0.201 0.0 0.201 -0.06666666666666667 0.42857142857142855 0.0 -0.09 -0.04 0.4481428571428571 1.0 0.914 0.0 0.769
0.0 0.0 0.0 0.0 0.0 0.0 1.0 0.0 0.0 0.0 0.0 0.0 0.0 0.0 0.0 0.0 0.0 0.0 0.0 0.0 0.0 1.0 0.0 0.0 0.0 0.5870000000000001 0.8 0.935 0.857 0.36 0.2 -0.0 0.66 0.43833333333333324 0.9 0.956 -0.78 0.905 0.4575 0.4 0.801 0.0 0.773 0.14875 0.4 0.585 -0.11 0.585 0.37955555555555553 0.9 0.958 -0.63 0.892
0.0 0.0 0.0 0.0 0.0 0.0 1.0 0.0 0.0 0.0 0.0 0.0 0.0 0.0 0.0 0.0 0.0 0.0 0.0 0.0 0.0 1.0 0.0 0.0 0.0 0.428 1.0 0.849 0.074 0.0 0.0 -0.0 -0.0 0.46199999999999997 1.0 0.922 0.0 0.057 0.4585 0.5 0.776 0.0 0.141 -0.06 0.25 0.0 -0.06 -0.06 0.434 0.5 0.706 0.0 0.162
0.0 0.0 0.0 0.0 0.0 0.0 0.0 0.0 0.0 0.0 0.0 0.0 0.0 0.0 0.0 0.0 0.0 0.0 0.0 0.0 0.0 0.0 0.0 1.0 0.0 0.317375 1.0 0.868 0.262 0.0 0.0 -0.0 -0.0 0.298625 1.0 0.905 -0.07 0.43 0.33614285714285713 0.875 0.779 0.0 0.657 -0.11033333333333334 0.375 0.049 -0.28 -0.28 0.38187499999999996 1.0 0.921 0.0 0.244
0.0 0.0 0.0 0.0 0.0 0.0 0.0 0.0 0.0 0.0 0.0 1.0 0.0 1.0 0.0 0.0 0.0 0.0 0.0 0.0 0.0 0.0 0.0 1.0 0.0 0.32186363636363635 0.9565217391304348 0.878 0.072 0.03 0.043478260869565216 -0.0 0.03 0.34341176470588236 0.7391304347826086 0.88 -0.05 -0.05 0.0769047619047619 0.9130434782608695 0.984 -0.85 0.102 -0.028 0.391304347826087 0.113 -0.2 -0.08 0.3242380952380952 0.9130434782608695 0.935 -0.04 0.167
0.0 0.0 0.0 0.0 0.0 0.0 1.0 0.0 0.0 1.0 0.0 0.0 0.0 0.0 0.0 0.0 0.0 0.0 0.0 0.0 0.0 1.0 0.0 0.0 0.0 0.459 0.8571428571428571 0.911 0.125 0.765 0.14285714285714285 -0.0 0.78 0.18318181818181814 0.7857142857142857 0.865 -0.89 0.17 -0.07814285714285715 0.5 0.313 -0.79 0.211 0.120375 0.5714285714285714 0.82 -0.2 -0.12 0.478 0.9285714285714286 0.958 -0.69 0.286
0.0 0.0 0.0 0.0 0.0 0.0 2.0 0.0 3.0 0.0 0.0 0.0 0.0 1.0 0.0 0.0 0.0 0.0 0.0 0.0 0.0 1.0 0.0 0.0 0.0 0.5063653846153845 0.8666666666666667 0.971 0.805 0.59875 0.13333333333333333 -0.0 0.08 0.31014893617021283 0.7833333333333333 0.981 -0.99 0.943 0.17234999999999998 0.6666666666666666 0.999 -0.85 0.819 0.16121739130434784 0.38333333333333336 0.99 -0.16 -0.05 0.3844181818181818 0.9166666666666666 0.935 -0.97 0.792
0.0 0.0 0.0 0.0 0.0 0.0 2.0 0.0 0.0 0.0 0.0 0.0 0.0 0.0 0.0 0.0 0.0 0.0 0.0 0.0 0.0 1.0 0.0 0.0 0.0 0.5656 1.0 0.935 0.83 0.0 0.0 -0.0 -0.0 0.7435 0.8 1.0 0.0 1.0 0.2385 0.4 0.239 0.0 0.238 0.0315 0.4 0.049 0.0 0.014 0.5586 1.0 0.914 0.0 0.66
0.0 0.0 2.0 0.0 1.0 1.0 9.0 0.0 1.0 0.0 0.0 1.0 0.0 2.0 0.0 0.0 0.0 0.0 0.0 0.0 0.0 1.0 0.0 0.0 0.0 0.5047083333333333 0.96 0.935 0.799 0.75 0.04 -0.0 0.75 0.43526086956521737 0.92 0.961 -0.79 0.72 0.1115 0.56 0.924 -0.79 0.158 0.1855 0.16 0.697 -0.06 -0.06 0.4738260869565217 0.92 0.958 -0.78 0.879
0.0 0.0 0.0 0.0 0.0 0.0 0.0 0.0 0.0 1.0 0.0 0.0 0.0 0.0 0.0 0.0 0.0 0.0 0.0 1.0 0.0 0.0 0.0 0.0 0.0 0.66125 1.0 0.911 0.83 0.0 0.0 -0.0 -0.0 0.63925 1.0 1.0 0.0 1.0 -0.258 0.5 0.274 -0.79 -0.79 -0.11 0.25 0.0 -0.11 -0.11 0.69925 1.0 0.958 0.0 0.66
0.0 0.0 0.0 0.0 0.0 0.0 0.0 0.0 0.0 0.0 0.0 0.0 0.0 0.0 0.0 0.0 0.0 0.0 0.0 0.0 0.0 0.0 0.0 0.0 0.0 0.5910000000000001 0.8 0.83 0.043 0.04 0.2 -0.0 0.04 0.58675 0.8 1.0 -0.06 -0.06 -0.19866666666666669 0.6 0.074 -0.65 0.074 0.0595 0.4 0.068 0.0 0.051 0.4628 1.0 0.851 -0.09 0.105
0.0 0.0 1.0 0.0 0.0 0.0 2.0 0.0 0.0 1.0 0.0 0.0 0.0 0.0 0.0 0.0 0.0 0.0 0.0 0.0 0.0 1.0 0.0 0.0 0.0 0.5756666666666667 0.75 0.883 0.746 0.66 0.25 -0.0 0.66 0.1875 1.0 0.765 -0.78 0.723 -0.33099999999999996 0.5 0.338 -1.0 0.338 0.1875 0.5 0.585 -0.21 -0.21 0.12366666666666666 0.75 0.769 -0.63 0.769
0.0 0.0 0.0 0.0 0.0 0.0 1.0 0.0 0.0 1.0 0.0 0.0 0.0 0.0 0.0 0.0 0.0 0.0 0.0 1.0 0.0 0.0 0.0 0.0 0.0 0.8493333333333334 0.75 0.911 0.911 0.66 0.25 -0.0 0.66 0.44125000000000003 1.0 0.899 -0.78 0.865 0.0 0.0 0.0 0.0 0.0 0.585 0.25 0.585 0.0 0.585 0.4805 1.0 0.958 -0.63 0.958
0.0 0.0 0.0 0.0 1.0 1.0 2.0 0.0 1.0 0.0 0.0 1.0 0.0 0.0 0.0 0.0 0.0 0.0 0.0 0.0 0.0 0.0 0.0 1.0 0.0 0.5236176470588234 0.8717948717948718 0.97 0.906 0.818 0.1282051282051282 -0.0 0.69 0.34170588235294125 0.8717948717948718 0.956 -0.99 -0.99 0.20036666666666667 0.7692307692307693 0.991 -0.83 0.921 0.0782307692307692 0.3333333333333333 0.932 -0.36 0.553 0.348060606060606 0.8461538461538461 0.935 -0.96 0.891
0.0 0.0 0.0 0.0 0.0 1.0 1.0 0.0 2.0 0.0 0.0 1.0 0.0 0.0 0.0 0.0 0.0 0.0 0.0 0.0 0.0 0.0 0.0 1.0 0.0 0.5797096774193548 0.9117647058823529 0.943 0.839 0.5166666666666667 0.08823529411764706 -0.0 0.03 0.37262962962962964 0.7941176470588235 0.973 -0.95 0.973 0.016481481481481455 0.7941176470588235 0.979 -0.94 0.701 -0.13642857142857143 0.20588235294117646 0.552 -0.95 -0.09 0.496888888888889 0.7941176470588235 0.944 -0.65 0.705
0.0 0.0 0.0 0.0 0.0 0.0 1.0 0.0 0.0 0.0 0.0 0.0 0.0 0.0 0.0 0.0 0.0 0.0 0.0 0.0 0.0 1.0 0.0 0.0 0.0 0.7118333333333333 1.0 0.886 0.043 0.0 0.0 -0.0 -0.0 0.6113999999999999 0.8333333333333334 0.812 -0.07 -0.07 0.7856 0.8333333333333334 0.99 0.0 0.112 -0.06 0.16666666666666666 0.0 -0.06 -0.06 0.6923999999999999 0.8333333333333334 0.838 0.0 0.191
0.0 0.0 0.0 0.0 0.0 0.0 1.0 0.0 0.0 0.0 0.0 0.0 0.0 0.0 0.0 0.0 0.0 0.0 0.0 0.0 0.0 1.0 0.0 0.0 0.0 0.857 1.0 0.857 0.857 0.0 0.0 -0.0 -0.0 0.905 1.0 0.905 0.0 0.905 0.773 1.0 0.773 0.0 0.773 0.0 0.0 0.0 0.0 0.0 0.892 1.0 0.892 0.0 0.892
0.0 0.0 0.0 0.0 0.0 0.0 0.0 0.0 0.0 0.0 0.0 3.0 0.0 0.0 0.0 0.0 0.0 0.0 0.0 0.0 0.0 0.0 0.0 1.0 0.0 0.47051724137931034 0.8787878787878788 0.951 0.258 0.6025 0.12121212121212122 -0.0 0.73 0.28375999999999996 0.7575757575757576 0.967 -0.95 0.277 0.3748333333333333 0.7272727272727273 0.984 -0.73 0.161 -0.015750000000000024 0.36363636363636365 0.988 -0.71 0.988 0.34496153846153843 0.7878787878787878 0.99 -0.73 0.337
0.0 0.0 0.0 0.0 0.0 0.0 0.0 0.0 0.0 0.0 0.0 0.0 0.0 0.0 0.0 0.0 0.0 0.0 0.0 0.0 0.0 0.0 0.0 1.0 0.0 0.5826666666666667 0.75 0.935 0.641 0.5566666666666666 0.25 -0.0 0.82 0.36744444444444446 0.75 0.956 -0.77 0.535 0.39699999999999996 0.5833333333333334 0.955 -0.01 0.531 0.371 0.3333333333333333 0.828 -0.1 0.828 0.4545 0.8333333333333334 0.916 -0.85 0.858
0.0 0.0 0.0 0.0 0.0 0.0 1.0 0.0 0.0 0.0 0.0 2.0 0.0 0.0 0.0 0.0 0.0 0.0 0.0 0.0 0.0 0.0 0.0 1.0 0.0 0.5124736842105263 0.8260869565217391 0.935 0.728 0.6175 0.17391304347826086 -0.0 0.86 0.22446666666666668 0.6521739130434783 0.956 -0.89 -0.79 -0.18657142857142858 0.6086956521739131 0.716 -0.98 0.716 0.2522222222222222 0.391304347826087 0.974 -0.12 0.974 0.31699999999999995 0.9565217391304348 0.935 -0.83 -0.83
0.0 0.0 0.0 0.0 0.0 0.0 1.0 0.0 0.0 0.0 0.0 0.0 0.0 0.0 0.0 0.0 0.0 0.0 0.0 0.0 0.0 1.0 0.0 0.0 0.0 0.8403333333333333 1.0 0.886 0.886 0.0 0.0 -0.0 -0.0 0.8049999999999999 0.6666666666666666 0.905 0.0 0.905 0.8815 0.6666666666666666 0.99 0.0 0.99 0.0 0.0 0.0 0.0 0.0 0.8416666666666667 1.0 0.892 0.0 0.782
0.0 0.0 0.0 0.0 0.0 0.0 0.0 0.0 1.0 0.0 0.0 0.0 0.0 0.0 0.0 0.0 0.0 0.0 0.0 0.0 0.0 0.0 0.0 1.0 0.0 0.5629375 0.9411764705882353 0.966 0.091 0.31 0.058823529411764705 -0.0 0.31 0.4511764705882353 1.0 1.0 -0.74 0.03 -0.08977777777777778 0.5294117647058824 0.902 -0.99 0.12 -0.15 0.23529411764705882 0.0 -0.42 -0.04 0.5519285714285714 0.8235294117647058 0.935 0.0 0.26
0.0 0.0 0.0 0.0 0.0 0.0 1.0 0.0 0.0 0.0 0.0 0.0 0.0 0.0 0.0 0.0 0.0 0.0 0.0 0.0 0.0 1.0 0.0 0.0 0.0 0.439 1.0 0.83 0.048 0.0 0.0 -0.0 -0.0 0.46499999999999997 1.0 1.0 -0.07 -0.07 0.186 0.5 0.186 0.0 0.186 -0.1 0.5 0.0 -0.1 -0.1 0.4205 1.0 0.66 0.0 0.181
0.0 0.0 0.0 0.0 0.0 0.0 1.0 0.0 1.0 0.0 0.0 1.0 0.0 1.0 0.0 0.0 0.0 0.0 0.0 0.0 0.0 1.0 0.0 0.0 0.0 0.6002291666666667 0.8727272727272727 0.935 0.856 0.6842857142857143 0.12727272727272726 -0.0 0.82 0.42053333333333326 0.8181818181818182 1.0 -0.9 0.817 0.18219444444444446 0.6545454545454545 0.902 -0.88 0.78 -0.09807142857142861 0.2545454545454545 0.828 -0.91 0.828 0.5817954545454547 0.8 0.978 -0.74 0.971
0.0 0.0 0.0 0.0 0.0 0.0 1.0 0.0 0.0 0.0 0.0 0.0 0.0 0.0 0.0 0.0 0.0 0.0 0.0 0.0 0.0 0.0 0.0 1.0 0.0 0.5422857142857144 0.7777777777777778 0.933 0.157 0.8 0.2222222222222222 -0.0 0.94 0.3104285714285714 0.7777777777777778 0.972 -0.78 0.082 0.19979999999999998 0.5555555555555556 0.99 -0.67 0.191 -0.11150000000000002 0.4444444444444444 0.585 -0.92 -0.92 0.27411111111111114 1.0 0.898 -0.96 -0.96
0.0 0.0 0.0 0.0 0.0 0.0 1.0 0.0 0.0 0.0 0.0 0.0 0.0 0.0 0.0 0.0 0.0 0.0 0.0 0.0 0.0 0.0 0.0 1.0 0.0 0.3504651162790698 0.86 0.939 0.805 0.5899999999999999 0.14 -0.0 0.1 0.23130769230769233 0.78 0.979 -0.99 -0.99 0.033756756756756746 0.74 0.979 -0.95 0.819 -0.06833333333333334 0.42 0.744 -0.74 -0.08 0.23369565217391308 0.92 0.969 -0.9 0.792
0.0 0.0 1.0 0.0 0.0 0.0 2.0 0.0 0.0 0.0 0.0 0.0 0.0 0.0 0.0 0.0 0.0 0.0 0.0 0.0 0.0 1.0 0.0 0.0 0.0 0.8686666666666666 0.75 0.951 0.911 0.04 0.25 -0.0 0.04 0.5286666666666666 0.75 0.865 -0.06 -0.06 0.911 0.25 0.911 0.0 0.911 0.026 0.25 0.026 0.0 0.026 0.8846666666666666 0.75 0.99 0.0 0.958
0.0 0.0 1.0 0.0 0.0 0.0 2.0 0.0 1.0 0.0 0.0 0.0 0.0 1.0 0.0 0.0 0.0 0.0 0.0 0.0 0.0 1.0 0.0 0.0 0.0 0.680394736842105 0.8636363636363636 0.935 0.738 0.8183333333333334 0.13636363636363635 -0.0 0.93 0.45963333333333334 0.6818181818181818 0.973 -0.96 0.966 0.007241379310344826 0.6590909090909091 0.817 -0.92 -0.66 0.472 0.22727272727272727 0.958 -0.09 0.88 0.47284615384615364 0.8863636363636364 0.959 -0.94 0.578
0.0 0.0 0.0 0.0 0.0 0.0 0.0 0.0 0.0 0.0 0.0 0.0 0.0 0.0 0.0 0.0 0.0 0.0 0.0 0.0 0.0 0.0 0.0 0.0 0.0 0.8205 1.0 0.862 0.779 0.0 0.0 -0.0 -0.0 0.855 1.0 0.926 0.0 0.784 0.781 1.0 0.798 0.0 0.764 0.0 0.0 0.0 0.0 0.0 0.79 0.5 0.79 0.0 0.79
0.0 0.0 0.0 0.0 0.0 0.0 1.0 0.0 0.0 0.0 0.0 0.0 0.0 0.0 0.0 0.0 0.0 0.0 0.0 0.0 0.0 1.0 0.0 0.0 0.0 0.8246666666666668 1.0 0.857 0.821 0.0 0.0 -0.0 -0.0 0.9505 0.6666666666666666 0.996 0.0 0.905 0.25766666666666665 1.0 0.82 -0.82 0.82 0.0 0.0 0.0 0.0 0.0 0.761 1.0 0.892 0.0 0.822
0.0 0.0 0.0 0.0 0.0 0.0 0.0 0.0 1.0 0.0 0.0 0.0 0.0 0.0 0.0 0.0 0.0 0.0 0.0 0.0 0.0 0.0 0.0 1.0 0.0 0.5994666666666666 0.8333333333333334 0.94 0.827 0.28 0.16666666666666666 -0.0 0.07 0.44668749999999996 0.8888888888888888 0.956 -0.75 0.595 0.4457777777777777 0.5 0.996 -0.65 0.893 0.0432 0.2777777777777778 0.614 -0.32 0.009 0.4678666666666667 0.8333333333333334 0.993 -0.74 0.993
0.0 0.0 0.0 0.0 0.0 0.0 3.0 0.0 2.0 0.0 0.0 0.0 0.0 1.0 0.0 0.0 0.0 0.0 0.0 0.0 0.0 1.0 0.0 0.0 0.0 0.5381428571428571 0.8076923076923077 0.935 0.165 0.774 0.19230769230769232 -0.0 0.78 0.21870833333333328 0.9230769230769231 0.995 -0.99 0.14 0.10311764705882352 0.6538461538461539 0.967 -0.91 0.345 0.06554545454545453 0.4230769230769231 0.987 -0.8 -0.2 0.2194285714285715 0.8076923076923077 0.974 -0.97 0.378
0.0 0.0 0.0 0.0 0.0 0.0 0.0 0.0 0.0 0.0 0.0 0.0 0.0 0.0 0.0 0.0 0.0 0.0 0.0 0.0 0.0 0.0 0.0 1.0 0.0 0.7825 1.0 0.821 0.821 0.0 0.0 -0.0 -0.0 0.781 0.5 0.781 0.0 0.781 0.82 0.5 0.82 0.0 0.82 0.0 0.0 0.0 0.0 0.0 0.764 1.0 0.822 0.0 0.822
0.0 0.0 0.0 0.0 0.0 0.0 1.0 0.0 0.0 0.0 0.0 0.0 0.0 0.0 0.0 0.0 0.0 0.0 0.0 0.0 0.0 0.0 0.0 0.0 0.0 0.5291750000000001 0.8695652173913043 0.943 0.124 0.635 0.13043478260869565 -0.0 0.05 0.4243243243243243 0.8043478260869565 0.967 -0.89 -0.02 0.1603823529411765 0.7391304347826086 0.979 -0.79 0.203 0.17327777777777778 0.391304347826087 0.781 -0.23 0.036 0.36307894736842106 0.8260869565217391 0.935 -0.89 0.204
0.0 0.0 0.0 0.0 1.0 0.0 1.0 0.0 0.0 0.0 0.0 3.0 0.0 0.0 0.0 0.0 0.0 0.0 0.0 0.0 0.0 1.0 0.0 0.0 0.0 0.551076923076923 0.7222222222222222 0.943 0.074 0.382 0.2777777777777778 -0.0 0.31 0.3121428571428572 0.7777777777777778 0.985 -0.96 -0.08 0.26335714285714285 0.7777777777777778 0.984 -0.81 0.158 0.14042857142857143 0.3888888888888889 0.659 -0.26 0.659 0.11238461538461537 0.7222222222222222 0.838 -0.92 -0.65
0.0 0.0 0.0 0.0 0.0 0.0 0.0 0.0 2.0 0.0 0.0 0.0 0.0 1.0 0.0 0.0 0.0 0.0 0.0 0.0 0.0 0.0 0.0 1.0 0.0 0.41771428571428576 0.8235294117647058 0.886 0.873 0.8266666666666667 0.17647058823529413 -0.0 0.74 0.002615384615384626 0.7647058823529411 0.922 -0.99 0.777 0.4160769230769231 0.7647058823529411 0.99 -0.85 0.899 -0.14825 0.47058823529411764 0.694 -0.96 -0.06 0.21156250000000004 0.9411764705882353 0.846 -0.78 0.846
0.0 0.0 0.0 0.0 0.0 0.0 0.0 0.0 2.0 0.0 0.0 1.0 0.0 2.0 0.0 0.0 0.0 0.0 0.0 0.0 0.0 0.0 0.0 0.0 0.0 0.6151 1.0 0.886 0.886 0.0 0.0 -0.0 -0.0 0.4585000000000001 0.6 0.92 -0.03 0.815 0.09350000000000003 1.0 0.99 -0.94 0.99 -0.07333333333333333 0.3 0.0 -0.13 -0.13 0.55575 0.8 0.893 0.0 0.782
0.0 0.0 0.0 0.0 0.0 0.0 1.0 0.0 0.0 0.0 0.0 0.0 0.0 0.0 0.0 0.0 0.0 0.0 0.0 0.0 0.0 1.0 0.0 0.0 0.0 0.5434166666666667 0.75 0.939 0.857 0.535 0.25 -0.0 0.84 0.2609333333333333 0.9375 0.956 -0.95 -0.95 0.08358333333333334 0.75 0.979 -0.9 0.773 0.17983333333333332 0.375 0.585 -0.09 0.585 0.17607692307692308 0.8125 0.914 -0.73 -0.73
0.0 0.0 0.0 0.0 0.0 0.0 1.0 0.0 1.0 0.0 0.0 1.0 0.0 3.0 0.0 0.0 0.0 0.0 0.0 0.0 0.0 1.0 0.0 0.0 0.0 0.5348518518518519 0.75 0.939 0.144 0.7977777777777777 0.25 -0.0 0.86 0.15073076923076922 0.7222222222222222 0.956 -0.95 0.956 0.2893181818181818 0.6111111111111112 0.99 -0.94 0.256 0.054499999999999986 0.4444444444444444 0.99 -0.88 -0.05 0.2193548387096774 0.8611111111111112 0.914 -0.99 0.228
0.0 0.0 0.0 0.0 0.0 0.0 1.0 0.0 0.0 0.0 0.0 2.0 0.0 1.0 0.0 0.0 0.0 0.0 0.0 0.0 0.0 0.0 0.0 0.0 0.0 0.6403888888888889 0.9 0.943 0.794 0.5 0.1 -0.0 0.07 0.4496428571428572 0.7 0.956 -0.87 -0.06 0.16373333333333331 0.75 0.979 -0.85 -0.85 0.31233333333333335 0.15 0.936 -0.07 0.071 0.4381538461538462 0.65 0.935 -0.98 -0.08
0.0 0.0 0.0 0.0 0.0 0.0 1.0 0.0 0.0 1.0 0.0 0.0 0.0 0.0 0.0 0.0 0.0 0.0 0.0 1.0 0.0 0.0 0.0 0.0 0.0 0.5407692307692309 1.0 0.939 0.061 0.0 0.0 -0.0 -0.0 0.46744444444444444 0.6923076923076923 0.972 -0.07 0.09 0.07163636363636362 0.8461538461538461 0.99 -0.95 0.13 -0.010499999999999995 0.15384615384615385 0.069 -0.09 -0.09 0.5158333333333333 0.9230769230769231 0.895 0.0 0.122
0.0 0.0 0.0 0.0 0.0 0.0 1.0 0.0 0.0 0.0 0.0 0.0 0.0 0.0 0.0 0.0 0.0 0.0 0.0 0.0 0.0 1.0 0.0 0.0 0.0 0.4195882352941177 1.0 0.935 0.903 0.0 0.0 -0.0 -0.0 0.48799999999999993 0.7647058823529411 0.97 -0.1 0.746 0.18730769230769231 0.7647058823529411 0.97 -0.65 0.97 0.1266 0.29411764705882354 0.773 -0.11 0.773 0.4715 0.9411764705882353 0.998 -0.03 0.994
0.0 0.0 0.0 0.0 0.0 0.0 1.0 0.0 0.0 0.0 0.0 0.0 0.0 1.0 0.0 0.0 0.0 0.0 0.0 0.0 0.0 1.0 0.0 0.0 0.0 0.8836666666666666 1.0 0.968 0.939 0.0 0.0 -0.0 -0.0 0.8400000000000001 0.6666666666666666 0.899 0.0 0.899 0.9855 0.6666666666666666 0.992 0.0 0.979 0.0 0.0 0.0 0.0 0.0 0.8254999999999999 0.6666666666666666 0.945 0.0 0.945
0.0 0.0 0.0 0.0 0.0 1.0 0.0 0.0 0.0 0.0 0.0 1.0 0.0 0.0 0.0 0.0 0.0 0.0 0.0 0.0 0.0 0.0 1.0 0.0 0.0 0.503 0.875 0.857 0.849 0.76 0.125 -0.0 0.76 0.623 0.5 0.922 -0.04 0.922 0.15200000000000002 0.75 0.776 -0.94 0.776 -0.41 0.25 0.0 -0.74 -0.08 0.314 0.75 0.892 -0.78 0.744
0.0 0.0 0.0 0.0 0.0 0.0 1.0 0.0 0.0 0.0 0.0 1.0 0.0 1.0 0.0 0.0 0.0 0.0 0.0 0.0 0.0 0.0 0.0 1.0 0.0 0.6113124999999999 1.0 0.935 0.074 0.0 0.0 -0.0 -0.0 0.653642857142857 0.875 0.97 -0.04 0.057 0.23107692307692304 0.8125 0.795 -0.94 0.141 0.16799999999999998 0.25 0.773 -0.09 -0.06 0.6224999999999998 0.75 0.914 0.0 0.162
0.0 0.0 0.0 0.0 1.0 0.0 1.0 0.0 0.0 2.0 0.0 1.0 0.0 0.0 0.0 0.0 0.0 0.0 0.0 0.0 0.0 1.0 0.0 0.0 0.0 0.48538461538461536 1.0 0.861 0.106 0.0 0.0 -0.0 -0.0 0.565888888888889 0.6923076923076923 0.905 -0.04 0.905 -0.16466666666666663 0.9230769230769231 0.773 -0.94 0.142 -0.12666666666666668 0.23076923076923078 0.0 -0.22 -0.08 0.5230833333333335 0.9230769230769231 0.935 0.0 0.258
0.0 0.0 0.0 0.0 0.0 0.0 0.0 0.0 0.0 1.0 0.0 0.0 0.0 0.0 0.0 0.0 0.0 0.0 0.0 1.0 0.0 0.0 0.0 0.0 0.0 0.857 1.0 0.857 0.857 0.0 0.0 -0.0 -0.0 0.905 1.0 0.905 0.0 0.905 0.773 1.0 0.773 0.0 0.773 0.0 0.0 0.0 0.0 0.0 0.892 1.0 0.892 0.0 0.892
0.0 0.0 0.0 0.0 2.0 0.0 1.0 0.0 1.0 0.0 0.0 4.0 0.0 0.0 0.0 0.0 0.0 0.0 0.0 0.0 0.0 0.0 0.0 0.0 0.0 0.49811999999999995 0.8620689655172413 0.939 0.823 0.62 0.13793103448275862 -0.0 0.66 0.387409090909091 0.7586206896551724 0.967 -0.85 0.967 0.222 0.6206896551724138 0.979 -0.85 0.795 0.13941666666666666 0.41379310344827586 0.932 -0.21 -0.04 0.35366666666666663 0.8275862068965517 0.935 -0.96 0.706
0.0 0.0 0.0 0.0 0.0 1.0 1.0 0.0 0.0 1.0 0.0 0.0 0.0 0.0 0.0 0.0 0.0 0.0 0.0 1.0 0.0 0.0 0.0 0.0 0.0 0.7618571428571429 1.0 0.933 0.886 0.0 0.0 -0.0 -0.0 0.858 0.5714285714285714 0.972 0.0 0.972 0.5418 0.7142857142857143 0.99 -0.79 0.99 0.0 0.0 0.0 0.0 0.0 0.7475 0.8571428571428571 0.935 0.0 0.782
0.0 0.0 0.0 0.0 0.0 0.0 0.0 0.0 0.0 1.0 0.0 1.0 0.0 0.0 0.0 0.0 0.0 0.0 0.0 1.0 0.0 0.0 0.0 0.0 0.0 0.61552 0.8620689655172413 0.943 0.8 0.74 0.13793103448275862 -0.0 0.79 0.38492 0.8620689655172413 0.967 -0.93 0.825 0.3573157894736843 0.6551724137931034 0.979 -0.85 0.775 0.274 0.27586206896551724 0.82 -0.2 0.595 0.32378947368421057 0.6551724137931034 0.935 -0.86 -0.83
0.0 0.0 0.0 0.0 0.0 0.0 0.0 0.0 0.0 1.0 0.0 1.0 0.0 1.0 0.0 0.0 0.0 0.0 0.0 1.0 0.0 0.0 0.0 0.0 0.0 0.4532352941176472 0.8947368421052632 0.935 0.723 0.5424999999999999 0.10526315789473684 -0.0 0.07 0.4324583333333334 0.631578947368421 0.97 -0.9 0.746 0.2083103448275862 0.7631578947368421 0.97 -0.79 0.745 0.285875 0.21052631578947367 0.882 -0.11 0.773 0.34524242424242424 0.868421052631579 0.994 -0.99 0.701
0.0 0.0 0.0 0.0 2.0 0.0 0.0 0.0 0.0 1.0 0.0 2.0 0.0 0.0 0.0 0.0 0.0 0.0 0.0 1.0 0.0 0.0 0.0 0.0 0.0 0.6318529411764706 0.9444444444444444 0.949 0.903 0.43 0.05555555555555555 -0.0 0.02 0.579625 0.8888888888888888 0.97 -0.95 0.746 0.3315 0.7222222222222222 0.988 -0.94 0.97 0.03172727272727272 0.3055555555555556 0.773 -0.23 0.773 0.5627407407407409 0.75 0.994 -0.73 0.994
0.0 0.0 0.0 0.0 0.0 0.0 1.0 0.0 0.0 0.0 0.0 1.0 0.0 0.0 0.0 0.0 0.0 0.0 0.0 0.0 0.0 1.0 0.0 0.0 0.0 0.771 0.75 0.811 0.811 0.93 0.25 -0.0 0.93 0.3285 1.0 0.849 -0.87 0.849 -0.21666666666666665 0.75 0.79 -0.79 0.79 0.936 0.25 0.936 0.0 0.936 0.384 1.0 0.935 -0.98 0.793
0.0 0.0 0.0 0.0 0.0 0.0 1.0 0.0 0.0 0.0 0.0 0.0 0.0 0.0 0.0 0.0 0.0 0.0 0.0 0.0 0.0 1.0 0.0 0.0 0.0 0.3131176470588234 0.8947368421052632 0.939 0.061 0.75 0.10526315789473684 -0.0 0.81 0.15535416666666657 0.8421052631578947 0.995 -0.85 -0.12 0.07877500000000001 0.7017543859649122 0.979 -0.88 0.239 0.10244444444444444 0.47368421052631576 0.856 -0.21 -0.07 0.22689090909090914 0.9649122807017544 0.935 -0.87 0.203
0.0 0.0 0.0 0.0 0.0 0.0 1.0 0.0 0.0 2.0 0.0 0.0 0.0 0.0 0.0 0.0 0.0 0.0 0.0 1.0 0.0 0.0 0.0 0.0 0.0 0.7655000000000002 0.875 0.933 0.895 0.78 0.125 -0.0 0.86 0.524153846153846 0.8125 0.972 -0.97 0.893 0.7702857142857142 0.4375 0.99 0.0 0.97 0.491 0.25 0.773 -0.1 0.677 0.5477692307692308 0.8125 0.994 -0.95 0.898
0.0 0.0 0.0 0.0 0.0 0.0 2.0 0.0 1.0 0.0 0.0 2.0 0.0 0.0 0.0 0.0 0.0 0.0 0.0 0.0 0.0 1.0 0.0 0.0 0.0 0.5826969696969698 0.7674418604651163 0.943 0.848 0.618 0.23255813953488372 -0.0 0.65 0.19549999999999995 0.8372093023255814 0.977 -0.99 0.746 0.23606249999999995 0.7441860465116279 0.99 -0.86 0.871 0.25107692307692303 0.3023255813953488 0.98 -0.28 -0.13 0.32491176470588234 0.7906976744186046 0.935 -0.85 0.928
0.0 0.0 0.0 0.0 0.0 0.0 1.0 0.0 0.0 1.0 0.0 0.0 0.0 0.0 0.0 0.0 0.0 0.0 0.0 1.0 0.0 0.0 0.0 0.0 0.0 0.0 0.0 0.0 0.0 0.93 1.0 -0.0 0.93 -0.87 1.0 0.0 -0.87 -0.87 0.0 0.0 0.0 0.0 0.0 0.936 1.0 0.936 0.0 0.936 -0.98 1.0 0.0 -0.98 -0.98
0.0 0.0 0.0 0.0 0.0 0.0 1.0 0.0 1.0 0.0 0.0 1.0 0.0 1.0 0.0 0.0 0.0 0.0 0.0 0.0 0.0 1.0 0.0 0.0 0.0 0.3574705882352942 1.0 0.865 0.258 0.0 0.0 -0.0 -0.0 0.3686923076923077 0.7647058823529411 0.971 -0.04 0.277 0.1236875 0.9411764705882353 0.858 -0.94 0.161 1.4285714285714298E-4 0.4117647058823529 0.049 -0.09 0.049 0.3594 0.8823529411764706 0.892 0.0 0.337
0.0 0.0 0.0 0.0 0.0 0.0 1.0 0.0 0.0 1.0 0.0 0.0 0.0 0.0 0.0 0.0 0.0 0.0 0.0 1.0 0.0 0.0 0.0 0.0 0.0 0.3905 1.0 0.744 0.037 0.0 0.0 -0.0 -0.0 0.41050000000000003 1.0 0.781 0.0 0.04 0.074 0.5 0.074 0.0 0.074 0.059 0.5 0.059 0.0 0.059 0.39899999999999997 1.0 0.706 0.0 0.092
0.0 0.0 0.0 0.0 0.0 0.0 1.0 0.0 0.0 0.0 0.0 0.0 0.0 0.0 0.0 0.0 0.0 0.0 0.0 0.0 0.0 1.0 0.0 0.0 0.0 0.6125555555555555 0.75 0.939 0.08 0.56 0.25 -0.0 0.66 0.37570000000000003 0.8333333333333334 0.956 -0.78 -0.03 0.24714285714285714 0.5833333333333334 0.979 -0.87 0.201 -0.013000000000000006 0.4166666666666667 0.585 -0.44 -0.04 0.24770000000000003 0.8333333333333334 0.914 -0.78 0.201
0.0 0.0 0.0 0.0 0.0 0.0 1.0 0.0 0.0 1.0 0.0 1.0 0.0 1.0 0.0 0.0 0.0 0.0 0.0 1.0 0.0 0.0 0.0 0.0 0.0 0.4072 0.9090909090909091 0.939 0.046 0.36000000000000004 0.09090909090909091 -0.0 0.68 0.3300666666666667 0.6818181818181818 0.956 -0.75 -0.04 0.0864736842105263 0.8636363636363636 0.984 -0.94 0.127 -0.0430909090909091 0.5 0.589 -0.32 -0.12 0.33629999999999993 0.9090909090909091 0.914 -0.71 0.223
0.0 0.0 0.0 0.0 0.0 0.0 0.0 0.0 0.0 0.0 0.0 2.0 0.0 1.0 0.0 0.0 0.0 0.0 0.0 0.0 0.0 0.0 0.0 0.0 0.0 0.45407692307692316 0.9512195121951219 0.939 0.258 0.8700000000000001 0.04878048780487805 -0.0 0.93 0.34279310344827574 0.7073170731707317 0.956 -0.99 0.277 0.085375 0.7804878048780488 0.986 -0.94 0.161 3.5714285714285053E-4 0.34146341463414637 0.816 -0.15 0.06 0.4250000000000001 0.9512195121951219 0.935 -0.88 0.337
0.0 0.0 0.0 0.0 0.0 0.0 0.0 0.0 0.0 1.0 0.0 5.0 0.0 0.0 0.0 0.0 0.0 0.0 0.0 1.0 0.0 0.0 0.0 0.0 0.0 0.5325789473684209 0.9743589743589743 0.939 0.903 0.81 0.02564102564102564 -0.0 0.81 0.5863103448275863 0.7435897435897436 0.983 -0.81 0.746 0.21329411764705883 0.8717948717948718 0.979 -0.94 0.97 1.1111111111112354E-4 0.23076923076923078 0.773 -0.21 0.773 0.46985714285714286 0.717948717948718 0.994 0.0 0.994
0.0 0.0 0.0 0.0 0.0 2.0 1.0 0.0 0.0 0.0 0.0 3.0 0.0 1.0 0.0 0.0 0.0 0.0 0.0 0.0 0.0 0.0 1.0 0.0 0.0 0.4533181818181818 0.8461538461538461 0.935 0.889 0.71 0.15384615384615385 -0.0 0.74 0.2426 0.7692307692307693 0.956 -0.82 -0.78 -0.037263157894736824 0.7307692307692307 0.928 -0.95 0.773 0.07518181818181816 0.4230769230769231 0.958 -0.78 -0.78 0.28547826086956524 0.8846153846153846 0.935 -0.71 -0.71
0.0 0.0 0.0 0.0 0.0 0.0 1.0 0.0 0.0 0.0 0.0 0.0 0.0 0.0 0.0 0.0 0.0 0.0 0.0 0.0 0.0 1.0 0.0 0.0 0.0 0.6663333333333333 0.6 0.943 0.109 0.91 0.4 -0.0 0.91 0.7585000000000001 0.4 0.967 0.0 0.725 0.08819999999999999 0.5 0.943 -0.74 0.113 -0.8725 0.4 0.0 -0.88 -0.87 -0.09244444444444445 0.9 0.898 -0.95 -0.95
0.0 0.0 0.0 0.0 0.0 1.0 1.0 0.0 0.0 0.0 0.0 0.0 0.0 0.0 0.0 0.0 0.0 0.0 0.0 0.0 0.0 0.0 1.0 0.0 0.0 0.49750000000000005 0.6666666666666666 0.935 0.149 0.3866666666666667 0.3333333333333333 -0.0 0.07 0.10914285714285717 0.7777777777777778 0.956 -0.87 0.118 0.0918 0.5555555555555556 0.794 -0.94 0.181 0.16650000000000004 0.4444444444444444 0.936 -0.11 -0.07 0.1945 0.6666666666666666 0.914 -0.98 0.374
0.0 0.0 0.0 0.0 0.0 0.0 0.0 0.0 0.0 0.0 0.0 0.0 0.0 1.0 0.0 0.0 0.0 0.0 0.0 0.0 0.0 0.0 0.0 1.0 0.0 0.6057 0.7142857142857143 0.935 0.895 0.445 0.2857142857142857 -0.0 0.7 0.3365 0.8571428571428571 0.982 -0.75 0.893 -0.225375 0.5714285714285714 0.795 -0.94 0.795 0.3304 0.35714285714285715 0.948 -0.04 0.614 0.2942142857142857 1.0 0.935 -0.81 0.898
0.0 0.0 0.0 0.0 0.0 0.0 1.0 0.0 0.0 0.0 0.0 1.0 0.0 1.0 0.0 0.0 0.0 0.0 0.0 0.0 0.0 0.0 0.0 1.0 0.0 0.5178 0.8333333333333334 0.857 0.034 0.36 0.16666666666666666 -0.0 0.36 0.2336666666666666 1.0 0.905 -0.91 -0.91 0.32850000000000007 0.6666666666666666 0.773 0.0 0.096 -0.31 0.5 0.0 -0.72 -0.72 0.5205 1.0 0.892 0.0 0.098
0.0 0.0 1.0 0.0 0.0 0.0 3.0 0.0 1.0 0.0 0.0 1.0 0.0 0.0 0.0 0.0 0.0 0.0 0.0 0.0 0.0 0.0 0.0 0.0 0.0 0.34944444444444445 1.0 0.864 0.258 0.0 0.0 -0.0 -0.0 0.3065714285714286 0.7777777777777778 0.784 0.0 0.277 0.24785714285714291 0.7777777777777778 0.764 0.0 0.161 -0.07024999999999999 0.4444444444444444 0.029 -0.13 0.029 0.41422222222222227 1.0 0.864 0.0 0.337
0.0 0.0 0.0 0.0 0.0 0.0 2.0 0.0 0.0 0.0 0.0 0.0 0.0 1.0 0.0 0.0 0.0 0.0 0.0 0.0 0.0 0.0 0.0 1.0 0.0 0.4675714285714286 0.8235294117647058 0.935 0.091 0.77 0.17647058823529413 -0.0 0.74 0.21206250000000001 0.9411764705882353 0.956 -0.97 0.17 0.18811111111111112 0.5294117647058824 0.858 -0.65 0.158 0.10699999999999998 0.47058823529411764 0.585 -0.18 0.081 0.2392666666666667 0.8823529411764706 0.958 -0.86 0.184
0.0 0.0 0.0 0.0 0.0 0.0 1.0 0.0 3.0 0.0 0.0 6.0 0.0 1.0 0.0 0.0 0.0 0.0 0.0 0.0 0.0 0.0 0.0 1.0 0.0 0.4881086956521739 0.9387755102040817 0.983 0.983 0.5533333333333333 0.061224489795918366 -0.0 0.06 0.41575000000000006 0.8163265306122449 0.973 -0.77 0.04 0.0718611111111111 0.7346938775510204 0.983 -0.94 0.983 -0.006928571428571457 0.2857142857142857 0.847 -0.53 -0.17 0.361425 0.8163265306122449 0.958 -0.85 0.362
0.0 0.0 0.0 0.0 0.0 0.0 0.0 0.0 0.0 2.0 0.0 0.0 0.0 0.0 0.0 0.0 0.0 0.0 0.0 1.0 0.0 0.0 0.0 0.0 0.0 0.5856923076923077 0.8666666666666667 0.939 0.098 0.84 0.13333333333333333 -0.0 0.86 0.5060833333333333 0.8 0.977 -0.99 -0.99 0.3979 0.6666666666666666 0.979 -0.57 0.338 0.26420000000000005 0.3333333333333333 0.893 -0.21 0.893 0.4518181818181819 0.7333333333333333 0.959 -0.7 -0.7
0.0 0.0 0.0 0.0 0.0 0.0 1.0 0.0 0.0 0.0 0.0 0.0 0.0 0.0 0.0 0.0 0.0 0.0 0.0 0.0 0.0 1.0 0.0 0.0 0.0 0.7920000000000001 0.6 0.798 0.789 0.8700000000000001 0.4 -0.0 0.81 0.06300000000000003 1.0 0.781 -0.95 -0.95 -0.2406666666666667 0.6 0.858 -0.79 -0.79 0.8285 0.4 0.936 0.0 0.721 0.005250000000000005 0.8 0.935 -0.98 -0.75
0.0 0.0 0.0 0.0 0.0 2.0 0.0 0.0 0.0 0.0 0.0 0.0 0.0 0.0 0.0 0.0 0.0 0.0 0.0 0.0 0.0 0.0 1.0 0.0 0.0 0.107 1.0 0.107 0.107 0.0 0.0 -0.0 -0.0 -0.07 1.0 0.0 -0.07 -0.07 0.354 1.0 0.354 0.0 0.354 -0.21 1.0 0.0 -0.21 -0.21 0.366 1.0 0.366 0.0 0.366
0.0 0.0 0.0 0.0 0.0 0.0 1.0 0.0 1.0 0.0 0.0 1.0 0.0 2.0 0.0 0.0 0.0 0.0 0.0 0.0 0.0 1.0 0.0 0.0 0.0 0.581090909090909 0.9166666666666666 0.939 0.939 0.68 0.08333333333333333 -0.0 0.68 0.4949090909090909 0.9166666666666666 0.956 -0.55 0.899 0.1589 0.8333333333333334 0.979 -0.94 0.979 0.009799999999999986 0.4166666666666667 0.689 -0.34 -0.07 0.3892222222222223 0.75 0.935 -0.8 0.115
0.0 0.0 0.0 0.0 0.0 1.0 0.0 0.0 0.0 0.0 0.0 0.0 0.0 1.0 0.0 0.0 0.0 0.0 0.0 0.0 0.0 0.0 0.0 0.0 0.0 0.38580000000000003 1.0 0.846 0.068 0.0 0.0 -0.0 -0.0 0.112 0.2 0.112 0.0 0.112 -0.09499999999999999 0.8 0.333 -0.94 0.117 -0.165 0.4 0.0 -0.26 -0.07 0.4058 1.0 0.802 0.0 0.114
0.0 0.0 0.0 0.0 0.0 2.0 0.0 0.0 1.0 0.0 0.0 0.0 0.0 0.0 0.0 0.0 0.0 0.0 0.0 0.0 0.0 0.0 1.0 0.0 0.0 0.6064 0.9090909090909091 0.935 0.8 0.87 0.09090909090909091 -0.0 0.87 0.3781 0.9090909090909091 0.956 -0.95 0.8 -0.11771428571428573 0.6363636363636364 0.857 -0.85 0.194 -0.29500000000000004 0.36363636363636365 0.0 -0.78 -0.1 0.6659999999999999 0.8181818181818182 0.998 0.0 0.799
0.0 0.0 0.0 0.0 0.0 0.0 1.0 0.0 0.0 0.0 0.0 0.0 0.0 0.0 0.0 0.0 0.0 0.0 0.0 0.0 0.0 1.0 0.0 0.0 0.0 0.5323333333333333 0.6 0.836 0.836 0.815 0.4 -0.0 0.78 -0.0524 1.0 0.806 -0.95 0.806 0.13399999999999998 0.6 0.866 -0.65 0.866 0.494 0.6 0.82 -0.1 0.82 0.48450000000000004 0.4 0.788 0.0 0.181
0.0 0.0 0.0 0.0 0.0 2.0 0.0 0.0 0.0 0.0 0.0 2.0 0.0 0.0 0.0 0.0 0.0 0.0 0.0 0.0 0.0 0.0 1.0 0.0 0.0 0.48310526315789465 0.8636363636363636 0.939 0.774 0.26666666666666666 0.13636363636363635 -0.0 0.73 0.4186875 0.7272727272727273 0.964 -0.63 0.81 -0.023666666666666645 0.8181818181818182 0.979 -0.99 0.739 0.024875000000000008 0.36363636363636365 0.796 -0.28 0.796 0.3402631578947368 0.8636363636363636 0.935 -0.77 0.744
0.0 0.0 0.0 0.0 0.0 1.0 0.0 0.0 0.0 0.0 0.0 0.0 0.0 3.0 0.0 0.0 0.0 0.0 0.0 0.0 0.0 0.0 1.0 0.0 0.0 0.3821111111111111 0.6 0.935 0.081 0.7650000000000001 0.4 -0.0 0.8 -0.15369696969696972 0.7333333333333333 0.956 -0.9 0.633 -0.07769565217391305 0.5111111111111111 0.331 -0.94 0.163 0.18542857142857141 0.6222222222222222 0.936 -1.0 -0.04 -0.02467441860465114 0.9555555555555556 0.935 -1.0 0.13
0.0 0.0 0.0 0.0 0.0 1.0 0.0 0.0 2.0 0.0 0.0 1.0 0.0 0.0 0.0 0.0 0.0 0.0 0.0 0.0 0.0 0.0 1.0 0.0 0.0 0.5654666666666667 0.6976744186046512 0.935 0.819 0.7184615384615386 0.3023255813953488 -0.0 0.82 0.12291666666666666 0.8372093023255814 0.956 -0.98 0.777 -0.07492000000000001 0.5813953488372093 0.893 -0.95 -0.88 0.2424705882352941 0.3953488372093023 0.948 -0.26 -0.1 0.22351219512195125 0.9534883720930233 0.947 -0.93 0.79
0.0 0.0 0.0 0.0 0.0 0.0 1.0 0.0 0.0 0.0 0.0 0.0 0.0 0.0 0.0 0.0 0.0 0.0 0.0 0.0 0.0 1.0 0.0 0.0 0.0 0.939 0.3333333333333333 0.939 0.939 0.395 0.6666666666666666 -0.0 0.65 -0.157 1.0 0.899 -0.93 -0.93 0.645 0.6666666666666666 0.979 0.0 0.979 0.07250000000000001 0.6666666666666666 0.096 0.0 0.096 -0.655 0.6666666666666666 0.0 -0.92 -0.92
0.0 0.0 0.0 0.0 0.0 0.0 1.0 0.0 0.0 0.0 0.0 0.0 0.0 0.0 0.0 0.0 0.0 0.0 0.0 0.0 0.0 1.0 0.0 0.0 0.0 0.5313333333333333 0.75 0.789 0.073 0.7 0.25 -0.0 0.7 0.46866666666666673 0.75 0.737 0.0 0.036 -0.79 0.25 0.0 -0.79 -0.79 -0.7 0.25 0.0 -0.7 -0.7 0.5910000000000001 0.75 0.935 0.0 0.11
