0.0 0.0 0.0 0.0 0.0 0.0 0.0 0.0 0.0 1.0 0.0 0.0 0.0 1.0 0.0 0.0 0.0 0.0 0.0 0.0 0.0 0.0 0.0 1.0 0.0 0.4185714285714286 0.7 0.907 0.075 0.5533333333333333 0.3 -0.0 0.02 0.206 0.9 0.922 -0.95 0.041 0.27780000000000005 0.5 0.776 -0.02 0.277 0.2652 0.5 0.721 -0.08 -0.08 0.087375 0.8 0.959 -0.94 0.109
0.0 0.0 0.0 0.0 0.0 0.0 0.0 0.0 0.0 1.0 0.0 0.0 0.0 0.0 0.0 0.0 0.0 0.0 0.0 1.0 0.0 0.0 0.0 0.0 0.0 0.6791111111111111 0.75 0.931 0.841 0.44333333333333336 0.25 -0.0 0.66 0.3468000000000001 0.8333333333333334 0.922 -0.78 0.785 0.3907142857142857 0.5833333333333334 0.964 -0.79 0.76 0.573 0.16666666666666666 0.585 0.0 0.585 0.3405 0.8333333333333334 0.979 -0.63 0.979
0.0 0.0 0.0 0.0 0.0 0.0 1.0 0.0 0.0 0.0 0.0 0.0 0.0 0.0 0.0 0.0 0.0 0.0 0.0 0.0 0.0 1.0 0.0 0.0 0.0 0.7805 1.0 0.815 0.746 0.0 0.0 -0.0 -0.0 0.7124999999999999 1.0 0.723 0.0 0.723 0.0 0.0 0.0 0.0 0.0 0.0 0.0 0.0 0.0 0.0 0.8485 1.0 0.928 0.0 0.769
0.0 0.0 0.0 0.0 0.0 0.0 1.0 0.0 0.0 0.0 0.0 0.0 0.0 0.0 0.0 0.0 0.0 0.0 0.0 0.0 0.0 1.0 0.0 0.0 0.0 0.5389999999999999 0.875 0.849 0.841 0.66 0.125 -0.0 0.66 0.405125 1.0 0.922 -0.78 0.785 0.5428333333333333 0.75 0.776 0.0 0.76 0.118 0.375 0.585 -0.28 -0.28 0.3742857142857142 0.875 0.979 -0.63 0.979
0.0 0.0 0.0 0.0 0.0 0.0 1.0 0.0 0.0 0.0 0.0 0.0 0.0 0.0 0.0 0.0 0.0 0.0 0.0 0.0 0.0 1.0 0.0 0.0 0.0 0.7061499999999998 0.7407407407407407 0.939 0.806 0.5357142857142857 0.25925925925925924 -0.0 0.58 0.4006666666666667 0.8888888888888888 0.956 -0.95 0.906 0.044124999999999984 0.5925925925925926 0.979 -0.94 0.715 0.17012500000000003 0.2962962962962963 0.862 -0.91 0.561 0.30824999999999997 0.8888888888888888 0.928 -0.99 0.796
0.0 0.0 0.0 0.0 0.0 0.0 3.0 0.0 0.0 0.0 0.0 0.0 0.0 0.0 0.0 0.0 0.0 0.0 0.0 0.0 0.0 0.0 0.0 0.0 0.0 0.5386818181818183 0.6285714285714286 0.943 0.806 0.563076923076923 0.37142857142857144 -0.0 0.85 0.09840624999999999 0.9142857142857143 0.956 -0.96 -0.89 0.005055555555555554 0.5142857142857142 0.943 -0.88 0.715 -0.2701764705882353 0.4857142857142857 0.609 -0.94 -0.94 0.20017241379310352 0.8285714285714286 0.935 -0.85 -0.72
0.0 0.0 0.0 0.0 0.0 0.0 0.0 0.0 0.0 0.0 0.0 4.0 0.0 3.0 0.0 0.0 0.0 0.0 0.0 0.0 0.0 0.0 0.0 0.0 0.0 0.35455 0.7692307692307693 0.935 0.316 0.5449999999999999 0.23076923076923078 -0.0 0.74 0.12312499999999998 0.9230769230769231 0.956 -0.87 -0.85 0.14263157894736841 0.7307692307692307 0.891 -0.79 0.534 0.028062500000000004 0.6153846153846154 0.936 -0.8 0.584 0.19791304347826089 0.8846153846153846 0.935 -0.98 -0.79
0.0 0.0 0.0 0.0 0.0 0.0 0.0 0.0 0.0 0.0 0.0 0.0 0.0 0.0 0.0 0.0 0.0 0.0 0.0 0.0 0.0 0.0 0.0 1.0 0.0 0.31024999999999997 0.5714285714285714 0.878 0.115 0.7200000000000001 0.42857142857142855 -0.0 0.74 -0.2324285714285714 1.0 0.812 -0.94 -0.94 0.19725 0.5714285714285714 0.984 -0.66 -0.66 0.377 0.5714285714285714 0.98 -0.11 0.557 -0.0010000000000000009 0.8571428571428571 0.838 -0.76 -0.71
0.0 0.0 0.0 0.0 0.0 0.0 0.0 0.0 0.0 0.0 0.0 0.0 0.0 0.0 0.0 0.0 0.0 0.0 0.0 0.0 0.0 0.0 0.0 1.0 0.0 0.5386 0.8333333333333334 0.887 0.037 0.57 0.16666666666666666 -0.0 0.57 0.3475 1.0 0.988 -0.52 -0.52 0.24360000000000004 0.8333333333333334 0.858 -0.7 0.082 0.524 0.16666666666666666 0.524 0.0 0.524 0.12425000000000003 0.6666666666666666 0.912 -0.69 -0.69
0.0 0.0 0.0 0.0 0.0 0.0 0.0 0.0 0.0 0.0 0.0 1.0 0.0 0.0 0.0 0.0 0.0 0.0 0.0 0.0 0.0 0.0 0.0 1.0 0.0 0.528357142857143 0.9333333333333333 0.935 0.053 0.76 0.06666666666666667 -0.0 0.76 0.4375714285714286 0.9333333333333333 0.956 -0.61 -0.04 -0.012500000000000028 0.5333333333333333 0.864 -0.88 0.141 0.11239999999999999 0.3333333333333333 0.856 -0.19 -0.09 0.43307692307692314 0.8666666666666667 0.935 -0.82 0.21
0.0 0.0 0.0 0.0 0.0 0.0 0.0 0.0 0.0 0.0 0.0 0.0 0.0 0.0 0.0 0.0 0.0 0.0 0.0 0.0 0.0 0.0 0.0 1.0 0.0 0.0 0.0 0.0 0.0 0.5800000000000001 1.0 -0.0 0.27 -0.79 1.0 0.0 -0.83 -0.75 0.154 0.5 0.154 0.0 0.154 0.11499999999999999 1.0 0.87 -0.64 -0.64 -0.414 1.0 0.142 -0.97 0.142
0.0 0.0 0.0 0.0 0.0 0.0 0.0 0.0 0.0 0.0 0.0 0.0 0.0 0.0 0.0 0.0 0.0 0.0 0.0 0.0 0.0 0.0 0.0 1.0 0.0 0.0 0.0 0.0 0.0 0.27 1.0 -0.0 0.27 -0.75 1.0 0.0 -0.75 -0.75 0.154 1.0 0.154 0.0 0.154 -0.64 1.0 0.0 -0.64 -0.64 0.142 1.0 0.142 0.0 0.142
0.0 0.0 0.0 0.0 0.0 0.0 0.0 0.0 0.0 0.0 0.0 0.0 0.0 1.0 0.0 0.0 0.0 0.0 0.0 0.0 0.0 0.0 0.0 1.0 0.0 0.4120000000000001 0.6666666666666666 0.935 0.043 0.8233333333333333 0.3333333333333333 -0.0 0.82 0.04577777777777777 1.0 0.956 -0.82 -0.69 0.231 0.5555555555555556 0.757 -0.46 0.07 0.40700000000000003 0.6666666666666666 0.99 -0.23 0.883 -0.1 0.8888888888888888 0.914 -0.91 -0.91
0.0 0.0 0.0 0.0 0.0 0.0 0.0 0.0 0.0 0.0 0.0 1.0 0.0 0.0 0.0 0.0 0.0 0.0 0.0 0.0 0.0 0.0 0.0 1.0 0.0 0.0 0.0 0.0 0.0 0.27 1.0 -0.0 0.27 -0.75 1.0 0.0 -0.75 -0.75 0.154 1.0 0.154 0.0 0.154 -0.64 1.0 0.0 -0.64 -0.64 0.142 1.0 0.142 0.0 0.142
0.0 0.0 0.0 0.0 0.0 0.0 0.0 0.0 0.0 0.0 0.0 0.0 0.0 1.0 0.0 0.0 0.0 0.0 0.0 0.0 0.0 0.0 0.0 1.0 0.0 0.6564 0.7142857142857143 0.935 0.935 0.82 0.2857142857142857 -0.0 0.82 0.19614285714285712 1.0 0.956 -0.93 -0.9 -0.16575 0.5714285714285714 0.798 -0.79 0.069 0.435 0.2857142857142857 0.841 0.0 0.841 0.18199999999999997 0.8571428571428571 0.935 -0.73 -0.73
0.0 0.0 0.0 0.0 0.0 1.0 0.0 0.0 0.0 0.0 0.0 0.0 0.0 0.0 0.0 0.0 0.0 0.0 0.0 0.0 0.0 0.0 1.0 0.0 0.0 0.3295 0.5 0.598 0.598 0.21000000000000002 0.5 -0.0 0.15 -0.12166666666666669 0.75 0.575 -0.75 -0.19 -0.135 0.75 0.154 -0.62 -0.62 -0.38 0.5 0.0 -0.64 -0.12 0.2663333333333333 0.75 0.596 0.0 0.596
0.0 0.0 0.0 0.0 0.0 0.0 0.0 0.0 0.0 0.0 0.0 0.0 0.0 0.0 0.0 0.0 0.0 0.0 0.0 0.0 0.0 0.0 0.0 1.0 0.0 0.34400000000000003 0.6 0.922 0.043 0.8 0.4 -0.0 0.8 -0.38675 0.8 0.033 -0.8 -0.71 0.41 0.6 0.96 0.0 0.112 -0.06 0.4 0.0 -0.06 -0.06 0.08525000000000002 0.8 0.885 -0.88 -0.88
0.0 0.0 0.0 0.0 0.0 0.0 0.0 0.0 0.0 0.0 0.0 0.0 0.0 0.0 0.0 0.0 0.0 0.0 0.0 0.0 0.0 0.0 0.0 1.0 0.0 0.0 0.0 0.0 0.0 0.27 1.0 -0.0 0.27 -0.75 1.0 0.0 -0.75 -0.75 0.154 1.0 0.154 0.0 0.154 -0.64 1.0 0.0 -0.64 -0.64 0.142 1.0 0.142 0.0 0.142
0.0 0.0 0.0 0.0 0.0 0.0 0.0 0.0 0.0 0.0 0.0 1.0 0.0 0.0 0.0 0.0 0.0 0.0 0.0 0.0 0.0 0.0 0.0 1.0 0.0 0.6095 0.8 0.935 0.807 0.8066666666666666 0.2 -0.0 0.72 0.4709999999999999 0.7333333333333333 0.995 -0.55 -0.55 0.09254545454545453 0.7333333333333333 0.96 -0.79 -0.62 0.2935 0.26666666666666666 0.882 -0.32 0.882 0.3432142857142857 0.9333333333333333 0.935 -0.99 -0.73
0.0 0.0 0.0 0.0 0.0 1.0 0.0 0.0 0.0 0.0 0.0 0.0 0.0 0.0 0.0 0.0 0.0 0.0 0.0 0.0 0.0 0.0 1.0 0.0 0.0 0.0 0.0 0.0 0.0 0.27 1.0 -0.0 0.27 -0.75 1.0 0.0 -0.75 -0.75 0.154 1.0 0.154 0.0 0.154 -0.64 1.0 0.0 -0.64 -0.64 0.142 1.0 0.142 0.0 0.142
0.0 0.0 0.0 0.0 0.0 0.0 0.0 0.0 0.0 0.0 0.0 0.0 0.0 0.0 0.0 0.0 0.0 0.0 0.0 0.0 0.0 0.0 0.0 1.0 0.0 0.0 0.0 0.0 0.0 0.27 1.0 -0.0 0.27 -0.75 1.0 0.0 -0.75 -0.75 0.154 1.0 0.154 0.0 0.154 -0.64 1.0 0.0 -0.64 -0.64 0.142 1.0 0.142 0.0 0.142
0.0 0.0 0.0 0.0 0.0 0.0 0.0 0.0 0.0 0.0 0.0 0.0 0.0 1.0 0.0 0.0 0.0 0.0 0.0 0.0 0.0 0.0 0.0 1.0 0.0 0.5192857142857142 0.7 0.964 0.094 0.8433333333333334 0.3 -0.0 0.99 0.340625 0.8 0.965 -0.75 0.044 -0.01075000000000001 0.4 0.964 -0.65 -0.65 0.08733333333333332 0.3 0.82 -0.74 0.182 0.16549999999999998 0.8 0.914 -0.99 0.144
0.0 0.0 0.0 0.0 0.0 0.0 0.0 0.0 0.0 0.0 0.0 0.0 0.0 0.0 0.0 0.0 0.0 0.0 0.0 0.0 0.0 0.0 0.0 1.0 0.0 0.816 0.5 0.816 0.816 0.27 0.5 -0.0 0.27 0.11249999999999999 1.0 0.975 -0.75 -0.75 -0.253 1.0 0.154 -0.66 0.154 -0.64 0.5 0.0 -0.64 -0.64 0.4775 1.0 0.813 0.0 0.142
0.0 0.0 0.0 0.0 0.0 0.0 0.0 0.0 0.0 0.0 0.0 0.0 0.0 0.0 0.0 0.0 0.0 0.0 0.0 0.0 0.0 0.0 0.0 1.0 0.0 0.47125000000000006 1.0 0.935 0.037 0.0 0.0 -0.0 -0.0 0.5529999999999999 0.75 0.956 -0.04 -0.04 0.156 0.5 0.23 0.0 0.082 -0.11 0.25 0.0 -0.11 -0.11 0.51625 1.0 0.914 0.0 0.077
0.0 0.0 0.0 0.0 0.0 0.0 0.0 0.0 0.0 0.0 0.0 0.0 0.0 1.0 0.0 0.0 0.0 0.0 0.0 0.0 0.0 0.0 0.0 1.0 0.0 0.5782 0.5 0.935 0.935 0.36 0.5 -0.0 0.72 -0.12650000000000003 0.8 0.956 -0.75 -0.55 -0.16028571428571428 0.7 0.354 -0.94 0.069 0.11566666666666665 0.6 0.882 -0.64 0.882 0.20600000000000002 0.8 0.914 -0.73 -0.73
0.0 0.0 0.0 0.0 1.0 0.0 0.0 0.0 0.0 0.0 0.0 0.0 0.0 0.0 0.0 0.0 0.0 0.0 1.0 0.0 0.0 0.0 0.0 0.0 1.0 0.0 0.0 0.0 0.0 0.04 1.0 -0.0 0.04 -0.04 1.0 0.0 -0.04 -0.04 0.0 0.0 0.0 0.0 0.0 0.0 0.0 0.0 0.0 0.0 -0.05 1.0 0.0 -0.05 -0.05
0.0 0.0 0.0 0.0 0.0 0.0 1.0 0.0 0.0 0.0 0.0 1.0 0.0 0.0 0.0 0.0 0.0 0.0 0.0 0.0 0.0 1.0 0.0 0.0 0.0 0.7342857142857142 0.5833333333333334 0.921 0.861 0.49800000000000005 0.4166666666666667 -0.0 0.92 0.12772727272727274 0.9166666666666666 0.971 -0.96 -0.96 0.032749999999999994 0.6666666666666666 0.872 -0.88 0.077 0.3976 0.4166666666666667 0.814 -0.11 0.814 0.13344444444444445 0.75 0.935 -0.98 -0.98
0.0 0.0 0.0 0.0 0.0 0.0 0.0 0.0 0.0 0.0 0.0 0.0 0.0 0.0 0.0 0.0 0.0 0.0 0.0 0.0 0.0 0.0 0.0 1.0 0.0 0.414 1.0 0.933 0.089 0.0 0.0 -0.0 -0.0 0.22299999999999998 0.8 0.972 -0.04 -0.02 0.3985 0.8 0.96 0.0 0.276 -0.06 0.4 0.0 -0.06 -0.06 0.43879999999999997 1.0 0.894 0.0 0.169
0.0 0.0 0.0 0.0 0.0 0.0 0.0 0.0 0.0 0.0 0.0 0.0 0.0 1.0 0.0 0.0 0.0 0.0 0.0 0.0 0.0 0.0 0.0 1.0 0.0 0.5597142857142857 0.5833333333333334 0.939 0.073 0.422 0.4166666666666667 -0.0 0.04 0.09729999999999998 0.8333333333333334 0.956 -0.9 -0.02 0.07614285714285714 0.5833333333333334 0.979 -0.94 0.077 0.3786 0.4166666666666667 0.841 -0.13 0.841 0.05454545454545456 0.9166666666666666 0.914 -0.74 0.068
0.0 0.0 0.0 0.0 0.0 1.0 0.0 0.0 0.0 0.0 0.0 0.0 0.0 0.0 0.0 0.0 0.0 0.0 0.0 0.0 0.0 0.0 1.0 0.0 0.0 0.846 0.5 0.846 0.846 0.93 0.5 -0.0 0.93 0.0 0.0 0.0 0.0 0.0 -0.94 0.5 0.0 -0.94 -0.94 0.937 0.5 0.937 0.0 0.937 0.744 0.5 0.744 0.0 0.744
0.0 0.0 0.0 0.0 0.0 0.0 0.0 0.0 0.0 0.0 0.0 0.0 0.0 1.0 0.0 0.0 0.0 0.0 0.0 0.0 0.0 0.0 0.0 1.0 0.0 0.48933333333333334 0.6666666666666666 0.943 0.074 0.6699999999999999 0.3333333333333333 -0.0 0.99 -0.027200000000000002 0.5555555555555556 0.721 -0.87 0.057 0.522 0.7777777777777778 0.943 0.0 0.141 -0.0528 0.5555555555555556 0.706 -0.6 -0.06 -0.159 0.6666666666666666 0.366 -0.99 0.162
0.0 0.0 0.0 0.0 0.0 0.0 0.0 0.0 0.0 0.0 0.0 0.0 0.0 0.0 0.0 0.0 0.0 0.0 0.0 0.0 0.0 0.0 0.0 1.0 0.0 0.5579999999999999 0.8571428571428571 0.843 0.758 0.8 0.14285714285714285 -0.0 0.8 0.17766666666666664 0.8571428571428571 0.705 -0.89 0.618 -0.07980000000000001 0.7142857142857143 0.785 -0.79 -0.75 0.26049999999999995 0.2857142857142857 0.691 -0.17 -0.17 0.4608571428571429 1.0 0.935 -0.83 0.902
0.0 0.0 0.0 0.0 0.0 1.0 0.0 0.0 0.0 0.0 0.0 0.0 0.0 0.0 0.0 0.0 0.0 0.0 0.0 0.0 0.0 0.0 1.0 0.0 0.0 0.09066666666666667 0.75 0.109 0.081 0.93 0.25 -0.0 0.93 0.0435 0.5 0.127 -0.04 -0.04 0.09833333333333333 0.75 0.113 0.0 0.113 0.48300000000000004 0.5 0.937 0.0 0.937 0.14633333333333334 0.75 0.174 0.0 0.174
0.0 0.0 0.0 0.0 0.0 0.0 0.0 0.0 0.0 0.0 0.0 0.0 0.0 0.0 0.0 0.0 0.0 0.0 0.0 0.0 0.0 0.0 0.0 1.0 0.0 0.5342 0.625 0.857 0.82 0.7866666666666667 0.375 -0.0 0.74 0.09816666666666668 0.75 0.92 -0.82 0.723 0.1918 0.625 0.816 -0.99 0.816 0.4656666666666666 0.375 0.803 -0.1 -0.1 -0.04542857142857139 0.875 0.922 -0.94 0.922
0.0 0.0 0.0 0.0 0.0 0.0 0.0 0.0 0.0 0.0 0.0 0.0 0.0 0.0 0.0 0.0 0.0 0.0 0.0 0.0 0.0 0.0 0.0 1.0 0.0 0.935 0.3333333333333333 0.935 0.935 0.22499999999999998 0.6666666666666666 -0.0 0.15 -0.09466666666666668 1.0 0.956 -0.87 -0.37 0.1935 0.6666666666666666 0.203 0.0 0.184 -0.47 0.6666666666666666 0.0 -0.6 -0.34 0.30466666666666664 1.0 0.914 -0.06 -0.06
0.0 0.0 0.0 0.0 0.0 0.0 1.0 0.0 0.0 0.0 0.0 0.0 0.0 0.0 0.0 0.0 0.0 0.0 0.0 0.0 0.0 1.0 0.0 0.0 0.0 0.077 0.5 0.081 0.073 0.595 0.5 -0.0 0.3 -0.591 0.75 0.047 -0.95 -0.87 0.15033333333333335 0.75 0.203 0.0 0.203 0.01100000000000001 0.75 0.733 -0.6 -0.6 -0.15999999999999998 1.0 0.212 -0.98 0.06
0.0 0.0 0.0 0.0 0.0 0.0 0.0 0.0 0.0 0.0 0.0 0.0 0.0 1.0 0.0 0.0 0.0 0.0 0.0 0.0 0.0 0.0 0.0 0.0 0.0 0.3175 0.7692307692307693 0.846 0.157 0.16 0.23076923076923078 -0.0 0.03 -0.0028888888888888744 0.6923076923076923 0.796 -0.87 0.082 0.11645454545454546 0.8461538461538461 0.842 -0.94 0.191 -0.15242857142857144 0.5384615384615384 0.064 -0.6 -0.05 0.26599999999999996 1.0 0.855 -0.07 0.198
0.0 0.0 0.0 0.0 0.0 0.0 0.0 0.0 0.0 0.0 0.0 0.0 0.0 0.0 0.0 0.0 0.0 0.0 0.0 0.0 0.0 0.0 0.0 1.0 0.0 0.208 0.5 0.208 0.208 0.3 0.5 -0.0 0.3 -0.2875 1.0 0.295 -0.87 0.295 0.221 1.0 0.239 0.0 0.239 -0.27549999999999997 1.0 0.049 -0.6 0.049 0.20299999999999999 1.0 0.346 0.0 0.346
0.0 0.0 0.0 0.0 0.0 0.0 0.0 0.0 0.0 0.0 0.0 0.0 0.0 1.0 0.0 0.0 0.0 0.0 0.0 0.0 0.0 0.0 0.0 1.0 0.0 0.6500952380952383 0.9130434782608695 0.935 0.122 0.39 0.08695652173913043 -0.0 0.02 0.6118823529411764 0.7391304347826086 0.961 -0.05 0.094 0.04249999999999997 0.782608695652174 0.916 -0.88 0.263 -0.17216666666666666 0.2608695652173913 0.029 -0.74 -0.21 0.654842105263158 0.8260869565217391 0.935 -0.78 0.319
0.0 0.0 0.0 0.0 0.0 0.0 0.0 0.0 1.0 0.0 0.0 0.0 0.0 2.0 0.0 0.0 0.0 0.0 0.0 0.0 0.0 0.0 0.0 1.0 0.0 0.5908333333333334 0.8 0.935 0.086 0.8266666666666667 0.2 -0.0 0.76 0.30083333333333334 0.8 0.956 -0.99 -0.61 0.287 0.5333333333333333 0.85 -0.79 0.237 0.33599999999999997 0.26666666666666666 0.948 -0.23 0.856 0.35533333333333333 1.0 0.959 -0.82 -0.82
0.0 0.0 0.0 0.0 0.0 0.0 0.0 0.0 0.0 0.0 0.0 0.0 0.0 0.0 0.0 0.0 0.0 0.0 0.0 0.0 0.0 0.0 0.0 1.0 0.0 0.38766666666666666 0.75 0.935 0.02 0.3 0.25 -0.0 0.3 0.10275000000000001 1.0 0.956 -0.87 0.03 0.144 0.75 0.239 -0.01 -0.01 -0.17599999999999996 0.75 0.049 -0.6 0.023 0.34325 1.0 0.914 0.0 0.053
0.0 0.0 0.0 0.0 0.0 0.0 0.0 0.0 0.0 0.0 0.0 0.0 0.0 0.0 0.0 0.0 0.0 0.0 0.0 0.0 0.0 0.0 0.0 1.0 0.0 0.0 0.0 0.0 0.0 0.3 1.0 -0.0 0.3 -0.87 1.0 0.0 -0.87 -0.87 0.203 1.0 0.203 0.0 0.203 -0.6 1.0 0.0 -0.6 -0.6 0.06 1.0 0.06 0.0 0.06
0.0 0.0 0.0 0.0 0.0 0.0 0.0 0.0 0.0 0.0 0.0 0.0 0.0 0.0 0.0 0.0 0.0 0.0 0.0 0.0 0.0 0.0 0.0 1.0 0.0 0.943 0.3333333333333333 0.943 0.943 0.295 0.6666666666666666 -0.0 0.29 -0.8300000000000001 0.6666666666666666 0.0 -0.87 -0.79 0.4623333333333333 1.0 0.943 0.0 0.241 -0.56 0.6666666666666666 0.0 -0.6 -0.52 -0.025 0.6666666666666666 0.06 -0.11 -0.11
0.0 0.0 0.0 0.0 2.0 0.0 0.0 0.0 1.0 0.0 0.0 0.0 0.0 0.0 0.0 0.0 0.0 0.0 1.0 0.0 0.0 0.0 0.0 0.0 0.0 0.5140222222222223 0.9 0.945 0.893 0.382 0.1 -0.0 0.83 0.3981951219512196 0.82 0.987 -0.87 0.815 0.013590909090909093 0.88 0.979 -0.98 0.972 -0.006470588235294114 0.34 0.882 -0.6 0.005 0.403725 0.8 0.935 -0.96 0.24
0.0 0.0 0.0 0.0 0.0 0.0 0.0 0.0 0.0 0.0 0.0 0.0 0.0 0.0 0.0 0.0 0.0 0.0 0.0 0.0 0.0 0.0 0.0 1.0 0.0 0.0 0.0 0.0 0.0 0.3 1.0 -0.0 0.3 -0.87 1.0 0.0 -0.87 -0.87 0.203 1.0 0.203 0.0 0.203 -0.6 1.0 0.0 -0.6 -0.6 0.06 1.0 0.06 0.0 0.06
0.0 0.0 0.0 0.0 0.0 0.0 0.0 0.0 0.0 1.0 0.0 0.0 0.0 0.0 0.0 0.0 0.0 0.0 0.0 0.0 0.0 0.0 0.0 0.0 0.0 0.0 0.0 0.0 0.0 0.3 1.0 -0.0 0.3 -0.87 1.0 0.0 -0.87 -0.87 0.203 1.0 0.203 0.0 0.203 -0.6 1.0 0.0 -0.6 -0.6 0.06 1.0 0.06 0.0 0.06
0.0 0.0 0.0 0.0 0.0 0.0 0.0 0.0 0.0 0.0 0.0 1.0 0.0 0.0 0.0 0.0 0.0 0.0 0.0 0.0 0.0 0.0 0.0 1.0 0.0 0.875 0.5 0.875 0.875 0.8 0.5 -0.0 0.8 0.03249999999999997 1.0 0.865 -0.8 0.865 -0.84 0.5 0.0 -0.84 -0.84 0.0 0.0 0.0 0.0 0.0 0.915 0.5 0.915 0.0 0.915
0.0 0.0 0.0 0.0 0.0 1.0 0.0 0.0 0.0 0.0 0.0 0.0 0.0 0.0 0.0 0.0 0.0 0.0 0.0 0.0 0.0 0.0 1.0 0.0 0.0 0.6738333333333334 0.7058823529411765 0.986 0.935 0.8420000000000002 0.29411764705882354 -0.0 0.77 0.34933333333333333 0.8823529411764706 0.986 -0.91 0.935 0.09285714285714285 0.4117647058823529 0.902 -0.79 0.837 -0.350375 0.47058823529411764 0.707 -0.93 -0.82 0.11108333333333335 0.7058823529411765 0.959 -0.99 0.79
0.0 0.0 0.0 0.0 0.0 0.0 0.0 0.0 0.0 0.0 0.0 0.0 0.0 1.0 0.0 0.0 0.0 0.0 0.0 0.0 0.0 0.0 0.0 1.0 0.0 0.6039 0.8333333333333334 0.935 0.871 0.485 0.16666666666666666 -0.0 0.73 0.3933 0.8333333333333334 0.956 -0.77 0.558 -0.01924999999999999 0.6666666666666666 0.875 -0.8 0.875 -0.324 0.4166666666666667 0.0 -0.74 -0.14 0.5043333333333334 1.0 0.914 -0.72 0.868
0.0 0.0 0.0 0.0 0.0 0.0 0.0 0.0 0.0 0.0 0.0 0.0 0.0 1.0 0.0 0.0 0.0 0.0 0.0 0.0 0.0 0.0 0.0 1.0 0.0 0.5616666666666666 0.8181818181818182 0.935 0.186 0.725 0.18181818181818182 -0.0 0.87 0.27177777777777773 0.8181818181818182 0.956 -0.91 0.829 0.10642857142857141 0.6363636363636364 0.715 -0.74 0.29 -0.08779999999999999 0.45454545454545453 0.561 -0.72 -0.14 0.312 0.9090909090909091 0.929 -0.99 0.418
0.0 0.0 0.0 0.0 0.0 0.0 0.0 0.0 0.0 0.0 0.0 0.0 0.0 0.0 0.0 0.0 0.0 0.0 0.0 0.0 0.0 0.0 0.0 1.0 0.0 0.2618 0.8333333333333334 0.846 0.083 0.3 0.16666666666666666 -0.0 0.3 -0.19975 0.6666666666666666 0.082 -0.87 0.082 0.041333333333333354 1.0 0.345 -0.94 0.175 -0.26749999999999996 0.6666666666666666 0.0 -0.6 -0.13 0.3075 1.0 0.744 0.0 0.204
0.0 0.0 0.0 0.0 0.0 0.0 0.0 0.0 0.0 1.0 0.0 4.0 0.0 0.0 0.0 0.0 0.0 0.0 0.0 1.0 0.0 0.0 0.0 0.0 0.0 0.2673636363636364 0.6875 0.935 0.02 0.462 0.3125 -0.0 0.3 0.0015714285714285708 0.875 0.961 -0.87 0.03 0.1482 0.625 0.916 -0.19 -0.01 0.134875 0.5 0.585 -0.6 0.023 0.04874999999999998 1.0 0.914 -0.63 0.053
0.0 0.0 0.0 0.0 0.0 0.0 0.0 0.0 0.0 0.0 0.0 0.0 0.0 0.0 0.0 0.0 0.0 0.0 0.0 0.0 0.0 0.0 0.0 1.0 0.0 0.38766666666666666 0.75 0.935 0.02 0.3 0.25 -0.0 0.3 0.10275000000000001 1.0 0.956 -0.87 0.03 0.144 0.75 0.239 -0.01 -0.01 -0.17599999999999996 0.75 0.049 -0.6 0.023 0.34325 1.0 0.914 0.0 0.053
0.0 0.0 0.0 0.0 0.0 0.0 0.0 0.0 0.0 0.0 0.0 0.0 0.0 1.0 0.0 0.0 0.0 0.0 0.0 0.0 0.0 0.0 0.0 1.0 0.0 0.709375 1.0 0.951 0.088 0.0 0.0 -0.0 -0.0 0.6368333333333333 0.75 0.928 0.0 0.042 -0.43674999999999997 1.0 0.911 -0.94 0.225 -0.1 0.125 0.0 -0.1 -0.1 0.7243750000000001 1.0 0.99 0.0 0.191
0.0 0.0 0.0 0.0 0.0 0.0 0.0 0.0 0.0 0.0 0.0 0.0 0.0 0.0 0.0 0.0 0.0 0.0 0.0 0.0 0.0 0.0 0.0 1.0 0.0 0.49125 0.8888888888888888 0.935 0.113 0.8 0.1111111111111111 -0.0 0.8 0.2467142857142857 0.7777777777777778 0.956 -0.8 0.031 0.40166666666666667 0.6666666666666666 0.965 0.0 0.218 -0.065 0.2222222222222222 0.0 -0.09 -0.09 0.4648333333333334 0.6666666666666666 0.914 0.0 0.299
0.0 0.0 0.0 0.0 0.0 0.0 0.0 0.0 0.0 0.0 0.0 0.0 0.0 0.0 0.0 0.0 0.0 0.0 0.0 0.0 0.0 0.0 0.0 0.0 0.0 0.112 0.3333333333333333 0.112 0.112 0.43999999999999995 0.6666666666666666 -0.0 0.58 -0.4766666666666666 1.0 0.02 -0.87 0.02 0.14800000000000002 0.6666666666666666 0.203 0.0 0.093 -0.019499999999999962 0.6666666666666666 0.561 -0.6 0.561 -0.11233333333333335 1.0 0.223 -0.62 0.223
0.0 0.0 0.0 0.0 0.0 0.0 0.0 0.0 0.0 0.0 0.0 0.0 0.0 0.0 0.0 0.0 0.0 0.0 0.0 0.0 0.0 0.0 0.0 0.0 0.0 0.29025 0.8 0.772 0.772 0.3 0.2 -0.0 0.3 0.02533333333333332 0.6 0.829 -0.87 0.829 0.29480000000000006 1.0 0.715 0.0 0.715 -0.16266666666666665 0.6 0.056 -0.6 0.056 0.16725 0.8 0.215 0.0 0.197
0.0 0.0 0.0 0.0 1.0 0.0 0.0 0.0 0.0 0.0 0.0 0.0 0.0 0.0 0.0 0.0 0.0 0.0 1.0 0.0 0.0 0.0 0.0 0.0 0.0 0.036 0.3333333333333333 0.036 0.036 0.43999999999999995 0.6666666666666666 -0.0 0.58 -0.5033333333333333 1.0 0.0 -0.87 -0.58 0.156 0.6666666666666666 0.203 0.0 0.109 -0.029666666666666657 1.0 0.561 -0.6 0.561 -0.134 1.0 0.158 -0.62 -0.62
0.0 0.0 0.0 0.0 0.0 0.0 0.0 0.0 0.0 0.0 0.0 0.0 0.0 1.0 0.0 0.0 0.0 0.0 0.0 0.0 0.0 0.0 0.0 1.0 0.0 0.46687500000000004 0.8888888888888888 0.878 0.06 0.3 0.1111111111111111 -0.0 0.3 0.25762500000000005 0.8888888888888888 0.756 -0.87 -0.03 -0.10362500000000001 0.8888888888888888 0.855 -1.0 0.121 -0.2595 0.2222222222222222 0.081 -0.6 0.081 0.37166666666666665 0.6666666666666666 0.935 0.0 0.096
0.0 0.0 0.0 0.0 1.0 0.0 0.0 0.0 0.0 0.0 0.0 2.0 0.0 0.0 0.0 0.0 0.0 0.0 0.0 0.0 0.0 0.0 0.0 0.0 1.0 0.0 0.0 0.0 0.0 0.63 1.0 -0.0 0.77 -0.855 0.6666666666666666 0.0 -0.87 -0.84 0.203 0.3333333333333333 0.203 0.0 0.203 -0.6999999999999998 1.0 0.0 -0.8 -0.7 -0.39 0.6666666666666666 0.06 -0.84 -0.84
0.0 0.0 0.0 0.0 0.0 0.0 0.0 0.0 0.0 0.0 0.0 0.0 0.0 0.0 0.0 0.0 0.0 0.0 0.0 0.0 0.0 0.0 0.0 1.0 0.0 0.8620000000000001 0.6666666666666666 0.935 0.789 0.95 0.3333333333333333 -0.0 0.95 0.21966666666666665 1.0 0.956 -0.93 -0.93 -0.79 0.3333333333333333 0.0 -0.79 -0.79 -0.99 0.3333333333333333 0.0 -0.99 -0.99 0.3096666666666667 1.0 0.935 -0.92 -0.92
0.0 0.0 0.0 0.0 0.0 0.0 0.0 0.0 0.0 0.0 0.0 1.0 0.0 0.0 0.0 0.0 0.0 0.0 0.0 0.0 0.0 0.0 0.0 1.0 0.0 0.713 0.5 0.713 0.713 0.3 0.5 -0.0 0.3 -0.08400000000000002 1.0 0.702 -0.87 0.702 -0.2235 1.0 0.203 -0.65 -0.65 -0.6 0.5 0.0 -0.6 -0.6 0.42400000000000004 1.0 0.788 0.0 0.788
0.0 0.0 0.0 0.0 0.0 0.0 0.0 0.0 0.0 0.0 0.0 0.0 0.0 2.0 0.0 0.0 0.0 0.0 0.0 0.0 0.0 0.0 0.0 1.0 0.0 0.3233333333333333 0.6 0.846 0.073 0.43 0.4 -0.0 0.75 -0.3033333333333334 0.6 0.0 -0.67 -0.05 -0.20600000000000002 0.8 0.093 -0.94 0.093 0.239 0.4 0.688 -0.21 0.688 0.008749999999999996 0.8 0.744 -0.89 0.053
0.0 0.0 0.0 0.0 0.0 0.0 0.0 0.0 0.0 0.0 0.0 0.0 0.0 0.0 0.0 0.0 0.0 0.0 0.0 0.0 0.0 0.0 0.0 1.0 0.0 0.48250000000000004 0.5 0.935 0.03 0.595 0.5 -0.0 0.89 -0.22849999999999998 1.0 0.956 -0.95 -0.05 0.14350000000000002 0.5 0.203 0.0 0.084 0.0665 0.5 0.733 -0.6 0.733 0.014000000000000026 1.0 0.914 -0.98 0.062
0.0 0.0 0.0 0.0 0.0 0.0 1.0 0.0 0.0 0.0 0.0 0.0 0.0 0.0 0.0 0.0 0.0 0.0 0.0 0.0 0.0 1.0 0.0 0.0 0.0 0.077 0.5 0.081 0.073 0.595 0.5 -0.0 0.3 -0.591 0.75 0.047 -0.95 -0.87 0.15033333333333335 0.75 0.203 0.0 0.203 0.01100000000000001 0.75 0.733 -0.6 -0.6 -0.15999999999999998 1.0 0.212 -0.98 0.06
0.0 0.0 0.0 0.0 0.0 0.0 0.0 0.0 0.0 0.0 0.0 0.0 0.0 0.0 0.0 0.0 0.0 0.0 0.0 0.0 0.0 0.0 0.0 1.0 0.0 0.27460000000000007 0.625 0.935 0.07 0.39333333333333337 0.375 -0.0 0.07 -0.077125 1.0 0.956 -0.98 0.041 0.1676 0.625 0.239 0.0 0.098 0.037500000000000026 0.5 0.801 -0.6 -0.1 0.1916 0.625 0.914 -0.66 0.298
0.0 0.0 0.0 0.0 0.0 0.0 1.0 0.0 0.0 0.0 0.0 0.0 0.0 0.0 0.0 0.0 0.0 0.0 0.0 0.0 0.0 1.0 0.0 0.0 0.0 0.5720000000000001 0.8461538461538461 0.942 0.806 0.16499999999999998 0.15384615384615385 -0.0 0.03 0.4415 0.9230769230769231 0.982 -0.87 0.906 0.28590000000000004 0.7692307692307693 0.919 -0.65 0.715 -0.17419999999999997 0.38461538461538464 0.049 -0.6 -0.13 0.5126000000000001 0.7692307692307693 0.914 0.0 0.796
0.0 0.0 0.0 0.0 0.0 0.0 0.0 0.0 0.0 0.0 0.0 0.0 0.0 0.0 0.0 0.0 0.0 0.0 0.0 0.0 0.0 0.0 0.0 1.0 0.0 0.6526666666666666 0.6 0.935 0.815 0.615 0.4 -0.0 0.93 0.127 0.6 0.956 -0.87 0.956 -0.13933333333333334 0.6 0.239 -0.86 -0.86 0.14300000000000002 0.6 0.98 -0.6 0.98 0.2404 1.0 0.914 -0.88 -0.88
0.0 0.0 0.0 0.0 1.0 0.0 0.0 0.0 0.0 0.0 0.0 0.0 0.0 1.0 0.0 0.0 0.0 0.0 0.0 0.0 0.0 0.0 0.0 1.0 0.0 0.43077777777777787 0.9 0.943 0.07 0.3 0.1 -0.0 0.3 0.22385714285714284 0.7 0.956 -0.87 0.023 0.08099999999999999 0.9 0.943 -0.79 0.173 -0.13499999999999995 0.5 0.056 -0.6 -0.09 0.41733333333333333 0.9 0.935 0.0 0.182
0.0 0.0 0.0 0.0 0.0 0.0 0.0 0.0 0.0 0.0 0.0 0.0 0.0 0.0 0.0 0.0 0.0 0.0 0.0 0.0 0.0 0.0 0.0 1.0 0.0 0.746 1.0 0.746 0.746 0.0 0.0 -0.0 -0.0 0.723 1.0 0.723 0.0 0.723 0.0 0.0 0.0 0.0 0.0 0.0 0.0 0.0 0.0 0.0 0.769 1.0 0.769 0.0 0.769
0.0 0.0 0.0 0.0 0.0 0.0 0.0 0.0 0.0 0.0 0.0 1.0 0.0 0.0 0.0 0.0 0.0 0.0 0.0 0.0 0.0 0.0 0.0 1.0 0.0 0.7815 0.6666666666666666 0.829 0.734 0.58 0.3333333333333333 -0.0 0.58 0.17400000000000004 0.6666666666666666 0.928 -0.58 0.928 -0.06 0.6666666666666666 0.75 -0.87 0.75 0.561 0.3333333333333333 0.561 0.0 0.561 0.25866666666666666 1.0 0.717 -0.62 0.717
0.0 0.0 0.0 0.0 0.0 0.0 0.0 0.0 1.0 0.0 0.0 0.0 0.0 4.0 0.0 0.0 0.0 0.0 0.0 0.0 0.0 0.0 0.0 0.0 0.0 0.5195 0.9032258064516129 0.939 0.034 0.635 0.0967741935483871 -0.0 0.89 0.35114893617021287 0.7580645161290323 0.961 -0.82 0.094 -0.05889999999999996 0.8064516129032258 0.979 -0.95 -0.03 0.11942105263157896 0.3064516129032258 0.99 -0.44 0.028 0.4447407407407408 0.8709677419354839 0.935 -0.87 0.337
0.0 0.0 0.0 0.0 0.0 0.0 0.0 0.0 0.0 0.0 0.0 0.0 0.0 0.0 0.0 0.0 0.0 0.0 0.0 0.0 0.0 0.0 0.0 1.0 0.0 0.5193333333333333 0.8571428571428571 0.935 0.935 0.58 0.14285714285714285 -0.0 0.58 0.3621428571428571 1.0 0.956 -0.58 -0.58 0.25366666666666665 0.42857142857142855 0.283 0.0 0.239 0.12475000000000001 0.5714285714285714 0.561 -0.16 0.561 0.42857142857142855 1.0 0.914 -0.62 -0.62
0.0 0.0 0.0 0.0 0.0 0.0 0.0 0.0 0.0 0.0 0.0 0.0 0.0 0.0 0.0 0.0 0.0 0.0 0.0 0.0 0.0 0.0 0.0 1.0 0.0 0.746 0.5 0.746 0.746 0.58 0.5 -0.0 0.58 0.07150000000000001 1.0 0.723 -0.58 0.723 0.0 0.0 0.0 0.0 0.0 0.561 0.5 0.561 0.0 0.561 0.07450000000000001 1.0 0.769 -0.62 0.769
0.0 0.0 0.0 0.0 0.0 0.0 1.0 0.0 0.0 0.0 0.0 0.0 0.0 0.0 0.0 0.0 0.0 0.0 0.0 0.0 0.0 1.0 0.0 0.0 0.0 0.7791428571428572 0.5384615384615384 0.986 0.208 0.6316666666666667 0.46153846153846156 -0.0 0.81 0.11046153846153844 1.0 0.986 -0.95 -0.95 -0.3155 0.15384615384615385 0.239 -0.87 0.239 0.50225 0.3076923076923077 0.721 0.0 0.721 0.06833333333333336 0.9230769230769231 0.928 -0.83 -0.75
0.0 0.0 0.0 0.0 0.0 0.0 0.0 0.0 0.0 0.0 0.0 0.0 0.0 1.0 0.0 0.0 0.0 0.0 0.0 0.0 0.0 0.0 0.0 0.0 0.0 0.515659090909091 0.8979591836734694 0.939 0.035 0.5899999999999999 0.10204081632653061 -0.0 0.05 0.42424390243902443 0.8367346938775511 0.995 -0.78 0.071 0.14679999999999996 0.6122448979591837 0.979 -0.85 -0.58 0.002250000000000004 0.24489795918367346 0.561 -0.21 0.031 0.38692682926829264 0.8367346938775511 0.935 -0.82 0.064
0.0 0.0 0.0 0.0 0.0 0.0 2.0 0.0 0.0 1.0 0.0 0.0 0.0 0.0 0.0 0.0 0.0 0.0 0.0 1.0 0.0 0.0 0.0 0.0 0.0 0.4785 1.0 0.83 0.83 0.0 0.0 -0.0 -0.0 0.556 1.0 1.0 0.0 1.0 0.0 0.0 0.0 0.0 0.0 0.0 0.0 0.0 0.0 0.0 0.4005 1.0 0.66 0.0 0.66
0.0 0.0 0.0 0.0 0.0 0.0 0.0 0.0 0.0 0.0 0.0 0.0 0.0 0.0 0.0 0.0 0.0 0.0 0.0 0.0 0.0 0.0 0.0 1.0 0.0 0.5370999999999999 0.8333333333333334 0.935 0.931 0.305 0.16666666666666666 -0.0 0.58 0.3172 0.8333333333333334 0.956 -0.58 0.898 0.23399999999999999 0.6666666666666666 0.964 -0.79 0.964 -0.009833333333333333 0.5 0.561 -0.2 -0.2 0.48200000000000004 0.8333333333333334 0.935 -0.62 0.935
0.0 0.0 0.0 0.0 0.0 0.0 0.0 0.0 0.0 0.0 0.0 0.0 0.0 0.0 0.0 0.0 0.0 0.0 0.0 0.0 0.0 0.0 0.0 1.0 0.0 0.31174999999999997 0.8 0.911 0.037 0.78 0.2 -0.0 0.78 0.09600000000000002 1.0 0.865 -0.75 -0.1 0.2175 0.4 0.239 0.0 0.196 0.2125 0.8 0.82 -0.1 -0.1 0.4125 0.8 0.958 0.0 0.162
0.0 0.0 0.0 0.0 0.0 0.0 0.0 0.0 0.0 0.0 0.0 0.0 0.0 0.0 0.0 0.0 0.0 0.0 0.0 0.0 0.0 0.0 0.0 0.0 0.0 0.746 1.0 0.746 0.746 0.0 0.0 -0.0 -0.0 0.723 1.0 0.723 0.0 0.723 0.0 0.0 0.0 0.0 0.0 0.0 0.0 0.0 0.0 0.0 0.769 1.0 0.769 0.0 0.769
0.0 0.0 0.0 0.0 0.0 0.0 0.0 0.0 0.0 0.0 0.0 0.0 0.0 0.0 0.0 0.0 0.0 0.0 0.0 0.0 0.0 0.0 0.0 1.0 0.0 0.5586666666666666 1.0 0.815 0.746 0.0 0.0 -0.0 -0.0 0.49466666666666664 1.0 0.723 0.0 0.723 0.274 0.3333333333333333 0.274 0.0 0.274 -0.11 0.3333333333333333 0.0 -0.11 -0.11 0.6470000000000001 1.0 0.928 0.0 0.769
0.0 0.0 0.0 0.0 0.0 0.0 1.0 0.0 0.0 0.0 0.0 0.0 0.0 0.0 0.0 0.0 0.0 0.0 0.0 0.0 0.0 0.0 0.0 1.0 0.0 0.524 1.0 0.935 0.935 0.0 0.0 -0.0 -0.0 0.5862499999999999 1.0 0.956 0.0 0.956 0.369 0.5 0.597 0.0 0.597 -0.14500000000000002 0.5 0.0 -0.23 -0.23 0.5607500000000001 1.0 0.914 0.0 0.914
0.0 0.0 0.0 0.0 0.0 0.0 1.0 0.0 1.0 0.0 0.0 0.0 0.0 1.0 0.0 0.0 0.0 0.0 0.0 0.0 0.0 0.0 0.0 1.0 0.0 0.44800000000000006 0.8 0.935 0.072 0.4675 0.2 -0.0 0.66 0.16317647058823528 0.85 0.956 -0.78 -0.05 -0.1103076923076923 0.65 0.708 -0.94 0.102 0.17600000000000002 0.4 0.585 -0.11 0.585 0.3236842105263158 0.95 0.961 -0.63 0.167
0.0 0.0 0.0 0.0 0.0 0.0 1.0 0.0 0.0 0.0 0.0 0.0 0.0 0.0 0.0 0.0 0.0 0.0 0.0 0.0 0.0 1.0 0.0 0.0 0.0 0.7805 1.0 0.815 0.746 0.0 0.0 -0.0 -0.0 0.7124999999999999 1.0 0.723 0.0 0.723 0.0 0.0 0.0 0.0 0.0 0.0 0.0 0.0 0.0 0.0 0.8485 1.0 0.928 0.0 0.769
0.0 0.0 0.0 0.0 0.0 0.0 0.0 0.0 0.0 0.0 0.0 0.0 0.0 0.0 0.0 0.0 0.0 0.0 0.0 0.0 0.0 0.0 0.0 1.0 0.0 0.614 0.8571428571428571 0.935 0.935 0.58 0.14285714285714285 -0.0 0.58 0.43371428571428566 1.0 0.956 -0.58 -0.58 0.35766666666666663 0.42857142857142855 0.964 -0.13 0.239 0.213 0.42857142857142855 0.561 0.0 0.561 0.46740000000000004 0.7142857142857143 0.928 -0.62 -0.62
0.0 0.0 0.0 0.0 0.0 1.0 1.0 0.0 0.0 0.0 0.0 1.0 0.0 0.0 0.0 0.0 0.0 0.0 0.0 0.0 0.0 1.0 0.0 0.0 0.0 0.8768 0.5 0.935 0.746 0.338 0.5 -0.0 0.05 0.21655555555555553 0.9 0.964 -0.75 0.723 0.42874999999999996 0.4 0.96 -0.05 -0.05 -0.005750000000000024 0.4 0.82 -0.8 0.037 0.5386666666666666 0.6 0.914 -0.14 0.769
0.0 0.0 0.0 0.0 0.0 0.0 0.0 0.0 0.0 0.0 0.0 0.0 0.0 0.0 0.0 0.0 0.0 0.0 0.0 0.0 0.0 0.0 0.0 0.0 0.0 0.3834 1.0 0.8 0.8 0.0 0.0 -0.0 -0.0 0.35259999999999997 1.0 0.825 -0.04 0.825 0.34875 0.8 0.775 0.0 0.775 -0.07550000000000001 0.4 0.049 -0.2 -0.2 0.40425 0.8 0.769 0.0 0.116
0.0 0.0 0.0 0.0 0.0 0.0 1.0 0.0 0.0 0.0 0.0 0.0 0.0 0.0 0.0 0.0 0.0 0.0 0.0 0.0 0.0 1.0 0.0 0.0 0.0 0.5586666666666666 1.0 0.815 0.746 0.0 0.0 -0.0 -0.0 0.49466666666666664 1.0 0.723 0.0 0.723 0.274 0.3333333333333333 0.274 0.0 0.274 -0.11 0.3333333333333333 0.0 -0.11 -0.11 0.6470000000000001 1.0 0.928 0.0 0.769
0.0 0.0 0.0 0.0 0.0 0.0 1.0 0.0 0.0 0.0 0.0 0.0 0.0 0.0 0.0 0.0 0.0 0.0 0.0 0.0 0.0 1.0 0.0 0.0 0.0 0.746 1.0 0.746 0.746 0.0 0.0 -0.0 -0.0 0.723 1.0 0.723 0.0 0.723 0.0 0.0 0.0 0.0 0.0 0.0 0.0 0.0 0.0 0.0 0.769 1.0 0.769 0.0 0.769
0.0 0.0 0.0 0.0 0.0 1.0 0.0 0.0 0.0 0.0 0.0 0.0 0.0 0.0 0.0 0.0 0.0 0.0 0.0 0.0 0.0 0.0 0.0 1.0 0.0 0.509090909090909 0.8461538461538461 0.939 0.75 0.495 0.15384615384615385 -0.0 0.08 0.3579 0.7692307692307693 0.956 -0.04 0.723 0.4010000000000001 0.5384615384615384 0.979 0.0 0.764 0.08919999999999997 0.38461538461538464 0.837 -0.2 0.049 0.34740000000000004 0.7692307692307693 0.914 -0.99 0.735
0.0 0.0 0.0 0.0 0.0 0.0 1.0 0.0 0.0 0.0 0.0 0.0 0.0 0.0 0.0 0.0 0.0 0.0 0.0 0.0 0.0 1.0 0.0 0.0 0.0 0.82025 1.0 0.931 0.746 0.0 0.0 -0.0 -0.0 0.739 1.0 0.898 0.0 0.723 0.08699999999999997 0.5 0.964 -0.79 0.964 0.0 0.0 0.0 0.0 0.0 0.8773333333333334 0.75 0.935 0.0 0.769
0.0 0.0 0.0 0.0 0.0 0.0 2.0 0.0 0.0 0.0 0.0 2.0 0.0 0.0 0.0 0.0 0.0 0.0 0.0 0.0 0.0 1.0 0.0 0.0 0.0 0.5555999999999999 0.8333333333333334 0.97 0.039 0.7575000000000001 0.16666666666666666 -0.0 0.66 0.352 0.8333333333333334 0.956 -0.85 0.17 0.23363636363636367 0.4583333333333333 0.991 -0.99 0.713 0.5439999999999999 0.16666666666666666 0.816 0.0 0.081 0.1985263157894737 0.7916666666666666 0.958 -0.85 0.069
0.0 0.0 0.0 0.0 0.0 0.0 0.0 0.0 0.0 0.0 0.0 0.0 0.0 0.0 0.0 0.0 0.0 0.0 0.0 0.0 0.0 0.0 0.0 0.0 0.0 0.79125 1.0 0.815 0.815 0.0 0.0 -0.0 -0.0 0.69 1.0 0.723 0.0 0.702 -0.79 0.25 0.0 -0.79 -0.79 0.0 0.0 0.0 0.0 0.0 0.89 1.0 0.935 0.0 0.928
0.0 0.0 0.0 0.0 0.0 0.0 0.0 0.0 0.0 0.0 0.0 0.0 0.0 0.0 0.0 0.0 0.0 0.0 0.0 0.0 0.0 0.0 0.0 1.0 0.0 0.69525 1.0 0.935 0.727 0.0 0.0 -0.0 -0.0 0.6732499999999999 1.0 0.956 0.0 0.577 -0.3505 0.5 0.239 -0.94 -0.94 0.049 0.25 0.049 0.0 0.049 0.71825 1.0 0.958 0.0 0.655
0.0 0.0 0.0 0.0 0.0 0.0 0.0 0.0 0.0 0.0 0.0 0.0 0.0 0.0 0.0 0.0 0.0 0.0 0.0 0.0 0.0 0.0 0.0 1.0 0.0 0.755 1.0 0.764 0.764 0.0 0.0 -0.0 -0.0 0.759 1.0 0.795 0.0 0.795 -0.99 0.5 0.0 -0.99 -0.99 0.0 0.0 0.0 0.0 0.0 0.6345000000000001 1.0 0.769 0.0 0.5
0.0 0.0 0.0 0.0 0.0 0.0 0.0 0.0 0.0 0.0 0.0 0.0 0.0 0.0 0.0 0.0 0.0 0.0 0.0 0.0 0.0 0.0 0.0 1.0 0.0 0.416 0.6666666666666666 0.746 0.746 0.81 0.3333333333333333 -0.0 0.81 -0.11349999999999999 0.6666666666666666 0.723 -0.95 0.723 0.196 0.3333333333333333 0.196 0.0 0.196 0.2955 0.6666666666666666 0.721 -0.13 -0.13 0.07033333333333332 1.0 0.769 -0.75 0.769
0.0 0.0 0.0 0.0 0.0 0.0 1.0 0.0 0.0 0.0 0.0 0.0 0.0 0.0 0.0 0.0 0.0 0.0 0.0 0.0 0.0 1.0 0.0 0.0 0.0 0.6208 0.8333333333333334 0.811 0.039 0.66 0.16666666666666666 -0.0 0.66 0.32599999999999996 0.6666666666666666 0.728 -0.78 0.723 0.24466666666666667 0.5 0.811 -0.79 0.811 0.585 0.16666666666666666 0.585 0.0 0.585 0.37160000000000004 0.8333333333333334 0.935 -0.63 0.069
0.0 0.0 0.0 0.0 0.0 0.0 0.0 0.0 0.0 0.0 0.0 0.0 0.0 0.0 0.0 0.0 0.0 0.0 0.0 0.0 0.0 0.0 0.0 1.0 0.0 0.396 1.0 0.746 0.746 0.0 0.0 -0.0 -0.0 0.31699999999999995 1.0 0.723 -0.07 0.723 -0.414 0.5 0.112 -0.94 0.112 -0.06 0.25 0.0 -0.06 -0.06 0.42800000000000005 1.0 0.769 0.0 0.769
0.0 0.0 0.0 0.0 0.0 1.0 1.0 0.0 1.0 1.0 0.0 1.0 0.0 1.0 0.0 0.0 0.0 0.0 0.0 0.0 0.0 0.0 1.0 0.0 0.0 0.5837391304347825 0.8214285714285714 0.939 0.875 0.852 0.17857142857142858 -0.0 0.93 0.35090476190476183 0.75 0.956 -0.96 -0.96 0.0018888888888888883 0.6428571428571429 0.979 -0.94 0.102 0.3535714285714286 0.25 0.948 -0.2 0.88 0.3614583333333334 0.8571428571428571 0.935 -0.94 -0.94
0.0 0.0 0.0 0.0 0.0 0.0 0.0 0.0 0.0 0.0 0.0 0.0 0.0 0.0 0.0 0.0 0.0 0.0 0.0 0.0 0.0 0.0 0.0 1.0 0.0 0.6225384615384615 0.7222222222222222 0.935 0.258 0.632 0.2777777777777778 -0.0 0.8 0.3012142857142857 0.7777777777777778 0.956 -0.95 0.277 0.01533333333333333 0.5 0.96 -0.96 0.161 0.20971428571428571 0.3888888888888889 0.948 -0.71 -0.71 0.34187499999999993 0.8888888888888888 0.974 -0.81 0.337
0.0 0.0 0.0 0.0 0.0 0.0 0.0 0.0 0.0 0.0 0.0 0.0 0.0 0.0 0.0 0.0 0.0 0.0 0.0 0.0 0.0 0.0 0.0 1.0 0.0 0.7805 1.0 0.815 0.746 0.0 0.0 -0.0 -0.0 0.7124999999999999 1.0 0.723 0.0 0.723 0.0 0.0 0.0 0.0 0.0 0.0 0.0 0.0 0.0 0.0 0.8485 1.0 0.928 0.0 0.769
0.0 0.0 0.0 0.0 0.0 0.0 0.0 0.0 0.0 0.0 0.0 0.0 0.0 0.0 0.0 0.0 0.0 0.0 0.0 0.0 0.0 0.0 0.0 1.0 0.0 0.799 1.0 0.799 0.799 0.0 0.0 -0.0 -0.0 0.72 1.0 0.72 0.0 0.72 0.0 0.0 0.0 0.0 0.0 0.0 0.0 0.0 0.0 0.0 0.879 1.0 0.879 0.0 0.879
0.0 0.0 0.0 0.0 0.0 0.0 0.0 0.0 0.0 0.0 0.0 0.0 0.0 0.0 0.0 0.0 0.0 0.0 0.0 0.0 0.0 0.0 0.0 1.0 0.0 0.79925 0.8 0.935 0.935 0.58 0.2 -0.0 0.58 0.46179999999999993 1.0 0.956 -0.58 -0.58 -0.865 0.4 0.0 -0.94 -0.94 0.561 0.2 0.561 0.0 0.561 0.5306 1.0 0.935 -0.62 -0.62
0.0 0.0 0.0 0.0 0.0 0.0 1.0 0.0 0.0 0.0 0.0 0.0 0.0 0.0 0.0 0.0 0.0 0.0 0.0 0.0 0.0 1.0 0.0 0.0 0.0 0.911 1.0 0.911 0.911 0.0 0.0 -0.0 -0.0 0.865 1.0 0.865 0.0 0.865 0.0 0.0 0.0 0.0 0.0 0.0 0.0 0.0 0.0 0.0 0.958 1.0 0.958 0.0 0.958
0.0 0.0 0.0 0.0 1.0 2.0 1.0 0.0 2.0 0.0 0.0 2.0 0.0 1.0 0.0 0.0 0.0 0.0 0.0 0.0 0.0 0.0 0.0 0.0 0.0 0.5204883720930235 0.7543859649122807 0.951 0.786 0.5578571428571428 0.24561403508771928 -0.0 0.93 0.32775 0.7017543859649122 0.956 -0.99 0.849 -0.02765789473684213 0.6666666666666666 0.979 -0.94 0.723 0.2403684210526316 0.3333333333333333 0.948 -0.81 0.88 0.25981249999999995 0.8421052631578947 0.99 -0.94 -0.94
0.0 0.0 0.0 0.0 0.0 1.0 0.0 0.0 0.0 0.0 0.0 0.0 0.0 0.0 0.0 0.0 0.0 0.0 0.0 0.0 0.0 0.0 1.0 0.0 0.0 0.7316666666666668 1.0 0.943 0.341 0.0 0.0 -0.0 -0.0 0.737 0.6666666666666666 0.865 0.0 0.609 0.77 0.6666666666666666 0.943 0.0 0.597 -0.23 0.3333333333333333 0.0 -0.23 -0.23 0.6779999999999999 0.6666666666666666 0.958 0.0 0.398
0.0 0.0 0.0 0.0 0.0 0.0 0.0 0.0 0.0 0.0 0.0 0.0 0.0 0.0 0.0 0.0 0.0 0.0 0.0 0.0 0.0 0.0 0.0 0.0 0.0 0.746 1.0 0.746 0.746 0.0 0.0 -0.0 -0.0 0.723 1.0 0.723 0.0 0.723 0.0 0.0 0.0 0.0 0.0 0.0 0.0 0.0 0.0 0.0 0.769 1.0 0.769 0.0 0.769
0.0 0.0 0.0 0.0 0.0 0.0 1.0 0.0 0.0 0.0 0.0 0.0 0.0 0.0 0.0 0.0 0.0 0.0 0.0 0.0 0.0 1.0 0.0 0.0 0.0 0.7137142857142857 1.0 0.931 0.067 0.0 0.0 -0.0 -0.0 0.682 1.0 0.928 0.0 0.035 0.031399999999999983 0.7142857142857143 0.964 -0.87 0.112 -0.07 0.14285714285714285 0.0 -0.07 -0.07 0.7280000000000001 0.8571428571428571 0.935 0.0 0.195
0.0 0.0 0.0 0.0 0.0 0.0 0.0 0.0 0.0 0.0 0.0 0.0 0.0 0.0 0.0 0.0 0.0 0.0 0.0 0.0 0.0 0.0 0.0 1.0 0.0 0.4556666666666667 0.6666666666666666 0.789 0.208 0.47000000000000003 0.3333333333333333 -0.0 0.66 0.1482222222222222 1.0 0.982 -0.78 -0.78 -0.12179999999999998 0.5555555555555556 0.338 -0.79 0.239 0.1905 0.6666666666666666 0.818 -0.21 0.585 0.19644444444444448 1.0 0.935 -0.77 -0.63
0.0 0.0 0.0 0.0 0.0 0.0 0.0 0.0 0.0 0.0 0.0 0.0 0.0 0.0 0.0 0.0 0.0 0.0 0.0 0.0 0.0 0.0 0.0 1.0 0.0 0.572 1.0 0.849 0.806 0.0 0.0 -0.0 -0.0 0.596 1.0 0.922 -0.04 0.906 0.5336666666666666 1.0 0.776 0.0 0.715 0.0 0.0 0.0 0.0 0.0 0.456 0.6666666666666666 0.796 0.0 0.796
0.0 0.0 0.0 0.0 0.0 0.0 1.0 0.0 0.0 0.0 0.0 0.0 0.0 0.0 0.0 0.0 0.0 0.0 0.0 0.0 0.0 1.0 0.0 0.0 0.0 0.59725 1.0 0.815 0.746 0.0 0.0 -0.0 -0.0 0.5465 1.0 0.723 0.0 0.723 -0.188 0.5 0.274 -0.65 0.274 -0.11 0.25 0.0 -0.11 -0.11 0.68225 1.0 0.928 0.0 0.769
0.0 0.0 0.0 0.0 0.0 0.0 0.0 0.0 0.0 0.0 0.0 0.0 0.0 0.0 0.0 0.0 0.0 0.0 0.0 0.0 0.0 0.0 0.0 1.0 0.0 0.6296666666666667 0.75 0.935 0.935 0.58 0.25 -0.0 0.58 0.34850000000000003 1.0 0.956 -0.58 -0.58 0.239 0.25 0.239 0.0 0.239 0.30500000000000005 0.5 0.561 0.0 0.561 0.35224999999999995 1.0 0.914 -0.62 -0.62
0.0 0.0 0.0 0.0 0.0 0.0 0.0 0.0 0.0 0.0 0.0 0.0 0.0 0.0 0.0 0.0 0.0 0.0 0.0 0.0 0.0 0.0 0.0 1.0 0.0 0.7805 1.0 0.815 0.746 0.0 0.0 -0.0 -0.0 0.7124999999999999 1.0 0.723 0.0 0.723 0.0 0.0 0.0 0.0 0.0 0.0 0.0 0.0 0.0 0.0 0.8485 1.0 0.928 0.0 0.769
0.0 0.0 0.0 0.0 0.0 0.0 0.0 0.0 0.0 0.0 0.0 0.0 0.0 0.0 0.0 0.0 0.0 0.0 0.0 0.0 0.0 0.0 0.0 1.0 0.0 0.8432000000000001 0.8333333333333334 0.935 0.746 0.58 0.16666666666666666 -0.0 0.58 0.5553333333333333 1.0 0.956 -0.58 0.723 0.08699999999999997 0.3333333333333333 0.964 -0.79 0.964 0.561 0.16666666666666666 0.561 0.0 0.561 0.5852 0.8333333333333334 0.935 -0.62 0.769
0.0 0.0 0.0 0.0 0.0 0.0 1.0 0.0 0.0 0.0 0.0 0.0 0.0 0.0 0.0 0.0 0.0 0.0 0.0 0.0 0.0 0.0 0.0 1.0 0.0 0.4968333333333334 0.6666666666666666 0.935 0.071 0.39999999999999997 0.3333333333333333 -0.0 0.58 0.22428571428571425 0.7777777777777778 0.956 -0.58 -0.58 0.15875 0.4444444444444444 0.239 0.0 0.071 0.17420000000000002 0.5555555555555556 0.561 -0.17 0.561 0.245 0.8888888888888888 0.914 -0.62 -0.62
0.0 0.0 0.0 0.0 0.0 0.0 0.0 0.0 0.0 0.0 0.0 0.0 0.0 0.0 0.0 0.0 0.0 0.0 0.0 0.0 0.0 0.0 0.0 1.0 0.0 0.477 0.6666666666666666 0.746 0.208 0.66 0.3333333333333333 -0.0 0.66 0.07933333333333333 1.0 0.723 -0.78 -0.78 0.239 0.3333333333333333 0.239 0.0 0.239 0.317 0.6666666666666666 0.585 0.0 0.585 0.16166666666666665 1.0 0.769 -0.63 -0.63
0.0 0.0 0.0 0.0 0.0 0.0 0.0 0.0 0.0 0.0 0.0 0.0 0.0 0.0 0.0 0.0 0.0 0.0 0.0 0.0 0.0 0.0 0.0 1.0 0.0 0.6692 0.8333333333333334 0.889 0.709 0.66 0.16666666666666666 -0.0 0.66 0.4106666666666667 1.0 0.905 -0.78 0.869 0.11320000000000004 0.8333333333333334 0.902 -0.79 -0.59 0.19249999999999998 0.3333333333333333 0.585 -0.2 0.585 0.44860000000000005 0.8333333333333334 0.935 -0.63 0.66
0.0 0.0 0.0 0.0 0.0 0.0 1.0 0.0 0.0 0.0 0.0 0.0 0.0 0.0 0.0 0.0 0.0 0.0 0.0 0.0 0.0 1.0 0.0 0.0 0.0 0.82025 1.0 0.931 0.746 0.0 0.0 -0.0 -0.0 0.739 1.0 0.898 0.0 0.723 0.08699999999999997 0.5 0.964 -0.79 0.964 0.0 0.0 0.0 0.0 0.0 0.8773333333333334 0.75 0.935 0.0 0.769
0.0 0.0 0.0 0.0 0.0 0.0 1.0 0.0 0.0 0.0 0.0 0.0 0.0 0.0 0.0 0.0 0.0 0.0 0.0 0.0 0.0 1.0 0.0 0.0 0.0 0.8445 1.0 0.943 0.943 0.0 0.0 -0.0 -0.0 0.723 0.5 0.723 0.0 0.723 0.943 0.5 0.943 0.0 0.943 0.0 0.0 0.0 0.0 0.0 0.769 0.5 0.769 0.0 0.769
0.0 0.0 0.0 0.0 0.0 0.0 0.0 0.0 0.0 0.0 0.0 0.0 0.0 0.0 0.0 0.0 0.0 0.0 0.0 0.0 0.0 0.0 0.0 1.0 0.0 0.3855 0.9090909090909091 0.907 0.044 0.68 0.09090909090909091 -0.0 0.68 0.237 1.0 0.855 -0.71 -0.1 0.2782857142857143 0.6363636363636364 0.775 0.0 0.272 0.1046 0.45454545454545453 0.785 -0.2 -0.14 0.3357 0.9090909090909091 0.959 -0.55 0.15
0.0 0.0 0.0 0.0 0.0 0.0 0.0 0.0 0.0 0.0 0.0 0.0 0.0 0.0 0.0 0.0 0.0 0.0 0.0 0.0 0.0 0.0 0.0 1.0 0.0 0.3463333333333333 1.0 0.746 0.085 0.0 0.0 -0.0 -0.0 0.326 1.0 0.723 -0.04 -0.04 0.1925 0.6666666666666666 0.239 0.0 0.146 0.049 0.3333333333333333 0.049 0.0 0.049 0.4223333333333333 1.0 0.769 0.0 0.152
0.0 0.0 0.0 0.0 0.0 0.0 0.0 0.0 0.0 0.0 0.0 0.0 0.0 0.0 0.0 0.0 0.0 0.0 0.0 0.0 0.0 0.0 0.0 1.0 0.0 0.7072 0.9090909090909091 0.935 0.727 0.58 0.09090909090909091 -0.0 0.58 0.5869999999999999 1.0 0.981 -0.58 0.577 -0.057600000000000005 0.45454545454545453 0.964 -0.94 -0.94 0.2196666666666667 0.2727272727272727 0.561 0.0 0.049 0.5741 0.9090909090909091 0.935 -0.62 0.655
0.0 0.0 0.0 0.0 0.0 0.0 0.0 0.0 0.0 0.0 0.0 0.0 0.0 0.0 0.0 0.0 0.0 0.0 0.0 0.0 0.0 0.0 0.0 0.0 0.0 0.7805 1.0 0.815 0.815 0.0 0.0 -0.0 -0.0 0.7124999999999999 1.0 0.723 0.0 0.702 0.0 0.0 0.0 0.0 0.0 0.0 0.0 0.0 0.0 0.0 0.8485 1.0 0.928 0.0 0.928
0.0 0.0 0.0 0.0 0.0 0.0 0.0 0.0 0.0 0.0 0.0 0.0 0.0 0.0 0.0 0.0 0.0 0.0 0.0 0.0 0.0 0.0 0.0 1.0 0.0 0.604 0.6666666666666666 0.911 0.911 0.78 0.3333333333333333 -0.0 0.78 0.21 1.0 0.865 -0.75 0.865 0.568 0.3333333333333333 0.568 0.0 0.568 0.3 0.6666666666666666 0.82 -0.22 -0.22 0.6445 0.6666666666666666 0.958 0.0 0.958
0.0 0.0 0.0 0.0 0.0 0.0 1.0 0.0 0.0 0.0 0.0 0.0 0.0 0.0 0.0 0.0 0.0 0.0 0.0 0.0 0.0 1.0 0.0 0.0 0.0 0.5586666666666666 1.0 0.815 0.746 0.0 0.0 -0.0 -0.0 0.49466666666666664 1.0 0.723 0.0 0.723 0.274 0.3333333333333333 0.274 0.0 0.274 -0.11 0.3333333333333333 0.0 -0.11 -0.11 0.6470000000000001 1.0 0.928 0.0 0.769
0.0 0.0 0.0 0.0 0.0 0.0 0.0 0.0 0.0 0.0 0.0 0.0 0.0 0.0 0.0 0.0 0.0 0.0 0.0 0.0 0.0 0.0 0.0 1.0 0.0 0.3133333333333333 1.0 0.727 0.086 0.0 0.0 -0.0 -0.0 0.3445 0.6666666666666666 0.577 0.0 0.577 -0.372 0.6666666666666666 0.196 -0.94 0.196 -0.13 0.3333333333333333 0.0 -0.13 -0.13 0.3293333333333333 1.0 0.655 0.0 0.192
0.0 0.0 0.0 0.0 0.0 0.0 0.0 0.0 0.0 0.0 0.0 0.0 0.0 0.0 0.0 0.0 0.0 0.0 0.0 0.0 0.0 0.0 0.0 1.0 0.0 0.5726666666666667 1.0 0.815 0.157 0.0 0.0 -0.0 -0.0 0.5023333333333333 1.0 0.723 0.0 0.082 0.191 0.3333333333333333 0.191 0.0 0.191 0.0 0.0 0.0 0.0 0.0 0.6316666666666667 1.0 0.928 0.0 0.198
0.0 0.0 0.0 0.0 0.0 0.0 0.0 0.0 0.0 0.0 0.0 0.0 0.0 0.0 0.0 0.0 0.0 0.0 0.0 0.0 0.0 0.0 0.0 1.0 0.0 0.57825 0.8571428571428571 0.935 0.063 0.6699999999999999 0.14285714285714285 -0.0 0.76 0.3960714285714286 1.0 0.956 -0.77 0.039 0.4557142857142856 0.5 0.884 0.0 0.086 -0.13499999999999998 0.42857142857142855 0.561 -0.75 -0.36 0.5576363636363636 0.7857142857142857 0.958 -0.62 0.484
0.0 0.0 0.0 0.0 0.0 0.0 0.0 0.0 0.0 0.0 0.0 0.0 0.0 0.0 0.0 0.0 0.0 0.0 0.0 0.0 0.0 0.0 0.0 1.0 0.0 0.7698333333333335 0.8571428571428571 0.939 0.849 0.78 0.14285714285714285 -0.0 0.78 0.5658571428571428 1.0 0.956 -0.75 0.922 0.277 0.5714285714285714 0.979 -0.87 0.776 0.38999999999999996 0.2857142857142857 0.82 -0.04 0.82 0.7025000000000001 0.5714285714285714 0.914 0.0 0.679
0.0 0.0 0.0 0.0 0.0 0.0 0.0 0.0 0.0 0.0 0.0 0.0 0.0 0.0 0.0 0.0 0.0 0.0 0.0 0.0 0.0 0.0 0.0 1.0 0.0 0.596 0.8571428571428571 0.935 0.844 0.58 0.14285714285714285 -0.0 0.58 0.42114285714285715 1.0 0.956 -0.58 0.737 0.16439999999999996 0.7142857142857143 0.776 -0.95 -0.95 0.23050000000000004 0.2857142857142857 0.561 -0.1 0.561 0.2836 0.7142857142857143 0.914 -0.62 0.796
0.0 0.0 0.0 0.0 0.0 0.0 0.0 0.0 0.0 0.0 0.0 0.0 0.0 0.0 0.0 0.0 0.0 0.0 0.0 0.0 0.0 0.0 0.0 1.0 0.0 0.6728 0.8333333333333334 0.849 0.806 0.76 0.16666666666666666 -0.0 0.76 0.4651666666666667 1.0 0.928 -0.78 0.906 0.2944 0.8333333333333334 0.776 -0.87 0.715 0.0 0.0 0.0 0.0 0.0 0.3446 0.8333333333333334 0.862 -0.73 0.796
0.0 0.0 0.0 0.0 0.0 0.0 0.0 0.0 0.0 0.0 0.0 0.0 0.0 0.0 0.0 0.0 0.0 0.0 0.0 0.0 0.0 0.0 0.0 1.0 0.0 0.32666666666666666 1.0 0.849 0.075 0.0 0.0 -0.0 -0.0 0.3116666666666666 1.0 0.922 -0.05 0.041 0.1566 0.8333333333333334 0.776 -0.65 0.239 -0.040333333333333325 0.5 0.049 -0.09 0.049 0.3128 0.8333333333333334 0.788 0.0 0.109
0.0 0.0 0.0 0.0 0.0 0.0 0.0 0.0 0.0 0.0 0.0 0.0 0.0 0.0 0.0 0.0 0.0 0.0 0.0 0.0 0.0 0.0 0.0 1.0 0.0 0.66275 0.8 0.935 0.806 0.58 0.2 -0.0 0.58 0.4328 1.0 0.956 -0.58 0.906 0.5336666666666666 0.6 0.776 0.0 0.715 0.561 0.2 0.561 0.0 0.561 0.3015 0.8 0.914 -0.62 0.796
0.0 0.0 0.0 0.0 0.0 0.0 0.0 0.0 0.0 0.0 0.0 0.0 0.0 0.0 0.0 0.0 0.0 0.0 0.0 0.0 0.0 0.0 0.0 1.0 0.0 0.6073333333333334 0.6 0.779 0.779 0.78 0.4 -0.0 0.78 0.1044 1.0 0.784 -0.75 0.784 0.6659999999999999 0.4 0.764 0.0 0.764 0.47333333333333333 0.6 0.82 -0.22 0.82 0.63 0.6 0.79 0.0 0.79
0.0 0.0 0.0 0.0 0.0 0.0 0.0 0.0 0.0 0.0 0.0 0.0 0.0 0.0 0.0 0.0 0.0 0.0 0.0 0.0 0.0 0.0 0.0 1.0 0.0 0.5930000000000001 0.75 0.935 0.098 0.58 0.25 -0.0 0.58 0.28524999999999995 1.0 0.956 -0.58 0.042 0.338 0.25 0.338 0.0 0.338 0.17550000000000004 0.5 0.561 -0.21 -0.21 0.32375000000000004 1.0 0.914 -0.62 0.232
0.0 0.0 0.0 0.0 0.0 0.0 0.0 0.0 0.0 0.0 0.0 0.0 0.0 0.0 0.0 0.0 0.0 0.0 0.0 0.0 0.0 0.0 0.0 1.0 0.0 0.5108666666666667 0.7142857142857143 0.939 0.258 0.525 0.2857142857142857 -0.0 0.76 0.26431578947368417 0.9047619047619048 0.956 -0.95 0.277 0.4432857142857142 0.6666666666666666 0.979 -0.04 0.161 -0.05271428571428572 0.3333333333333333 0.721 -0.75 -0.34 0.11281250000000001 0.7619047619047619 0.914 -0.75 0.337
0.0 0.0 0.0 0.0 0.0 0.0 1.0 0.0 0.0 0.0 0.0 0.0 1.0 0.0 0.0 0.0 0.0 0.0 0.0 0.0 0.0 1.0 0.0 0.0 0.0 0.621 1.0 0.933 0.874 0.0 0.0 -0.0 -0.0 0.9764999999999999 0.6666666666666666 0.993 0.0 0.96 0.605 1.0 0.962 0.0 0.788 0.039 0.3333333333333333 0.039 0.0 0.039 0.4935 0.6666666666666666 0.845 0.0 0.845
0.0 0.0 0.0 0.0 0.0 0.0 1.0 0.0 0.0 0.0 0.0 0.0 0.0 0.0 0.0 0.0 0.0 0.0 0.0 0.0 0.0 1.0 0.0 0.0 0.0 0.5923333333333333 1.0 0.823 0.823 0.0 0.0 -0.0 -0.0 0.6616666666666666 1.0 0.967 0.0 0.967 0.517 0.6666666666666666 0.795 0.0 0.795 0.049 0.3333333333333333 0.049 0.0 0.049 0.607 1.0 0.769 0.0 0.706
0.0 0.0 0.0 0.0 0.0 0.0 0.0 0.0 0.0 0.0 0.0 0.0 0.0 0.0 0.0 0.0 0.0 0.0 0.0 0.0 0.0 0.0 0.0 1.0 0.0 0.6012857142857143 0.7777777777777778 0.935 0.075 0.315 0.2222222222222222 -0.0 0.58 0.39688888888888885 1.0 0.956 -0.58 0.041 -0.09540000000000001 0.5555555555555556 0.776 -0.87 -0.87 0.13033333333333336 0.3333333333333333 0.561 -0.09 0.561 0.39285714285714285 0.7777777777777778 0.914 -0.62 0.109
0.0 0.0 0.0 0.0 0.0 0.0 0.0 0.0 0.0 0.0 0.0 0.0 0.0 0.0 0.0 0.0 0.0 0.0 0.0 0.0 0.0 0.0 0.0 1.0 0.0 0.4065 1.0 0.746 0.067 0.0 0.0 -0.0 -0.0 0.378 1.0 0.723 0.0 0.033 0.158 0.5 0.158 0.0 0.158 -0.06 0.5 0.0 -0.06 -0.06 0.457 1.0 0.769 0.0 0.145
0.0 0.0 0.0 0.0 0.0 0.0 0.0 0.0 0.0 0.0 0.0 0.0 0.0 0.0 0.0 0.0 0.0 0.0 0.0 0.0 0.0 0.0 0.0 1.0 0.0 0.5392727272727273 0.9166666666666666 0.986 0.073 0.58 0.08333333333333333 -0.0 0.58 0.5152 0.8333333333333334 0.986 -0.58 0.277 0.44722222222222224 0.75 0.979 0.0 0.073 0.18333333333333335 0.25 0.561 -0.04 -0.04 0.15333333333333332 0.5 0.796 -0.62 0.337
0.0 0.0 0.0 0.0 0.0 0.0 0.0 0.0 0.0 0.0 0.0 0.0 0.0 0.0 0.0 0.0 0.0 0.0 0.0 0.0 0.0 0.0 0.0 1.0 0.0 0.33453846153846156 0.7647058823529411 0.935 0.065 0.46 0.23529411764705882 -0.0 0.81 0.09368750000000002 0.9411764705882353 0.956 -0.96 -0.95 0.09044444444444444 0.5294117647058824 0.323 -0.79 0.247 -0.098625 0.47058823529411764 0.721 -0.78 0.721 0.30933333333333335 0.8823529411764706 0.935 -0.75 -0.75
0.0 0.0 0.0 0.0 0.0 0.0 0.0 0.0 0.0 0.0 0.0 0.0 0.0 0.0 0.0 0.0 0.0 0.0 0.0 0.0 0.0 0.0 0.0 1.0 0.0 0.5471428571428573 0.875 0.935 0.806 0.58 0.125 -0.0 0.58 0.37433333333333335 0.75 0.956 -0.58 0.906 0.45766666666666667 0.75 0.857 0.0 0.715 0.561 0.125 0.561 0.0 0.561 0.35628571428571426 0.875 0.998 -0.62 0.796
0.0 0.0 0.0 0.0 0.0 0.0 0.0 0.0 0.0 0.0 0.0 0.0 0.0 0.0 0.0 0.0 0.0 0.0 0.0 0.0 0.0 0.0 0.0 1.0 0.0 0.572 0.75 0.849 0.806 0.58 0.25 -0.0 0.58 0.30200000000000005 1.0 0.922 -0.58 0.906 0.5336666666666666 0.75 0.776 0.0 0.715 0.561 0.25 0.561 0.0 0.561 0.09733333333333334 0.75 0.796 -0.62 0.796
0.0 0.0 0.0 0.0 0.0 0.0 0.0 0.0 0.0 0.0 0.0 2.0 0.0 0.0 0.0 0.0 0.0 0.0 0.0 0.0 0.0 0.0 0.0 1.0 0.0 0.30757142857142855 0.875 0.939 0.099 0.66 0.125 -0.0 0.66 0.16085714285714287 0.875 0.928 -0.78 -0.78 0.1437142857142857 0.875 0.979 -0.87 0.174 0.05499999999999998 0.625 0.585 -0.08 0.585 0.10885714285714285 0.875 0.679 -0.63 -0.63
0.0 0.0 0.0 0.0 0.0 0.0 1.0 0.0 0.0 0.0 0.0 0.0 0.0 0.0 0.0 0.0 0.0 0.0 0.0 0.0 0.0 0.0 0.0 1.0 0.0 0.6701666666666667 0.8571428571428571 0.935 0.877 0.43 0.14285714285714285 -0.0 0.83 0.6775833333333333 0.8571428571428571 0.956 -0.02 -0.02 0.17271428571428568 0.5 0.773 -0.96 -0.05 0.057666666666666665 0.42857142857142855 0.716 -0.32 0.716 0.5319230769230769 0.9285714285714286 0.964 -0.94 -0.94
0.0 0.0 0.0 0.0 0.0 0.0 0.0 0.0 0.0 0.0 0.0 0.0 0.0 0.0 0.0 0.0 0.0 0.0 0.0 0.0 0.0 0.0 0.0 1.0 0.0 0.66275 0.8 0.935 0.806 0.58 0.2 -0.0 0.58 0.4328 1.0 0.956 -0.58 0.906 0.5336666666666666 0.6 0.776 0.0 0.715 0.561 0.2 0.561 0.0 0.561 0.3015 0.8 0.914 -0.62 0.796
0.0 0.0 0.0 0.0 0.0 0.0 0.0 0.0 0.0 0.0 0.0 0.0 0.0 0.0 0.0 0.0 0.0 0.0 0.0 0.0 0.0 0.0 0.0 1.0 0.0 0.4595 1.0 0.789 0.095 0.0 0.0 -0.0 -0.0 0.5503333333333332 0.75 0.723 0.0 0.295 -0.13533333333333333 0.75 0.239 -0.79 0.145 0.052500000000000005 0.5 0.056 0.0 0.056 0.5617500000000001 1.0 0.935 0.0 0.197
0.0 0.0 0.0 0.0 0.0 0.0 0.0 0.0 0.0 0.0 0.0 0.0 0.0 1.0 0.0 0.0 0.0 0.0 0.0 0.0 0.0 0.0 0.0 1.0 0.0 0.4207142857142857 1.0 0.935 0.044 0.0 0.0 -0.0 -0.0 0.364 0.7142857142857143 0.956 -0.04 0.036 0.051166666666666666 0.8571428571428571 0.858 -0.94 -0.05 -0.09 0.2857142857142857 0.0 -0.09 -0.09 0.46399999999999997 0.7142857142857143 0.914 0.0 0.138
0.0 0.0 0.0 0.0 0.0 0.0 0.0 0.0 0.0 0.0 0.0 0.0 0.0 0.0 0.0 0.0 0.0 0.0 0.0 0.0 0.0 0.0 0.0 1.0 0.0 0.38239999999999996 1.0 0.853 0.853 0.0 0.0 -0.0 -0.0 0.38079999999999997 1.0 0.955 -0.05 0.955 0.5265 0.4 0.776 0.0 0.277 -0.08 0.2 0.0 -0.08 -0.08 0.27025 0.8 0.751 0.0 0.751
0.0 0.0 0.0 0.0 0.0 0.0 0.0 0.0 0.0 0.0 0.0 2.0 0.0 1.0 0.0 0.0 0.0 0.0 0.0 0.0 0.0 0.0 0.0 1.0 0.0 0.6305384615384616 0.8125 0.935 0.806 0.7733333333333334 0.1875 -0.0 0.85 0.3618 0.625 0.956 -0.95 0.806 0.07825000000000003 0.5 0.858 -0.94 0.712 0.11175000000000002 0.25 0.721 -0.94 -0.94 0.28516666666666673 0.75 0.914 -0.77 -0.77
0.0 0.0 0.0 0.0 0.0 0.0 0.0 0.0 0.0 0.0 0.0 2.0 0.0 0.0 0.0 0.0 0.0 0.0 0.0 0.0 0.0 0.0 0.0 0.0 0.0 0.5286666666666667 0.6 0.939 0.208 0.5775 0.4 -0.0 0.03 0.13037499999999996 0.8 0.957 -0.78 0.295 0.2285 0.6 0.979 -0.94 0.239 0.38316666666666666 0.6 0.856 0.0 0.049 -0.004888888888888881 0.9 0.921 -0.99 0.346
