0.0 1.0 0.0 0.0 0.0 0.0 0.0 0.0 0.0 0.0 1.0 0.0 0.0 1.0 0.0 0.0 0.0 0.0 0.0 0.0 1.0 0.0 0.0 0.0 0.0 0.328 0.6 0.713 0.189 0.15000000000000002 0.4 -0.0 0.14 0.074 1.0 0.702 -0.44 0.201 -0.02774999999999999 0.8 0.311 -0.65 0.159 -0.003999999999999999 0.6 0.049 -0.09 0.049 0.121 1.0 0.788 -0.39 0.207
0.0 0.0 0.0 0.0 0.0 0.0 0.0 0.0 0.0 0.0 0.0 0.0 0.0 0.0 0.0 0.0 0.0 0.0 0.0 0.0 0.0 0.0 0.0 1.0 0.0 0.6093333333333333 0.75 0.91 0.91 0.7 0.25 -0.0 0.7 0.5073333333333333 0.75 0.839 -0.04 0.839 0.5589999999999999 0.5 0.982 0.0 0.982 -0.7 0.25 0.0 -0.7 -0.7 0.5425 0.5 0.98 0.0 0.98
0.0 0.0 0.0 0.0 0.0 1.0 0.0 0.0 1.0 0.0 0.0 0.0 0.0 0.0 0.0 0.0 0.0 0.0 0.0 0.0 0.0 0.0 1.0 0.0 0.0 0.5182222222222221 0.6428571428571429 0.964 0.028 0.618 0.35714285714285715 -0.0 0.65 0.17458333333333328 0.8571428571428571 0.995 -0.93 -0.12 0.5222222222222223 0.6428571428571429 0.979 0.0 0.179 0.04142857142857142 0.5 0.585 -0.14 -0.14 -0.09472727272727273 0.7857142857142857 0.851 -0.92 0.204
0.0 1.0 0.0 0.0 0.0 1.0 0.0 0.0 0.0 0.0 1.0 0.0 0.0 1.0 0.0 0.0 0.0 0.0 0.0 0.0 0.0 0.0 1.0 0.0 0.0 0.48 0.8571428571428571 0.907 0.856 0.7 0.14285714285714285 -0.0 0.7 0.2843333333333333 0.42857142857142855 0.855 -0.04 0.038 0.05940000000000003 0.7142857142857143 0.788 -0.94 0.788 -0.30666666666666664 0.42857142857142855 0.0 -0.7 -0.09 0.5356666666666666 0.8571428571428571 0.959 0.0 0.924
0.0 0.0 0.0 0.0 0.0 3.0 1.0 0.0 4.0 0.0 0.0 2.0 0.0 0.0 0.0 0.0 0.0 0.0 0.0 0.0 0.0 0.0 1.0 0.0 0.0 0.5712 0.7 0.97 0.037 0.6053333333333332 0.3 -0.0 0.71 0.22640476190476183 0.84 0.957 -0.95 -0.09 -0.013607142857142882 0.56 0.991 -0.88 0.104 0.13036842105263155 0.38 0.898 -0.78 -0.72 0.23009756097560968 0.82 0.944 -0.9 0.099
0.0 0.0 0.0 0.0 0.0 0.0 0.0 0.0 0.0 0.0 0.0 0.0 0.0 0.0 0.0 0.0 0.0 0.0 0.0 0.0 0.0 0.0 0.0 1.0 0.0 0.484888888888889 0.8181818181818182 0.935 0.748 0.74 0.18181818181818182 -0.0 0.7 0.3491111111111111 0.8181818181818182 0.956 -0.75 0.777 -0.307 0.5454545454545454 0.173 -0.85 -0.85 -0.024999999999999994 0.36363636363636365 0.82 -0.7 -0.13 0.5379999999999999 0.8181818181818182 0.935 0.0 0.615
0.0 0.0 0.0 0.0 0.0 0.0 0.0 0.0 0.0 0.0 0.0 1.0 0.0 0.0 0.0 0.0 0.0 0.0 0.0 0.0 0.0 0.0 0.0 1.0 0.0 0.467875 0.5714285714285714 0.939 0.074 0.5 0.42857142857142855 -0.0 0.65 -0.11416666666666668 0.8571428571428571 0.899 -0.93 -0.93 0.20888888888888887 0.6428571428571429 0.979 -0.79 0.141 0.06999999999999999 0.42857142857142855 0.585 -0.17 0.096 0.006384615384615373 0.9285714285714286 0.935 -0.92 -0.92
0.0 0.0 0.0 0.0 1.0 2.0 0.0 0.0 0.0 0.0 0.0 1.0 0.0 0.0 0.0 0.0 0.0 0.0 0.0 0.0 0.0 0.0 1.0 0.0 0.0 0.3961724137931034 0.8787878787878788 0.939 0.062 0.6875 0.12121212121212122 -0.0 0.9 0.21010714285714283 0.8484848484848485 0.956 -0.96 -0.05 0.09514814814814818 0.8181818181818182 0.979 -0.81 0.277 -0.25600000000000006 0.36363636363636365 0.049 -0.96 -0.08 0.36336000000000007 0.7575757575757576 0.914 -0.78 0.111
0.0 0.0 0.0 0.0 0.0 0.0 1.0 0.0 0.0 0.0 0.0 0.0 0.0 0.0 0.0 0.0 0.0 0.0 0.0 0.0 0.0 1.0 0.0 0.0 0.0 0.0 0.0 0.0 0.0 0.825 1.0 -0.0 0.87 -0.7949999999999999 1.0 0.0 -0.84 -0.84 0.0 0.0 0.0 0.0 0.0 -0.07 1.0 0.82 -0.96 -0.96 -0.82 0.5 0.0 -0.82 -0.82
0.0 0.0 0.0 0.0 1.0 0.0 1.0 0.0 0.0 0.0 0.0 0.0 0.0 1.0 0.0 0.0 0.0 0.0 0.0 0.0 0.0 0.0 0.0 0.0 1.0 0.5316666666666667 0.8333333333333334 0.935 0.848 0.59 0.16666666666666666 -0.0 0.16 0.2593 0.5555555555555556 0.956 -0.9 0.746 0.25192307692307697 0.7222222222222222 0.99 -0.75 0.871 -0.0748 0.2777777777777778 0.816 -0.71 -0.17 0.4378823529411764 0.9444444444444444 0.934 -0.85 0.928
0.0 0.0 0.0 0.0 0.0 3.0 0.0 0.0 0.0 0.0 0.0 4.0 0.0 0.0 0.0 0.0 0.0 0.0 0.0 0.0 0.0 0.0 1.0 0.0 0.0 0.6936774193548387 0.8857142857142857 0.939 0.897 0.535 0.11428571428571428 -0.0 0.04 0.5676666666666665 0.7714285714285715 1.0 -0.78 0.979 0.26744 0.7142857142857143 0.997 -0.94 0.887 0.030249999999999996 0.22857142857142856 0.585 -0.76 0.026 0.5018 0.7142857142857143 0.974 -0.81 0.825
0.0 0.0 0.0 0.0 0.0 0.0 2.0 0.0 1.0 1.0 0.0 1.0 0.0 0.0 0.0 0.0 0.0 0.0 0.0 0.0 0.0 0.0 0.0 1.0 0.0 0.5384615384615384 0.8125 0.958 0.958 0.71 0.1875 -0.0 0.71 0.316 0.9375 0.967 -0.78 0.958 0.1545 0.625 0.795 -0.88 0.165 -0.09933333333333334 0.375 0.585 -0.72 -0.72 0.37135714285714283 0.875 0.978 -0.73 -0.63
0.0 0.0 0.0 0.0 0.0 0.0 1.0 0.0 0.0 0.0 0.0 0.0 0.0 0.0 0.0 0.0 0.0 0.0 0.0 0.0 0.0 1.0 0.0 0.0 0.0 0.6302857142857142 0.7 0.943 0.744 0.7833333333333333 0.3 -0.0 0.78 0.11777777777777779 0.9 0.956 -0.78 0.781 0.2692 0.5 0.943 -0.79 0.943 0.3515 0.4 0.82 -0.16 -0.07 0.19242857142857142 0.7 0.935 -0.85 0.706
0.0 0.0 0.0 0.0 0.0 1.0 2.0 0.0 3.0 0.0 0.0 0.0 0.0 0.0 0.0 0.0 0.0 0.0 0.0 0.0 0.0 1.0 0.0 0.0 0.0 0.5624722222222222 0.6428571428571429 0.939 0.709 0.5860000000000001 0.35714285714285715 -0.0 0.61 0.0971296296296296 0.9642857142857143 0.956 -0.89 0.869 0.11370967741935485 0.5535714285714286 0.979 -0.79 -0.59 0.39665217391304336 0.4107142857142857 0.856 -0.2 0.57 0.11520000000000007 0.8035714285714286 0.935 -0.87 0.66
0.0 0.0 0.0 0.0 0.0 1.0 1.0 0.0 0.0 0.0 0.0 0.0 0.0 0.0 0.0 0.0 0.0 0.0 0.0 0.0 0.0 0.0 0.0 0.0 0.0 0.49959375 0.9142857142857143 0.983 0.8 0.7733333333333334 0.08571428571428572 -0.0 0.76 0.3376428571428571 0.8 0.982 -0.78 0.825 0.016571428571428588 0.8 0.983 -0.85 0.775 0.055363636363636344 0.3142857142857143 0.82 -0.24 -0.04 0.4869642857142857 0.8 0.958 -0.73 0.615
0.0 1.0 0.0 0.0 0.0 0.0 0.0 0.0 0.0 0.0 1.0 0.0 0.0 1.0 0.0 0.0 0.0 0.0 0.0 0.0 0.0 0.0 0.0 0.0 0.0 0.2973076923076923 0.8666666666666667 0.939 0.778 0.545 0.13333333333333333 -0.0 0.28 0.16807692307692307 0.8666666666666667 0.899 -0.77 -0.08 0.21763636363636366 0.7333333333333333 0.979 -0.65 0.202 0.222 0.4666666666666667 0.816 -0.07 0.615 0.10830769230769234 0.8666666666666667 0.851 -0.85 -0.62
0.0 0.0 0.0 0.0 0.0 0.0 1.0 0.0 0.0 0.0 0.0 0.0 0.0 0.0 0.0 0.0 0.0 0.0 0.0 0.0 0.0 1.0 0.0 0.0 0.0 0.864 0.3333333333333333 0.943 0.943 0.7324999999999999 0.6666666666666666 -0.0 0.88 -0.517 0.6666666666666666 0.712 -0.98 -0.98 0.573 0.3333333333333333 0.943 0.0 0.943 -0.22033333333333335 0.5 0.869 -0.93 0.869 -0.32839999999999997 0.8333333333333334 0.858 -0.94 -0.8
0.0 1.0 0.0 0.0 0.0 1.0 0.0 0.0 0.0 0.0 1.0 3.0 0.0 1.0 0.0 0.0 0.0 0.0 0.0 0.0 0.0 0.0 1.0 0.0 0.0 0.41055555555555556 0.782608695652174 0.935 0.085 0.5479999999999999 0.21739130434782608 -0.0 0.85 0.12522222222222223 0.782608695652174 0.956 -0.91 -0.8 -0.027500000000000004 0.6086956521739131 0.904 -0.94 0.199 -0.2343333333333333 0.5217391304347826 0.015 -0.91 0.015 0.2714285714285715 0.9130434782608695 0.935 -0.99 0.072
0.0 1.0 0.0 0.0 1.0 0.0 0.0 0.0 0.0 0.0 1.0 0.0 0.0 0.0 0.0 0.0 0.0 0.0 1.0 0.0 1.0 0.0 0.0 0.0 0.0 0.103 0.5 0.103 0.103 0.91 0.5 -0.0 0.91 -0.91 0.5 0.0 -0.91 -0.91 0.264 0.5 0.264 0.0 0.264 -0.09 0.5 0.0 -0.09 -0.09 0.135 0.5 0.135 0.0 0.135
0.0 0.0 0.0 0.0 2.0 0.0 0.0 0.0 0.0 0.0 0.0 0.0 0.0 0.0 0.0 0.0 0.0 0.0 0.0 0.0 0.0 0.0 0.0 0.0 1.0 0.3872592592592593 0.8307692307692308 0.939 0.12 0.4681818181818182 0.16923076923076924 -0.0 0.76 0.28878846153846166 0.8 0.964 -0.9 0.723 0.24113953488372092 0.6615384615384615 0.979 -0.88 0.816 -0.031560000000000005 0.38461538461538464 0.932 -0.71 -0.04 0.24829310344827582 0.8923076923076924 0.922 -0.96 0.12
0.0 0.0 0.0 0.0 0.0 0.0 1.0 0.0 0.0 0.0 0.0 2.0 0.0 2.0 0.0 0.0 0.0 0.0 0.0 0.0 0.0 0.0 0.0 1.0 0.0 0.5452222222222223 0.8181818181818182 0.951 0.935 0.45 0.18181818181818182 -0.0 0.76 0.266 0.8181818181818182 0.956 -0.78 0.956 0.5067142857142858 0.6363636363636364 0.979 0.0 0.979 -0.0355 0.18181818181818182 0.049 -0.12 -0.12 0.2457777777777778 0.8181818181818182 0.99 -0.73 0.914
0.0 1.0 0.0 0.0 0.0 0.0 0.0 0.0 0.0 0.0 1.0 0.0 0.0 1.0 0.0 0.0 0.0 0.0 0.0 0.0 1.0 0.0 0.0 0.0 0.0 0.8064 0.8333333333333334 0.92 0.92 0.14 0.16666666666666666 -0.0 0.14 0.43000000000000005 0.6666666666666666 0.825 -0.44 -0.44 -0.2352 0.8333333333333334 0.893 -0.94 0.311 0.049 0.16666666666666666 0.049 0.0 0.049 0.6211666666666666 1.0 0.947 -0.39 -0.39
0.0 0.0 0.0 0.0 0.0 0.0 0.0 0.0 0.0 0.0 0.0 1.0 0.0 0.0 0.0 0.0 0.0 0.0 0.0 0.0 0.0 0.0 0.0 1.0 0.0 0.4082 0.8333333333333334 0.713 0.208 0.91 0.16666666666666666 -0.0 0.91 0.17359999999999998 0.8333333333333334 0.719 -0.91 0.295 -0.27759999999999996 0.8333333333333334 0.239 -0.65 0.239 -0.0305 0.3333333333333333 0.049 -0.11 0.049 0.48840000000000006 0.8333333333333334 0.788 0.0 0.346
0.0 0.0 0.0 0.0 0.0 0.0 1.0 0.0 0.0 0.0 0.0 1.0 0.0 1.0 0.0 0.0 0.0 0.0 0.0 0.0 0.0 1.0 0.0 0.0 0.0 0.4848333333333333 0.6666666666666666 0.921 0.855 0.66 0.3333333333333333 -0.0 0.76 -0.01912499999999999 0.8888888888888888 0.995 -0.99 -0.61 0.4678333333333333 0.6666666666666666 0.967 -0.07 0.967 0.183 0.2222222222222222 0.856 -0.49 0.856 0.05628571428571426 0.7777777777777778 0.968 -0.82 -0.82
0.0 0.0 0.0 0.0 0.0 0.0 0.0 0.0 1.0 0.0 0.0 0.0 0.0 2.0 0.0 0.0 0.0 0.0 0.0 0.0 0.0 0.0 0.0 1.0 0.0 0.42381818181818165 0.8148148148148148 0.935 0.081 0.504 0.18518518518518517 -0.0 0.03 0.15552631578947368 0.7037037037037037 0.956 -0.94 0.067 -0.027714285714285712 0.7777777777777778 0.993 -0.94 0.088 0.06384615384615386 0.48148148148148145 0.816 -0.25 -0.07 0.29900000000000004 0.8518518518518519 0.935 -0.85 0.246
0.0 1.0 0.0 0.0 1.0 0.0 0.0 0.0 0.0 0.0 1.0 0.0 0.0 1.0 0.0 0.0 0.0 0.0 0.0 0.0 1.0 0.0 0.0 0.0 0.0 0.4171818181818182 0.8461538461538461 0.935 0.693 0.8600000000000001 0.15384615384615385 -0.0 0.91 0.10211111111111107 0.6923076923076923 0.964 -0.91 0.691 -0.08988888888888888 0.6923076923076923 0.728 -0.94 -0.5 0.1052 0.38461538461538464 0.816 -0.1 -0.06 0.3153 0.7692307692307693 0.914 -0.85 0.882
0.0 0.0 0.0 0.0 0.0 0.0 0.0 0.0 1.0 0.0 0.0 0.0 0.0 0.0 0.0 0.0 0.0 0.0 0.0 0.0 0.0 0.0 0.0 1.0 0.0 0.5334500000000001 0.8 0.939 0.935 0.8320000000000001 0.2 -0.0 0.78 0.24215 0.8 0.993 -0.96 -0.84 0.10962500000000001 0.64 0.979 -0.79 0.061 -0.2021111111111111 0.36 0.515 -0.98 0.067 0.37759090909090903 0.88 0.935 -0.99 -0.73
0.0 0.0 0.0 0.0 0.0 0.0 1.0 0.0 0.0 0.0 0.0 1.0 0.0 0.0 0.0 0.0 0.0 0.0 0.0 0.0 0.0 1.0 0.0 0.0 0.0 0.5995 0.5 0.935 0.723 0.755 0.5 -0.0 0.86 -0.2512 0.8333333333333334 0.956 -0.99 -0.96 -0.4288 0.4166666666666667 0.344 -0.94 -0.88 0.23083333333333333 0.5 0.893 -0.73 0.893 -0.11840000000000002 0.8333333333333334 0.914 -0.99 -0.73
0.0 0.0 0.0 0.0 0.0 0.0 0.0 0.0 0.0 0.0 0.0 0.0 0.0 1.0 0.0 0.0 0.0 0.0 0.0 0.0 0.0 0.0 0.0 1.0 0.0 0.5064210526315789 0.8260869565217391 0.935 0.046 0.8025 0.17391304347826086 -0.0 0.75 0.2662352941176471 0.7391304347826086 0.985 -0.89 -0.89 -0.02399999999999996 0.782608695652174 0.858 -0.94 0.127 0.11499999999999999 0.391304347826087 0.83 -0.77 0.672 0.19477777777777777 0.782608695652174 0.935 -0.99 -0.69
0.0 0.0 0.0 0.0 0.0 0.0 0.0 0.0 0.0 0.0 0.0 0.0 0.0 1.0 0.0 0.0 0.0 0.0 0.0 0.0 0.0 0.0 0.0 0.0 0.0 0.0715 0.5 0.09 0.053 0.495 0.5 -0.0 0.14 -0.3135 1.0 0.026 -0.8 -0.44 0.19666666666666668 0.75 0.311 0.0 0.311 -0.29033333333333333 0.75 0.049 -0.8 0.049 -0.243 1.0 0.292 -0.96 -0.39
0.0 1.0 0.0 0.0 1.0 0.0 0.0 0.0 0.0 0.0 1.0 0.0 0.0 0.0 0.0 0.0 0.0 0.0 0.0 0.0 1.0 0.0 0.0 0.0 0.0 0.886 0.5 0.886 0.886 0.91 0.5 -0.0 0.91 -0.91 0.5 0.0 -0.91 -0.91 0.99 0.5 0.99 0.0 0.99 0.0 0.0 0.0 0.0 0.0 0.782 0.5 0.782 0.0 0.782
0.0 0.0 0.0 0.0 0.0 2.0 1.0 0.0 0.0 0.0 0.0 2.0 0.0 0.0 0.0 0.0 0.0 0.0 0.0 0.0 0.0 1.0 0.0 0.0 0.0 0.4459047619047619 0.9130434782608695 0.939 0.748 0.825 0.08695652173913043 -0.0 0.72 0.3510526315789474 0.8260869565217391 0.944 -0.9 0.777 0.11730000000000003 0.8695652173913043 0.979 -0.94 -0.85 -0.1717142857142857 0.30434782608695654 0.278 -0.91 -0.11 0.22144444444444447 0.782608695652174 0.986 -0.99 0.615
0.0 0.0 0.0 0.0 0.0 0.0 0.0 0.0 0.0 0.0 0.0 0.0 0.0 0.0 0.0 0.0 0.0 0.0 0.0 0.0 0.0 0.0 0.0 0.0 0.0 0.723 0.16666666666666666 0.723 0.723 0.7 0.8333333333333334 -0.0 0.79 -0.12099999999999998 0.5 0.657 -0.73 -0.29 -0.455 0.3333333333333333 0.0 -0.88 -0.03 0.33680000000000004 0.8333333333333334 0.937 -0.84 0.798 0.20550000000000002 0.3333333333333333 0.631 -0.22 -0.22
0.0 0.0 0.0 0.0 0.0 0.0 1.0 0.0 0.0 0.0 0.0 0.0 0.0 0.0 0.0 0.0 0.0 0.0 0.0 0.0 0.0 1.0 0.0 0.0 0.0 0.745 1.0 0.746 0.746 0.0 0.0 -0.0 -0.0 0.752 1.0 0.781 0.0 0.723 0.0 0.0 0.0 0.0 0.0 0.0 0.0 0.0 0.0 0.0 0.7375 1.0 0.769 0.0 0.769
0.0 0.0 0.0 0.0 0.0 0.0 0.0 0.0 0.0 0.0 0.0 0.0 0.0 0.0 0.0 0.0 0.0 0.0 0.0 0.0 0.0 0.0 0.0 1.0 0.0 0.6562631578947369 0.9047619047619048 0.939 0.034 0.35500000000000004 0.09523809523809523 -0.0 0.05 0.553125 0.7619047619047619 0.956 -0.78 0.094 -0.0332142857142857 0.6666666666666666 0.979 -0.99 -0.03 0.1258 0.23809523809523808 0.585 -0.11 0.028 0.6024117647058824 0.8095238095238095 0.935 -0.63 0.888
0.0 0.0 0.0 0.0 0.0 0.0 1.0 0.0 1.0 0.0 0.0 0.0 0.0 2.0 0.0 0.0 0.0 0.0 0.0 0.0 0.0 1.0 0.0 0.0 0.0 0.6035135135135136 0.925 0.943 0.875 0.7666666666666666 0.075 -0.0 0.78 0.41718181818181826 0.825 0.967 -0.78 0.694 0.07669230769230767 0.65 0.99 -1.0 -0.56 -0.0012000000000000066 0.25 0.82 -0.27 -0.2 0.5681470588235294 0.85 0.958 -0.73 0.875
0.0 0.0 0.0 0.0 1.0 0.0 1.0 0.0 0.0 0.0 0.0 0.0 0.0 0.0 0.0 0.0 0.0 0.0 0.0 0.0 0.0 0.0 0.0 0.0 1.0 0.2725 1.0 0.744 0.093 0.0 0.0 -0.0 -0.0 0.2765 1.0 0.781 -0.07 0.1 0.13966666666666666 0.75 0.239 0.0 0.085 0.049 0.25 0.049 0.0 0.049 0.31399999999999995 1.0 0.706 0.0 0.093
0.0 0.0 0.0 0.0 0.0 0.0 1.0 0.0 0.0 0.0 0.0 0.0 0.0 1.0 0.0 0.0 0.0 0.0 0.0 0.0 0.0 1.0 0.0 0.0 0.0 0.7404736842105264 0.8260869565217391 0.939 0.817 0.7675 0.17391304347826086 -0.0 0.84 0.31088235294117644 0.7391304347826086 0.967 -0.95 0.819 0.40233333333333327 0.5217391304347826 0.979 -0.94 0.701 0.2891666666666666 0.2608695652173913 0.816 -0.09 -0.04 0.42899999999999994 0.8695652173913043 0.947 -0.96 0.816
0.0 0.0 0.0 0.0 0.0 0.0 1.0 0.0 0.0 1.0 0.0 0.0 0.0 0.0 0.0 0.0 0.0 0.0 0.0 1.0 0.0 0.0 0.0 0.0 0.0 0.637 0.6 0.889 0.243 0.7949999999999999 0.4 -0.0 0.76 0.2976666666666667 0.6 0.889 -0.78 -0.78 0.5225 0.4 0.764 0.0 0.281 0.716 0.2 0.716 0.0 0.716 -0.16849999999999998 0.8 0.79 -0.94 -0.73
0.0 0.0 0.0 0.0 0.0 0.0 1.0 0.0 0.0 0.0 0.0 0.0 0.0 0.0 0.0 0.0 0.0 0.0 0.0 0.0 0.0 1.0 0.0 0.0 0.0 0.45408000000000015 0.9259259259259259 0.935 0.858 0.5 0.07407407407407407 -0.0 0.93 0.4680434782608696 0.8518518518518519 0.956 -0.07 0.791 -0.05843749999999997 0.5925925925925926 0.934 -0.95 0.934 -0.15322222222222223 0.3333333333333333 0.039 -0.91 -0.05 0.3970416666666667 0.8888888888888888 0.935 -0.95 0.85
0.0 0.0 0.0 0.0 0.0 0.0 0.0 0.0 0.0 0.0 0.0 1.0 0.0 0.0 0.0 0.0 0.0 0.0 0.0 0.0 0.0 0.0 0.0 1.0 0.0 0.6245714285714286 1.0 0.859 0.839 0.0 0.0 -0.0 -0.0 0.7268333333333333 0.8571428571428571 0.973 0.0 0.973 0.577 0.7142857142857143 0.902 0.0 0.202 -0.06 0.14285714285714285 0.0 -0.06 -0.06 0.5821666666666666 0.8571428571428571 0.892 0.0 0.705
0.0 0.0 0.0 0.0 0.0 0.0 1.0 0.0 3.0 0.0 0.0 0.0 0.0 1.0 0.0 0.0 0.0 0.0 0.0 0.0 0.0 0.0 0.0 1.0 0.0 0.3841891891891892 0.8809523809523809 0.876 0.034 0.5660000000000001 0.11904761904761904 -0.0 0.65 0.18961764705882347 0.8095238095238095 0.92 -0.86 0.094 0.0676857142857143 0.8333333333333334 0.969 -0.94 -0.03 0.04734782608695652 0.5476190476190477 0.82 -0.21 0.028 0.3499714285714285 0.8333333333333334 0.935 -0.73 0.783
0.0 0.0 0.0 0.0 0.0 0.0 0.0 0.0 1.0 0.0 0.0 0.0 0.0 1.0 0.0 0.0 0.0 0.0 0.0 0.0 0.0 0.0 0.0 1.0 0.0 0.761 0.5 0.778 0.744 0.825 0.5 -0.0 0.89 0.014000000000000012 1.0 0.781 -0.82 0.781 0.0 0.0 0.0 0.0 0.0 0.923 0.5 0.99 0.0 0.99 -0.03325 1.0 0.851 -0.87 0.706
0.0 0.0 0.0 0.0 0.0 0.0 1.0 0.0 0.0 0.0 0.0 0.0 0.0 0.0 0.0 0.0 0.0 0.0 0.0 0.0 0.0 1.0 0.0 0.0 0.0 0.6261428571428571 1.0 0.935 0.823 0.0 0.0 -0.0 -0.0 0.6642857142857143 1.0 0.967 0.0 0.967 0.495 0.5714285714285714 0.795 0.0 0.795 -0.020499999999999997 0.2857142857142857 0.049 -0.09 0.049 0.6450000000000001 1.0 0.914 0.0 0.706
0.0 0.0 1.0 0.0 0.0 0.0 3.0 0.0 0.0 0.0 0.0 0.0 0.0 0.0 0.0 0.0 0.0 0.0 0.0 0.0 0.0 0.0 0.0 0.0 0.0 0.5082727272727273 0.6875 0.935 0.07 0.35400000000000004 0.3125 -0.0 0.04 0.253 0.875 0.956 -0.77 0.023 0.28555555555555556 0.5625 0.892 -0.79 0.173 0.15212499999999995 0.5 0.82 -0.12 -0.09 0.3060833333333334 0.75 0.935 -0.85 0.182
0.0 0.0 0.0 0.0 0.0 0.0 1.0 0.0 0.0 1.0 0.0 0.0 0.0 0.0 0.0 0.0 0.0 0.0 0.0 0.0 0.0 1.0 0.0 0.0 0.0 0.8225 1.0 0.911 0.911 0.0 0.0 -0.0 -0.0 0.823 0.5 0.865 0.0 0.865 0.791 0.25 0.791 0.0 0.791 0.0 0.0 0.0 0.0 0.0 0.8479999999999999 1.0 0.977 0.0 0.958
0.0 0.0 0.0 0.0 0.0 0.0 1.0 0.0 0.0 0.0 0.0 0.0 0.0 0.0 0.0 0.0 0.0 0.0 0.0 0.0 0.0 0.0 0.0 0.0 0.0 0.839 1.0 0.857 0.821 0.0 0.0 -0.0 -0.0 0.905 0.5 0.905 0.0 0.905 0.7965 1.0 0.82 0.0 0.82 0.0 0.0 0.0 0.0 0.0 0.857 1.0 0.892 0.0 0.822
0.0 0.0 2.0 0.0 0.0 0.0 6.0 0.0 0.0 0.0 0.0 0.0 0.0 0.0 0.0 0.0 0.0 0.0 0.0 0.0 0.0 1.0 0.0 0.0 0.0 0.4250000000000001 0.8125 0.911 0.091 0.7799999999999999 0.1875 -0.0 0.78 0.15845454545454543 0.6875 0.936 -0.8 0.17 -0.07288888888888888 0.5625 0.99 -0.94 0.192 -0.035571428571428594 0.4375 0.82 -0.74 0.081 0.36507142857142855 0.875 0.958 -0.78 0.184
0.0 0.0 0.0 0.0 0.0 1.0 1.0 0.0 3.0 0.0 0.0 0.0 0.0 0.0 0.0 0.0 0.0 0.0 0.0 0.0 0.0 1.0 0.0 0.0 0.0 0.4790434782608695 0.9019607843137255 0.943 0.057 0.75 0.09803921568627451 -0.0 0.67 0.26578947368421063 0.7450980392156863 0.985 -0.91 -0.07 0.156 0.7450980392156863 0.979 -0.94 0.227 -0.04140000000000001 0.39215686274509803 0.816 -0.92 -0.13 0.40060465116279076 0.8431372549019608 0.947 -0.85 0.203
0.0 0.0 0.0 0.0 0.0 0.0 1.0 0.0 0.0 0.0 0.0 1.0 0.0 0.0 0.0 0.0 0.0 0.0 0.0 0.0 0.0 1.0 0.0 0.0 0.0 0.5181842105263158 0.926829268292683 0.943 0.817 0.5866666666666666 0.07317073170731707 -0.0 0.82 0.48411999999999994 0.6097560975609756 0.995 -0.97 0.819 -0.09513793103448276 0.7073170731707317 0.943 -0.98 -0.12 0.15339999999999998 0.24390243902439024 0.988 -0.2 -0.07 0.48622857142857134 0.8536585365853658 0.935 -0.94 0.816
0.0 0.0 0.0 0.0 0.0 0.0 2.0 0.0 1.0 0.0 0.0 2.0 0.0 1.0 0.0 0.0 0.0 0.0 0.0 0.0 0.0 1.0 0.0 0.0 0.0 0.44947826086956516 0.8846153846153846 0.97 0.097 0.8066666666666666 0.11538461538461539 -0.0 0.81 0.22317073170731713 0.7884615384615384 0.956 -0.84 0.102 0.17073684210526321 0.7307692307692307 0.991 -0.88 0.142 -0.22005555555555556 0.34615384615384615 0.049 -0.8 -0.08 0.4206086956521738 0.8846153846153846 0.945 -0.83 0.224
0.0 0.0 0.0 0.0 0.0 0.0 0.0 0.0 0.0 0.0 0.0 0.0 0.0 0.0 0.0 0.0 0.0 0.0 0.0 0.0 0.0 0.0 0.0 1.0 0.0 0.4101428571428572 0.9130434782608695 0.965 0.089 0.505 0.08695652173913043 -0.0 0.94 0.3636315789473684 0.8260869565217391 0.995 -0.91 -0.06 0.10764705882352942 0.7391304347826086 0.977 -0.79 0.25 -0.047799999999999995 0.21739130434782608 0.029 -0.18 -0.18 0.36350000000000005 0.782608695652174 0.968 -0.96 0.352
0.0 0.0 0.0 0.0 0.0 0.0 1.0 0.0 0.0 0.0 0.0 0.0 0.0 0.0 0.0 0.0 0.0 0.0 0.0 0.0 0.0 0.0 0.0 1.0 0.0 0.582 0.5 0.911 0.091 0.5266666666666667 0.5 -0.0 0.14 0.007666666666666673 1.0 0.865 -0.78 -0.24 -0.07 0.16666666666666666 0.0 -0.07 -0.07 0.49533333333333324 0.5 0.82 0.0 0.081 0.19559999999999994 0.8333333333333334 0.958 -0.63 -0.24
0.0 0.0 0.0 0.0 0.0 0.0 1.0 0.0 0.0 0.0 0.0 0.0 0.0 0.0 0.0 0.0 0.0 0.0 0.0 0.0 0.0 1.0 0.0 0.0 0.0 0.8045 1.0 0.939 0.939 0.0 0.0 -0.0 -0.0 0.759 1.0 0.899 0.0 0.899 0.09449999999999997 0.5 0.979 -0.79 0.979 0.0 0.0 0.0 0.0 0.0 0.8033333333333333 0.75 0.935 0.0 0.935
0.0 0.0 0.0 0.0 0.0 0.0 1.0 0.0 1.0 0.0 0.0 0.0 0.0 0.0 0.0 0.0 0.0 0.0 0.0 0.0 0.0 1.0 0.0 0.0 0.0 0.4096818181818181 0.8461538461538461 0.935 0.854 0.605 0.15384615384615385 -0.0 0.66 0.22744444444444442 0.6923076923076923 0.956 -0.78 0.746 0.2840666666666667 0.5769230769230769 0.794 0.0 0.095 -0.06208333333333336 0.46153846153846156 0.585 -0.44 -0.04 0.3169565217391304 0.8846153846153846 0.962 -0.73 0.962
0.0 0.0 0.0 0.0 0.0 0.0 1.0 0.0 0.0 0.0 0.0 0.0 0.0 0.0 0.0 0.0 0.0 0.0 0.0 0.0 0.0 1.0 0.0 0.0 0.0 0.29125 0.8 0.857 0.857 0.66 0.2 -0.0 0.66 0.036000000000000004 0.8 0.905 -0.78 0.905 0.3960000000000001 0.6 0.773 0.0 0.773 0.12833333333333333 0.6 0.585 -0.11 0.585 0.1712 1.0 0.892 -0.63 0.892
0.0 0.0 0.0 0.0 0.0 1.0 0.0 0.0 0.0 0.0 0.0 0.0 0.0 1.0 0.0 0.0 0.0 0.0 0.0 0.0 0.0 0.0 0.0 0.0 0.0 0.413909090909091 0.7857142857142857 0.935 0.097 0.5366666666666666 0.21428571428571427 -0.0 0.87 0.18038461538461537 0.9285714285714286 0.956 -0.91 0.102 0.20942857142857144 0.5 0.772 -0.01 0.142 -0.09766666666666667 0.42857142857142855 0.614 -0.72 -0.08 0.2744615384615385 0.9285714285714286 0.959 -0.99 0.224
0.0 0.0 0.0 0.0 0.0 0.0 0.0 0.0 0.0 1.0 0.0 0.0 0.0 0.0 0.0 0.0 0.0 0.0 0.0 1.0 0.0 0.0 0.0 0.0 0.0 0.779 1.0 0.779 0.779 0.0 0.0 -0.0 -0.0 0.784 1.0 0.784 0.0 0.784 0.764 1.0 0.764 0.0 0.764 0.0 0.0 0.0 0.0 0.0 0.79 1.0 0.79 0.0 0.79
0.0 0.0 0.0 0.0 0.0 0.0 0.0 0.0 0.0 0.0 0.0 0.0 0.0 0.0 0.0 0.0 0.0 0.0 0.0 0.0 0.0 0.0 0.0 1.0 0.0 0.42766666666666664 0.75 0.945 0.945 0.76 0.25 -0.0 0.76 0.22399999999999998 0.75 0.987 -0.61 0.987 0.4633333333333334 0.75 0.902 0.0 0.902 0.3056666666666667 0.75 0.856 0.0 0.856 -0.10666666666666665 0.75 0.346 -0.82 -0.82
0.0 0.0 0.0 0.0 0.0 1.0 2.0 0.0 2.0 0.0 0.0 3.0 0.0 0.0 0.0 0.0 0.0 0.0 0.0 0.0 0.0 0.0 0.0 0.0 0.0 0.5770181818181818 0.9482758620689655 0.97 0.859 0.7799999999999999 0.05172413793103448 -0.0 0.76 0.48447058823529415 0.8793103448275862 0.995 -0.97 0.995 -0.0906052631578947 0.6551724137931034 0.991 -0.88 0.724 0.02427777777777779 0.3103448275862069 0.856 -0.13 -0.06 0.5456730769230768 0.896551724137931 0.996 -0.73 0.149
0.0 0.0 0.0 0.0 0.0 0.0 1.0 0.0 0.0 0.0 0.0 0.0 0.0 0.0 0.0 0.0 0.0 0.0 0.0 0.0 0.0 0.0 0.0 0.0 0.0 0.123 0.5 0.123 0.123 0.78 0.5 -0.0 0.78 -0.3015 1.0 0.147 -0.75 0.147 0.126 0.5 0.126 0.0 0.126 0.365 1.0 0.82 -0.09 -0.09 0.314 0.5 0.314 0.0 0.314
0.0 0.0 0.0 0.0 0.0 0.0 1.0 0.0 0.0 0.0 0.0 0.0 0.0 0.0 0.0 0.0 0.0 0.0 0.0 0.0 0.0 1.0 0.0 0.0 0.0 0.744 1.0 0.744 0.744 0.0 0.0 -0.0 -0.0 0.781 1.0 0.781 0.0 0.781 0.0 0.0 0.0 0.0 0.0 0.0 0.0 0.0 0.0 0.0 0.706 1.0 0.706 0.0 0.706
0.0 0.0 0.0 0.0 0.0 0.0 1.0 0.0 0.0 0.0 0.0 0.0 0.0 0.0 0.0 0.0 0.0 0.0 0.0 0.0 0.0 1.0 0.0 0.0 0.0 0.745 1.0 0.746 0.746 0.0 0.0 -0.0 -0.0 0.752 1.0 0.781 0.0 0.723 0.0 0.0 0.0 0.0 0.0 0.0 0.0 0.0 0.0 0.0 0.7375 1.0 0.769 0.0 0.769
0.0 0.0 0.0 0.0 0.0 0.0 1.0 0.0 0.0 0.0 0.0 4.0 0.0 0.0 0.0 0.0 0.0 0.0 0.0 0.0 0.0 0.0 0.0 1.0 0.0 0.4574827586206898 0.7631578947368421 0.947 0.068 0.4833333333333333 0.23684210526315788 -0.0 0.82 0.23850000000000002 0.9473684210526315 0.956 -0.95 -0.69 0.2563478260869565 0.6052631578947368 0.992 -0.67 0.09 0.1294 0.39473684210526316 0.963 -0.53 0.883 0.21545161290322584 0.8157894736842105 0.941 -0.97 -0.91
0.0 0.0 0.0 0.0 0.0 0.0 0.0 0.0 0.0 1.0 0.0 0.0 0.0 0.0 0.0 0.0 0.0 0.0 0.0 0.0 0.0 0.0 0.0 1.0 0.0 0.5068750000000001 0.8888888888888888 0.935 0.935 0.94 0.1111111111111111 -0.0 0.94 0.6172 0.5555555555555556 0.972 0.0 0.956 0.32920000000000005 0.5555555555555556 0.99 0.0 0.191 -0.27166666666666667 0.3333333333333333 0.056 -0.92 -0.92 0.35433333333333333 1.0 0.914 -0.96 -0.96
0.0 0.0 0.0 0.0 0.0 1.0 1.0 0.0 0.0 0.0 0.0 1.0 0.0 0.0 0.0 0.0 0.0 0.0 0.0 0.0 0.0 1.0 0.0 0.0 0.0 0.538032258064516 0.8378378378378378 0.939 0.125 0.31 0.16216216216216217 -0.0 0.79 0.47800000000000004 0.7297297297297297 0.967 -0.07 0.723 0.11992000000000001 0.6756756756756757 0.979 -0.79 0.211 -0.2366666666666667 0.24324324324324326 0.0 -0.72 -0.12 0.475962962962963 0.7297297297297297 0.948 -0.87 0.286
0.0 0.0 0.0 0.0 0.0 2.0 1.0 0.0 0.0 0.0 0.0 2.0 0.0 0.0 0.0 0.0 0.0 0.0 0.0 0.0 0.0 0.0 0.0 0.0 0.0 0.40740000000000004 0.78125 0.935 0.823 0.48 0.21875 -0.0 0.82 0.21419230769230765 0.8125 0.967 -0.85 0.967 0.24547826086956517 0.71875 0.975 -0.79 0.795 -0.03989473684210526 0.59375 0.856 -0.8 0.049 0.3723928571428571 0.875 0.935 -0.82 0.706
0.0 0.0 0.0 0.0 0.0 0.0 1.0 0.0 1.0 0.0 0.0 0.0 0.0 1.0 0.0 0.0 0.0 0.0 0.0 0.0 0.0 1.0 0.0 0.0 0.0 0.4478095238095239 0.875 0.935 0.817 0.48666666666666664 0.125 -0.0 0.66 0.2353333333333333 0.75 0.967 -0.78 0.819 0.062200000000000005 0.625 0.967 -0.94 0.967 -0.008 0.375 0.585 -0.15 -0.06 0.40278260869565213 0.9583333333333334 0.935 -0.73 0.816
0.0 0.0 0.0 0.0 0.0 0.0 3.0 0.0 0.0 0.0 0.0 0.0 0.0 0.0 0.0 0.0 0.0 0.0 0.0 0.0 0.0 1.0 0.0 0.0 0.0 0.7361666666666666 0.8571428571428571 0.911 0.87 0.78 0.14285714285714285 -0.0 0.78 0.5088571428571429 1.0 0.905 -0.75 0.88 0.8103333333333333 0.42857142857142855 0.86 0.0 0.86 0.45049999999999996 0.2857142857142857 0.82 0.0 0.081 0.7852 0.7142857142857143 0.996 0.0 0.184
0.0 0.0 0.0 0.0 0.0 0.0 0.0 0.0 3.0 0.0 0.0 3.0 0.0 1.0 0.0 0.0 0.0 0.0 0.0 0.0 0.0 0.0 0.0 1.0 0.0 0.5034583333333332 0.7058823529411765 0.935 0.049 0.635 0.29411764705882354 -0.0 0.79 0.12456666666666663 0.8823529411764706 1.0 -0.98 -0.93 0.003349999999999999 0.5882352941176471 0.993 -0.88 0.182 0.14700000000000002 0.47058823529411764 0.77 -0.8 0.77 0.15917241379310346 0.8529411764705882 0.996 -0.96 -0.66
0.0 0.0 0.0 0.0 0.0 1.0 1.0 0.0 0.0 0.0 0.0 1.0 0.0 1.0 0.0 0.0 0.0 0.0 0.0 0.0 0.0 1.0 0.0 0.0 0.0 0.4780526315789474 0.926829268292683 0.939 0.141 0.54 0.07317073170731707 -0.0 0.06 0.39625806451612894 0.7560975609756098 0.967 -0.95 0.094 0.056096774193548374 0.7560975609756098 0.979 -0.94 -0.03 0.019750000000000004 0.2926829268292683 0.882 -0.18 0.028 0.4236111111111112 0.8780487804878049 0.935 -0.73 0.141
0.0 0.0 0.0 0.0 0.0 0.0 1.0 0.0 0.0 0.0 0.0 0.0 0.0 0.0 0.0 0.0 0.0 0.0 0.0 0.0 0.0 1.0 0.0 0.0 0.0 0.6073333333333334 1.0 0.883 0.109 0.0 0.0 -0.0 -0.0 0.885 0.6666666666666666 1.0 0.0 1.0 0.238 0.3333333333333333 0.238 0.0 0.238 0.014 0.3333333333333333 0.014 0.0 0.014 0.5866666666666668 1.0 0.996 0.0 0.104
0.0 0.0 0.0 0.0 0.0 0.0 0.0 0.0 0.0 0.0 0.0 0.0 0.0 0.0 0.0 0.0 0.0 0.0 0.0 0.0 0.0 0.0 0.0 1.0 0.0 0.5236666666666666 1.0 0.782 0.139 0.0 0.0 -0.0 -0.0 0.734 0.6666666666666666 0.734 0.0 0.734 0.157 1.0 0.772 -0.6 0.299 -0.16 0.3333333333333333 0.0 -0.16 -0.16 0.5776666666666667 1.0 0.841 0.0 0.28
0.0 0.0 0.0 0.0 0.0 0.0 1.0 0.0 0.0 0.0 0.0 0.0 0.0 1.0 0.0 0.0 0.0 0.0 0.0 0.0 0.0 0.0 0.0 1.0 0.0 0.47454545454545455 0.9166666666666666 0.933 0.039 0.66 0.08333333333333333 -0.0 0.66 0.388 0.6666666666666666 0.972 -0.78 0.972 0.326125 0.6666666666666666 0.99 -0.65 0.99 0.04124999999999998 0.3333333333333333 0.585 -0.2 0.585 0.4173 0.8333333333333334 0.894 -0.63 0.069
0.0 0.0 0.0 0.0 0.0 0.0 1.0 0.0 1.0 0.0 0.0 0.0 0.0 0.0 0.0 0.0 0.0 0.0 0.0 0.0 0.0 1.0 0.0 0.0 0.0 0.838 1.0 0.906 0.864 0.0 0.0 -0.0 -0.0 0.8605 0.6666666666666666 0.94 0.0 0.94 -0.87 0.3333333333333333 0.0 -0.87 -0.87 0.0 0.0 0.0 0.0 0.0 0.7849999999999999 0.6666666666666666 0.864 0.0 0.864
0.0 0.0 0.0 0.0 0.0 0.0 1.0 0.0 0.0 1.0 0.0 3.0 0.0 0.0 0.0 0.0 0.0 0.0 0.0 0.0 0.0 1.0 0.0 0.0 0.0 0.4079285714285713 0.8076923076923077 0.911 0.911 0.7689999999999999 0.19230769230769232 -0.0 0.76 0.14199999999999993 0.7307692307692307 0.953 -0.99 -0.61 -0.23113888888888884 0.6923076923076923 0.837 -0.98 0.338 0.18769999999999998 0.38461538461538464 0.99 -0.74 0.856 0.1824000000000001 0.8653846153846154 0.958 -0.97 -0.82
0.0 0.0 0.0 0.0 0.0 0.0 1.0 0.0 1.0 0.0 0.0 0.0 0.0 0.0 0.0 0.0 0.0 0.0 0.0 0.0 0.0 1.0 0.0 0.0 0.0 0.5779333333333334 1.0 0.935 0.744 0.0 0.0 -0.0 -0.0 0.5502857142857143 0.9333333333333333 0.979 -0.05 0.781 0.09700000000000003 0.8 0.929 -0.94 0.277 -0.09333333333333334 0.2 0.0 -0.12 -0.08 0.502090909090909 0.7333333333333333 0.914 0.0 0.706
0.0 0.0 0.0 0.0 0.0 0.0 2.0 0.0 0.0 0.0 0.0 0.0 0.0 0.0 0.0 0.0 0.0 0.0 0.0 0.0 0.0 1.0 0.0 0.0 0.0 0.4245 0.6666666666666666 0.746 0.103 0.78 0.3333333333333333 -0.0 0.78 0.02366666666666666 1.0 0.723 -0.75 0.098 0.249 0.3333333333333333 0.249 0.0 0.249 0.32999999999999996 0.6666666666666666 0.82 -0.16 -0.16 0.501 0.6666666666666666 0.769 0.0 0.233
0.0 0.0 0.0 0.0 0.0 1.0 1.0 0.0 1.0 0.0 0.0 1.0 0.0 0.0 0.0 0.0 0.0 0.0 0.0 0.0 0.0 1.0 0.0 0.0 0.0 0.6177142857142859 0.9545454545454546 0.939 0.034 0.76 0.045454545454545456 -0.0 0.76 0.6278947368421054 0.8636363636363636 0.972 -0.04 0.094 0.027066666666666662 0.6818181818181818 0.979 -0.88 -0.03 -0.23299999999999998 0.18181818181818182 0.028 -0.74 0.028 0.574421052631579 0.8636363636363636 0.935 -0.78 0.816
0.0 0.0 0.0 0.0 0.0 0.0 1.0 0.0 0.0 1.0 0.0 0.0 0.0 0.0 0.0 0.0 0.0 0.0 0.0 1.0 0.0 0.0 0.0 0.0 0.0 0.43724999999999997 0.8 0.893 0.067 0.66 0.2 -0.0 0.66 0.1826 1.0 0.899 -0.78 0.033 0.1565 0.4 0.158 0.0 0.158 0.15166666666666664 0.6 0.585 -0.07 -0.06 0.2464 1.0 0.888 -0.63 0.145
0.0 0.0 0.0 0.0 0.0 0.0 1.0 0.0 0.0 0.0 0.0 0.0 0.0 0.0 0.0 0.0 0.0 0.0 0.0 0.0 0.0 0.0 0.0 0.0 0.0 0.6249999999999999 1.0 0.935 0.646 0.0 0.0 -0.0 -0.0 0.6264000000000001 0.8333333333333334 0.956 -0.1 0.558 -0.21000000000000002 0.6666666666666666 0.715 -0.79 -0.6 0.015333333333333332 0.25 0.097 -0.1 0.097 0.6862727272727273 0.9166666666666666 0.935 0.0 0.779
0.0 0.0 1.0 0.0 0.0 0.0 4.0 0.0 0.0 0.0 0.0 0.0 0.0 0.0 0.0 0.0 0.0 0.0 0.0 0.0 0.0 0.0 0.0 0.0 0.0 0.5253333333333333 0.6923076923076923 0.789 0.663 0.4 0.3076923076923077 -0.0 0.07 0.2253846153846154 1.0 0.861 -0.75 -0.07 0.01200000000000001 0.6153846153846154 0.764 -0.79 -0.52 0.23716666666666664 0.46153846153846156 0.82 -0.11 0.009 0.35219999999999996 0.7692307692307693 0.935 -0.74 -0.12
0.0 0.0 0.0 0.0 1.0 0.0 0.0 0.0 0.0 0.0 0.0 0.0 0.0 0.0 0.0 0.0 0.0 0.0 0.0 0.0 0.0 0.0 0.0 1.0 0.0 0.6166842105263157 0.7916666666666666 0.943 0.789 0.808 0.20833333333333334 -0.0 0.76 0.14835294117647058 0.7083333333333334 0.956 -0.97 -0.61 0.33025 0.6666666666666666 0.979 -0.79 -0.79 0.2794285714285714 0.2916666666666667 0.856 -0.23 0.856 0.2974545454545456 0.9166666666666666 0.947 -0.96 -0.82
0.0 0.0 0.0 0.0 0.0 0.0 1.0 0.0 0.0 0.0 0.0 0.0 0.0 0.0 0.0 0.0 0.0 0.0 0.0 0.0 0.0 0.0 0.0 0.0 0.0 0.633 1.0 0.839 0.839 0.0 0.0 -0.0 -0.0 0.7603333333333334 1.0 0.797 0.0 0.797 0.534 0.3333333333333333 0.534 0.0 0.534 -0.21 0.3333333333333333 0.0 -0.21 -0.21 0.6096666666666667 1.0 0.88 0.0 0.88
0.0 0.0 1.0 0.0 2.0 0.0 11.0 0.0 0.0 1.0 0.0 2.0 0.0 1.0 0.0 0.0 0.0 0.0 0.0 0.0 0.0 1.0 0.0 0.0 0.0 0.5864444444444445 0.8181818181818182 0.935 0.911 0.815 0.18181818181818182 -0.0 0.78 0.17325 0.7272727272727273 0.956 -0.95 0.865 0.006200000000000006 0.45454545454545453 0.991 -0.79 0.991 -0.10280000000000003 0.45454545454545453 0.475 -0.8 0.475 0.34081818181818185 1.0 0.958 -0.96 0.958
0.0 0.0 0.0 0.0 0.0 0.0 1.0 0.0 1.0 0.0 0.0 1.0 0.0 1.0 0.0 0.0 0.0 0.0 0.0 0.0 0.0 1.0 0.0 0.0 0.0 0.5720606060606062 0.9705882352941176 0.939 0.817 0.75 0.029411764705882353 -0.0 0.75 0.56256 0.7352941176470589 0.967 -0.89 0.819 0.37784000000000006 0.7352941176470589 0.979 -0.79 0.967 -0.038666666666666655 0.2647058823529412 0.672 -0.21 -0.21 0.4930384615384615 0.7647058823529411 0.935 -0.69 0.816
0.0 0.0 0.0 0.0 0.0 0.0 1.0 0.0 1.0 0.0 0.0 0.0 0.0 0.0 0.0 0.0 0.0 0.0 0.0 0.0 0.0 0.0 0.0 1.0 0.0 0.4151000000000001 0.9090909090909091 0.906 0.04 0.02 0.09090909090909091 -0.0 0.02 0.3326 0.9090909090909091 0.94 -0.05 -0.04 -0.03324999999999999 0.7272727272727273 0.657 -0.87 0.104 -0.06200000000000001 0.45454545454545453 0.081 -0.28 -0.28 0.424 0.8181818181818182 0.934 0.0 0.064
0.0 0.0 1.0 0.0 0.0 0.0 3.0 0.0 0.0 0.0 0.0 0.0 0.0 0.0 0.0 0.0 0.0 0.0 0.0 0.0 0.0 1.0 0.0 0.0 0.0 0.4202857142857143 0.875 0.926 0.748 0.81 0.125 -0.0 0.81 0.22599999999999998 1.0 1.0 -0.84 0.777 -0.1728333333333333 0.75 0.274 -0.94 -0.85 0.2895 0.25 0.689 -0.11 -0.11 0.17471428571428574 0.875 0.66 -0.9 0.615
0.0 0.0 0.0 0.0 1.0 0.0 2.0 0.0 0.0 0.0 0.0 0.0 0.0 0.0 0.0 0.0 0.0 0.0 0.0 0.0 0.0 1.0 0.0 0.0 0.0 0.6105 1.0 0.857 0.746 0.0 0.0 -0.0 -0.0 0.7776666666666666 0.75 0.905 0.0 0.723 0.41700000000000004 0.5 0.773 0.0 0.773 0.0 0.0 0.0 0.0 0.0 0.64325 1.0 0.892 0.0 0.769
0.0 0.0 0.0 0.0 0.0 0.0 0.0 0.0 0.0 0.0 0.0 0.0 0.0 0.0 0.0 0.0 0.0 0.0 0.0 0.0 0.0 0.0 0.0 0.0 0.0 0.815 1.0 0.886 0.886 0.0 0.0 -0.0 -0.0 0.781 0.5 0.781 0.0 0.781 0.99 0.5 0.99 0.0 0.99 0.0 0.0 0.0 0.0 0.0 0.744 1.0 0.782 0.0 0.782
0.0 0.0 0.0 0.0 0.0 0.0 0.0 0.0 0.0 0.0 0.0 6.0 0.0 1.0 0.0 0.0 0.0 0.0 0.0 0.0 0.0 0.0 0.0 1.0 0.0 0.5539999999999998 0.8611111111111112 0.935 0.064 0.6199999999999999 0.1388888888888889 -0.0 0.07 0.37837931034482764 0.8055555555555556 0.986 -0.8 0.093 -0.31142857142857144 0.7777777777777778 0.76 -0.94 -0.04 0.11054545454545452 0.3055555555555556 0.82 -0.8 0.031 0.43967741935483884 0.8611111111111112 0.935 -0.96 0.153
0.0 0.0 0.0 0.0 0.0 0.0 1.0 0.0 0.0 0.0 0.0 0.0 0.0 0.0 0.0 0.0 0.0 0.0 0.0 0.0 0.0 0.0 0.0 1.0 0.0 0.5063333333333334 0.75 0.911 0.074 0.82 0.25 -0.0 0.84 0.05709090909090909 0.9166666666666666 0.865 -0.99 0.057 0.2886666666666667 0.5 0.99 -0.57 0.141 0.10339999999999998 0.4166666666666667 0.517 -0.07 -0.06 0.24324999999999997 1.0 0.98 -0.92 0.162
0.0 0.0 0.0 0.0 0.0 0.0 1.0 0.0 0.0 0.0 0.0 0.0 0.0 0.0 0.0 0.0 0.0 0.0 0.0 0.0 0.0 0.0 0.0 0.0 0.0 0.412 0.6666666666666666 0.744 0.08 0.66 0.3333333333333333 -0.0 0.66 -0.009666666666666665 1.0 0.781 -0.78 -0.03 0.201 0.3333333333333333 0.201 0.0 0.201 0.27249999999999996 0.6666666666666666 0.585 -0.04 -0.04 0.09233333333333332 1.0 0.706 -0.63 0.201
0.0 0.0 0.0 0.0 0.0 0.0 1.0 0.0 0.0 2.0 0.0 0.0 0.0 0.0 0.0 0.0 0.0 0.0 0.0 1.0 0.0 0.0 0.0 0.0 0.0 0.45085714285714285 0.875 0.939 0.258 0.6333333333333333 0.125 -0.0 0.76 0.3257894736842106 0.7916666666666666 0.967 -0.78 0.277 0.14061111111111113 0.75 0.979 -0.79 0.161 0.18260000000000004 0.20833333333333334 0.552 -0.12 0.552 0.3314782608695651 0.9583333333333334 0.935 -0.73 0.337
0.0 0.0 0.0 0.0 0.0 0.0 2.0 0.0 0.0 0.0 0.0 0.0 0.0 0.0 0.0 0.0 0.0 0.0 0.0 0.0 0.0 1.0 0.0 0.0 0.0 0.5336000000000001 1.0 0.886 0.208 0.0 0.0 -0.0 -0.0 0.46025 0.8 0.785 -0.02 0.295 0.4613333333333333 0.6 0.99 0.0 0.239 -0.010500000000000002 0.4 0.049 -0.07 0.049 0.48924999999999996 0.8 0.782 0.0 0.346
0.0 0.0 0.0 0.0 0.0 0.0 1.0 0.0 0.0 0.0 0.0 0.0 0.0 0.0 0.0 0.0 0.0 0.0 0.0 0.0 0.0 0.0 0.0 0.0 0.0 0.4695 0.8888888888888888 0.935 0.723 0.66 0.1111111111111111 -0.0 0.66 0.28625 0.8888888888888888 0.956 -0.78 0.77 0.4321428571428572 0.7777777777777778 0.933 0.0 0.745 0.1152 0.5555555555555556 0.585 -0.1 0.049 0.36628571428571427 0.7777777777777778 0.914 -0.63 0.701
0.0 0.0 0.0 0.0 0.0 0.0 1.0 0.0 0.0 0.0 0.0 0.0 0.0 0.0 0.0 0.0 0.0 0.0 0.0 0.0 0.0 1.0 0.0 0.0 0.0 0.666 0.8 0.935 0.886 0.77 0.2 -0.0 0.78 0.3602222222222223 0.9 0.956 -0.75 0.922 0.6211666666666668 0.6 0.99 0.0 0.99 0.40625 0.4 0.856 -0.1 0.82 0.36200000000000004 0.6 0.914 -0.82 0.782
0.0 0.0 0.0 0.0 0.0 0.0 1.0 0.0 0.0 0.0 0.0 0.0 0.0 0.0 0.0 0.0 0.0 0.0 0.0 0.0 0.0 1.0 0.0 0.0 0.0 0.634 1.0 0.911 0.911 0.0 0.0 -0.0 -0.0 0.4555 1.0 0.865 0.0 0.865 -0.66 0.5 0.0 -0.66 -0.66 0.0 0.0 0.0 0.0 0.0 0.6615 1.0 0.958 0.0 0.958
0.0 0.0 0.0 0.0 0.0 0.0 1.0 0.0 0.0 0.0 0.0 0.0 0.0 0.0 0.0 0.0 0.0 0.0 0.0 0.0 0.0 1.0 0.0 0.0 0.0 0.8314999999999999 1.0 0.833 0.83 0.0 0.0 -0.0 -0.0 0.96 1.0 1.0 0.0 1.0 -0.88 0.5 0.0 -0.88 -0.88 0.0 0.0 0.0 0.0 0.0 0.6775 1.0 0.695 0.0 0.66
0.0 0.0 0.0 0.0 0.0 0.0 2.0 0.0 0.0 0.0 0.0 8.0 0.0 1.0 0.0 0.0 0.0 0.0 0.0 0.0 0.0 1.0 0.0 0.0 0.0 0.618388888888889 0.8571428571428571 0.97 0.817 0.2783333333333334 0.14285714285714285 -0.0 0.1 0.5244411764705882 0.8095238095238095 0.967 -0.77 -0.15 0.35423999999999994 0.5952380952380952 0.991 -0.79 0.133 0.06192307692307693 0.30952380952380953 0.816 -0.28 0.029 0.42109375 0.7619047619047619 0.935 -0.85 -0.11
0.0 0.0 0.0 0.0 0.0 0.0 0.0 0.0 0.0 0.0 0.0 0.0 0.0 0.0 0.0 0.0 0.0 0.0 0.0 0.0 0.0 0.0 0.0 0.0 0.0 0.5922499999999999 0.8 0.83 0.83 0.03 0.2 -0.0 0.03 0.65125 0.8 0.995 0.0 0.995 0.02525 0.8 0.722 -0.65 -0.04 0.07100000000000001 0.4 0.113 0.0 0.113 0.4774 1.0 0.788 -0.04 -0.04
0.0 0.0 0.0 0.0 0.0 0.0 0.0 0.0 0.0 0.0 0.0 0.0 0.0 0.0 0.0 0.0 0.0 0.0 0.0 0.0 0.0 0.0 0.0 0.0 0.0 0.5995 1.0 0.935 0.105 0.0 0.0 -0.0 -0.0 0.7254 0.8333333333333334 1.0 0.0 0.091 -0.21 0.5 0.23 -0.95 0.09 -0.11 0.16666666666666666 0.0 -0.11 -0.11 0.524 0.8333333333333334 0.914 0.0 0.134
0.0 0.0 0.0 0.0 0.0 0.0 0.0 0.0 0.0 0.0 0.0 1.0 0.0 1.0 0.0 0.0 0.0 0.0 0.0 0.0 0.0 0.0 0.0 1.0 0.0 0.5282352941176469 0.8947368421052632 0.939 0.113 0.8200000000000001 0.10526315789473684 -0.0 0.83 0.33552941176470596 0.8947368421052632 0.982 -0.78 0.04 0.10292307692307691 0.6842105263157895 0.979 -0.79 0.22 0.14485714285714285 0.3684210526315789 0.816 -0.25 -0.17 0.3689411764705883 0.8947368421052632 0.96 -0.96 0.362
0.0 0.0 0.0 0.0 0.0 0.0 1.0 0.0 0.0 0.0 0.0 0.0 0.0 1.0 0.0 0.0 0.0 0.0 0.0 0.0 0.0 1.0 0.0 0.0 0.0 0.4083333333333333 0.8823529411764706 0.935 0.823 0.76 0.11764705882352941 -0.0 0.86 0.2724 0.8823529411764706 0.967 -0.78 0.967 0.3226923076923077 0.7647058823529411 0.892 -0.79 0.795 0.10488888888888885 0.5294117647058824 0.99 -0.17 -0.09 0.2874 0.8823529411764706 0.935 -0.73 0.706
0.0 0.0 0.0 0.0 0.0 0.0 1.0 0.0 0.0 0.0 0.0 0.0 0.0 0.0 0.0 0.0 0.0 0.0 0.0 0.0 0.0 0.0 0.0 1.0 0.0 0.6713333333333334 1.0 0.846 0.823 0.0 0.0 -0.0 -0.0 0.6692 0.8333333333333334 0.967 0.0 0.967 0.02250000000000002 0.3333333333333333 0.795 -0.75 0.795 0.081 0.16666666666666666 0.081 0.0 0.081 0.6916666666666668 1.0 0.934 0.0 0.706
0.0 0.0 0.0 0.0 0.0 0.0 1.0 0.0 0.0 0.0 0.0 0.0 0.0 1.0 0.0 0.0 0.0 0.0 0.0 0.0 0.0 1.0 0.0 0.0 0.0 0.3745624999999999 0.9411764705882353 0.943 0.357 0.905 0.058823529411764705 -0.0 0.89 0.2686071428571429 0.8235294117647058 0.97 -0.82 0.046 -0.0823103448275862 0.8529411764705882 0.943 -0.94 -0.66 0.15935714285714284 0.4117647058823529 0.99 -0.14 -0.04 0.3674642857142857 0.8235294117647058 0.935 -0.93 0.365
0.0 0.0 0.0 0.0 0.0 0.0 0.0 0.0 0.0 0.0 0.0 1.0 0.0 0.0 0.0 0.0 0.0 0.0 0.0 0.0 0.0 0.0 0.0 1.0 0.0 0.722857142857143 0.7777777777777778 0.927 0.815 0.77 0.2222222222222222 -0.0 0.78 0.306875 0.8888888888888888 0.905 -0.78 0.842 0.37379999999999997 0.5555555555555556 0.949 -0.91 0.787 0.365 0.2222222222222222 0.82 -0.09 0.82 0.36319999999999997 0.5555555555555556 0.864 -0.73 0.706
0.0 0.0 0.0 0.0 0.0 0.0 1.0 0.0 1.0 0.0 0.0 0.0 0.0 0.0 0.0 0.0 0.0 0.0 0.0 0.0 0.0 1.0 0.0 0.0 0.0 0.7645454545454545 0.7857142857142857 0.939 0.782 0.51 0.21428571428571427 -0.0 0.73 0.5309090909090908 0.7857142857142857 0.922 -0.78 -0.62 0.2547272727272727 0.7857142857142857 0.984 -0.94 0.772 0.3453333333333333 0.21428571428571427 0.988 -0.05 0.988 0.37620000000000003 0.7142857142857143 0.969 -0.73 -0.59
0.0 0.0 0.0 0.0 0.0 0.0 0.0 0.0 0.0 0.0 0.0 0.0 0.0 0.0 0.0 0.0 0.0 0.0 0.0 0.0 0.0 0.0 0.0 0.0 0.0 0.473 1.0 0.829 0.829 0.0 0.0 -0.0 -0.0 0.51475 1.0 0.928 0.0 0.928 -0.4303333333333333 0.75 0.239 -0.87 -0.87 0.049 0.25 0.049 0.0 0.049 0.47525 1.0 0.679 0.0 0.679
0.0 0.0 0.0 0.0 0.0 0.0 1.0 0.0 0.0 0.0 0.0 0.0 0.0 0.0 0.0 0.0 0.0 0.0 0.0 0.0 0.0 0.0 0.0 0.0 0.0 0.633 1.0 0.839 0.839 0.0 0.0 -0.0 -0.0 0.7603333333333334 1.0 0.797 0.0 0.797 0.534 0.3333333333333333 0.534 0.0 0.534 -0.21 0.3333333333333333 0.0 -0.21 -0.21 0.6096666666666667 1.0 0.88 0.0 0.88
0.0 0.0 0.0 0.0 0.0 0.0 1.0 0.0 0.0 0.0 0.0 0.0 0.0 0.0 0.0 0.0 0.0 0.0 0.0 0.0 0.0 1.0 0.0 0.0 0.0 0.8935 0.8 0.936 0.873 0.87 0.2 -0.0 0.87 0.5778000000000001 1.0 1.0 -0.91 0.95 0.8875 0.4 0.979 0.0 0.796 -0.72 0.2 0.0 -0.72 -0.72 0.19466666666666668 0.6 0.914 -0.99 -0.99
0.0 0.0 0.0 0.0 0.0 0.0 1.0 0.0 1.0 0.0 0.0 0.0 0.0 1.0 0.0 0.0 0.0 0.0 0.0 0.0 0.0 1.0 0.0 0.0 0.0 0.7217 0.8 0.935 0.811 0.7340000000000001 0.2 -0.0 0.61 0.3605999999999999 0.8 1.0 -0.8 0.722 0.2026666666666666 0.6 0.99 -0.79 -0.76 0.12857142857142856 0.28 0.816 -0.8 0.57 0.4450416666666666 0.96 0.96 -0.96 0.946
0.0 0.0 0.0 0.0 0.0 3.0 1.0 0.0 4.0 1.0 0.0 3.0 0.0 0.0 0.0 0.0 0.0 0.0 0.0 0.0 0.0 1.0 0.0 0.0 0.0 0.5885897435897435 0.8863636363636364 0.97 0.84 0.7619999999999999 0.11363636363636363 -0.0 0.65 0.4134473684210528 0.8636363636363636 0.971 -0.95 -0.86 0.09982352941176467 0.7727272727272727 0.991 -0.94 -0.81 -0.04509090909090911 0.25 0.609 -0.8 0.609 0.45343243243243236 0.8409090909090909 0.935 -0.73 -0.5
0.0 0.0 0.0 0.0 0.0 0.0 1.0 0.0 0.0 0.0 0.0 0.0 0.0 0.0 0.0 0.0 0.0 0.0 0.0 0.0 0.0 1.0 0.0 0.0 0.0 0.7783333333333333 1.0 0.779 0.779 0.0 0.0 -0.0 -0.0 0.7313333333333333 1.0 0.784 0.0 0.784 0.764 0.3333333333333333 0.764 0.0 0.764 0.0 0.0 0.0 0.0 0.0 0.8306666666666667 1.0 0.851 0.0 0.79
0.0 0.0 0.0 0.0 0.0 0.0 1.0 0.0 1.0 1.0 0.0 2.0 0.0 1.0 0.0 0.0 0.0 0.0 0.0 0.0 0.0 0.0 0.0 0.0 0.0 0.5526666666666666 0.9310344827586207 0.881 0.841 0.745 0.06896551724137931 -0.0 0.83 0.5218636363636363 0.7586206896551724 1.0 -0.78 0.785 0.11891304347826084 0.7931034482758621 0.969 -0.94 0.76 -0.10270000000000001 0.3448275862068966 0.585 -0.72 -0.2 0.44808333333333333 0.8275862068965517 0.979 -0.93 0.979
0.0 0.0 0.0 0.0 0.0 1.0 0.0 0.0 0.0 0.0 0.0 2.0 0.0 0.0 0.0 0.0 0.0 0.0 0.0 0.0 0.0 0.0 0.0 1.0 0.0 0.5102173913043478 0.9387755102040817 0.986 0.039 0.45 0.061224489795918366 -0.0 0.66 0.3966904761904762 0.8571428571428571 0.986 -0.78 0.967 0.15985714285714284 0.7142857142857143 0.943 -0.94 0.795 0.0019999999999999922 0.32653061224489793 0.585 -0.34 0.049 0.4779090909090909 0.8979591836734694 0.935 -0.63 0.069
0.0 0.0 0.0 0.0 0.0 0.0 1.0 0.0 0.0 0.0 0.0 0.0 0.0 0.0 0.0 0.0 0.0 0.0 0.0 0.0 0.0 1.0 0.0 0.0 0.0 0.5977142857142858 1.0 0.833 0.833 0.0 0.0 -0.0 -0.0 0.5740000000000001 1.0 0.92 0.0 0.92 -0.10199999999999998 0.7142857142857143 0.772 -0.88 -0.88 -0.11499999999999999 0.2857142857142857 0.0 -0.15 -0.08 0.6353333333333333 0.8571428571428571 0.935 0.0 0.695
0.0 0.0 0.0 0.0 0.0 1.0 1.0 0.0 1.0 0.0 0.0 2.0 0.0 0.0 0.0 0.0 0.0 0.0 0.0 0.0 0.0 0.0 0.0 0.0 0.0 0.39045454545454544 0.9166666666666666 0.935 0.05 0.71 0.08333333333333333 -0.0 0.71 0.2783 0.8333333333333334 0.956 -0.51 0.025 0.137 0.6666666666666666 0.788 -0.94 0.141 0.0444 0.4166666666666667 0.762 -0.23 -0.09 0.3535 1.0 0.986 -0.86 0.074
0.0 0.0 0.0 0.0 0.0 0.0 1.0 0.0 0.0 0.0 0.0 1.0 0.0 0.0 0.0 0.0 0.0 0.0 0.0 0.0 0.0 1.0 0.0 0.0 0.0 0.3644 0.8333333333333334 0.778 0.778 0.66 0.16666666666666666 -0.0 0.66 0.1254 0.8333333333333334 0.781 -0.78 -0.78 -0.10699999999999998 0.6666666666666666 0.191 -0.95 -0.95 0.18033333333333332 0.5 0.585 -0.1 0.585 0.23666666666666666 1.0 0.768 -0.63 -0.63
0.0 0.0 0.0 0.0 0.0 0.0 0.0 0.0 0.0 0.0 0.0 0.0 0.0 0.0 0.0 0.0 0.0 0.0 0.0 0.0 0.0 0.0 0.0 1.0 0.0 0.572 0.7777777777777778 0.802 0.802 0.335 0.2222222222222222 -0.0 0.65 0.31775000000000003 0.8888888888888888 0.781 -0.86 -0.86 -0.09016666666666671 0.6666666666666666 0.882 -0.79 0.882 0.27949999999999997 0.2222222222222222 0.609 -0.05 0.609 0.4327142857142857 0.7777777777777778 0.935 -0.5 -0.5
0.0 0.0 1.0 0.0 1.0 0.0 3.0 0.0 0.0 0.0 0.0 0.0 0.0 0.0 0.0 0.0 0.0 0.0 0.0 0.0 0.0 1.0 0.0 0.0 0.0 0.390125 0.8888888888888888 0.857 0.857 0.6699999999999999 0.1111111111111111 -0.0 0.74 0.1998333333333333 0.6666666666666666 0.967 -0.82 0.905 0.24628571428571427 0.7777777777777778 0.929 -0.79 0.773 0.12237499999999998 0.4444444444444444 0.694 -0.11 -0.05 0.29211764705882354 0.9444444444444444 0.935 -0.71 0.892
0.0 0.0 0.0 0.0 0.0 0.0 0.0 0.0 0.0 0.0 0.0 1.0 0.0 0.0 0.0 0.0 0.0 0.0 0.0 0.0 0.0 0.0 0.0 1.0 0.0 0.0925 0.6666666666666666 0.102 0.083 0.08 0.3333333333333333 -0.0 0.08 0.02 0.3333333333333333 0.02 0.0 0.02 0.1555 0.6666666666666666 0.228 0.0 0.083 -0.10500000000000001 0.6666666666666666 0.0 -0.14 -0.14 0.108 0.6666666666666666 0.306 -0.09 0.306
0.0 0.0 0.0 0.0 0.0 0.0 1.0 0.0 0.0 0.0 0.0 0.0 1.0 0.0 0.0 0.0 0.0 0.0 0.0 0.0 0.0 0.0 0.0 0.0 0.0 0.47400000000000003 0.8333333333333334 0.943 0.087 0.52 0.16666666666666666 -0.0 0.9 0.2528 0.8333333333333334 0.956 -0.82 0.956 0.2882222222222222 0.75 0.943 -0.65 0.078 -0.095 0.16666666666666666 0.0 -0.1 -0.09 0.30630000000000007 0.8333333333333334 0.914 -0.98 0.096
0.0 0.0 0.0 0.0 0.0 0.0 3.0 0.0 0.0 0.0 0.0 0.0 0.0 0.0 0.0 0.0 0.0 0.0 0.0 0.0 0.0 1.0 0.0 0.0 0.0 0.46693749999999995 0.8205128205128205 0.943 0.848 0.5457142857142857 0.1794871794871795 -0.0 0.81 0.19921428571428562 0.717948717948718 0.956 -0.78 0.746 0.19191666666666665 0.6153846153846154 0.99 -0.79 0.871 0.2761111111111111 0.23076923076923078 0.816 -0.34 0.816 0.28051515151515155 0.8461538461538461 0.935 -0.85 0.928
0.0 0.0 0.0 0.0 0.0 0.0 0.0 0.0 0.0 0.0 0.0 0.0 0.0 1.0 0.0 0.0 0.0 0.0 0.0 0.0 0.0 0.0 0.0 1.0 0.0 0.47633333333333333 0.8823529411764706 0.935 0.862 0.405 0.11764705882352941 -0.0 0.78 0.27125 0.7058823529411765 0.956 -0.75 0.921 0.2642142857142857 0.8235294117647058 0.893 -0.94 0.803 0.017499999999999998 0.47058823529411764 0.82 -0.24 -0.04 0.44357142857142856 0.8235294117647058 0.947 -0.03 0.914
0.0 0.0 0.0 0.0 0.0 0.0 1.0 0.0 0.0 0.0 0.0 0.0 0.0 0.0 0.0 0.0 0.0 0.0 0.0 0.0 0.0 1.0 0.0 0.0 0.0 0.5893333333333334 1.0 0.892 0.823 0.0 0.0 -0.0 -0.0 0.46349999999999997 0.6666666666666666 0.967 -0.04 0.967 0.6093333333333333 1.0 0.892 0.0 0.795 -0.09 0.3333333333333333 0.0 -0.09 -0.09 0.45799999999999996 0.6666666666666666 0.706 0.0 0.706
0.0 0.0 0.0 0.0 0.0 0.0 0.0 0.0 0.0 1.0 0.0 0.0 0.0 0.0 0.0 0.0 0.0 0.0 0.0 1.0 0.0 0.0 0.0 0.0 0.0 0.36230434782608695 0.7419354838709677 0.935 0.104 0.545 0.25806451612903225 -0.0 0.65 0.0988076923076923 0.8387096774193549 0.956 -0.99 -0.86 0.2334090909090909 0.7096774193548387 0.984 -0.79 0.237 0.12894444444444442 0.5806451612903226 0.856 -0.28 0.609 0.12192307692307694 0.8387096774193549 0.935 -0.82 -0.5
0.0 0.0 0.0 0.0 0.0 0.0 1.0 0.0 0.0 1.0 0.0 0.0 0.0 0.0 0.0 0.0 0.0 0.0 0.0 1.0 0.0 0.0 0.0 0.0 0.0 0.5058 1.0 0.818 0.8 0.0 0.0 -0.0 -0.0 0.4673999999999999 1.0 0.825 -0.04 0.825 0.2102 1.0 0.775 -0.85 0.775 -0.2 0.2 0.0 -0.2 -0.2 0.5025 0.8 0.893 0.0 0.615
0.0 0.0 0.0 0.0 0.0 0.0 1.0 0.0 0.0 0.0 0.0 3.0 0.0 0.0 0.0 0.0 0.0 0.0 0.0 0.0 0.0 1.0 0.0 0.0 0.0 0.5392499999999997 0.9 0.943 0.034 0.82 0.1 -0.0 0.94 0.39435294117647063 0.85 0.97 -0.9 0.094 0.1738518518518518 0.675 0.97 -0.94 -0.03 0.082875 0.4 0.943 -0.92 0.028 0.49108571428571446 0.875 0.994 -0.98 -0.98
0.0 0.0 0.0 0.0 0.0 0.0 1.0 0.0 0.0 0.0 0.0 1.0 0.0 1.0 0.0 0.0 0.0 0.0 0.0 0.0 0.0 1.0 0.0 0.0 0.0 0.5894864864864865 0.925 0.94 0.806 0.3 0.075 -0.0 0.04 0.5467333333333334 0.75 0.991 -0.95 0.906 0.02963636363636361 0.825 0.99 -0.94 0.715 0.045375 0.2 0.773 -0.26 0.061 0.54678125 0.8 0.994 -0.73 0.796
0.0 0.0 0.0 0.0 0.0 0.0 1.0 0.0 2.0 0.0 0.0 0.0 0.0 2.0 0.0 0.0 0.0 0.0 0.0 0.0 0.0 1.0 0.0 0.0 0.0 0.46729687499999994 0.8205128205128205 0.935 0.784 0.5892857142857143 0.1794871794871795 -0.0 0.81 0.2526521739130434 0.8846153846153846 0.979 -0.95 0.889 -0.00893103448275862 0.7435897435897436 0.965 -0.94 -0.9 -0.06857894736842107 0.48717948717948717 0.82 -0.91 0.731 0.32717187499999995 0.8205128205128205 0.935 -0.95 0.559
0.0 0.0 0.0 0.0 0.0 0.0 1.0 0.0 0.0 0.0 0.0 0.0 0.0 0.0 0.0 0.0 0.0 0.0 0.0 0.0 0.0 1.0 0.0 0.0 0.0 0.6819166666666666 0.8571428571428571 0.973 0.939 0.07 0.14285714285714285 -0.0 0.07 0.5075454545454545 0.7857142857142857 0.967 -0.07 0.912 0.42711111111111116 0.6428571428571429 0.976 -0.88 0.788 -0.020499999999999997 0.14285714285714285 0.049 -0.09 0.049 0.7288 0.7142857142857143 0.97 0.0 0.966
0.0 0.0 0.0 0.0 0.0 0.0 1.0 0.0 0.0 0.0 0.0 0.0 0.0 0.0 0.0 0.0 0.0 0.0 0.0 0.0 0.0 0.0 0.0 0.0 0.0 0.5 0.75 0.734 0.734 0.78 0.25 -0.0 0.78 -0.02933333333333336 0.75 0.702 -0.75 -0.75 0.08033333333333333 0.75 0.75 -0.65 0.75 0.365 0.5 0.82 -0.09 0.82 0.5716666666666667 0.75 0.788 0.0 0.717
0.0 0.0 0.0 0.0 0.0 0.0 2.0 0.0 0.0 1.0 0.0 1.0 0.0 0.0 0.0 0.0 0.0 0.0 0.0 1.0 0.0 0.0 0.0 0.0 0.0 0.3915 1.0 0.935 0.072 0.0 0.0 -0.0 -0.0 0.5039999999999999 1.0 0.956 0.0 0.07 0.332 0.75 0.623 0.0 0.134 -0.08366666666666667 0.75 0.049 -0.23 -0.07 0.4335 1.0 0.914 0.0 0.155
0.0 0.0 0.0 0.0 0.0 1.0 1.0 0.0 0.0 0.0 0.0 0.0 0.0 1.0 0.0 0.0 0.0 0.0 0.0 0.0 0.0 0.0 1.0 0.0 0.0 0.7638333333333334 0.75 0.903 0.903 0.45 0.25 -0.0 0.04 0.6225714285714287 0.875 0.97 -0.97 0.746 0.6788333333333334 0.75 0.97 -0.01 0.97 0.4633333333333334 0.375 0.773 -0.06 -0.06 0.4083333333333334 0.75 0.994 -0.95 0.994
0.0 0.0 0.0 0.0 0.0 0.0 1.0 0.0 0.0 0.0 0.0 0.0 0.0 1.0 0.0 0.0 0.0 0.0 0.0 0.0 0.0 1.0 0.0 0.0 0.0 0.3745624999999999 0.9411764705882353 0.943 0.357 0.905 0.058823529411764705 -0.0 0.89 0.2686071428571429 0.8235294117647058 0.97 -0.82 0.046 -0.0823103448275862 0.8529411764705882 0.943 -0.94 -0.66 0.15935714285714284 0.4117647058823529 0.99 -0.14 -0.04 0.3674642857142857 0.8235294117647058 0.935 -0.93 0.365
0.0 0.0 0.0 0.0 0.0 0.0 1.0 0.0 0.0 0.0 0.0 0.0 0.0 0.0 0.0 0.0 0.0 0.0 0.0 0.0 0.0 1.0 0.0 0.0 0.0 0.5995555555555555 0.8181818181818182 0.886 0.814 0.7350000000000001 0.18181818181818182 -0.0 0.66 0.19022222222222224 0.8181818181818182 0.929 -0.95 0.926 0.45724999999999993 0.7272727272727273 0.99 -0.79 0.861 0.22399999999999998 0.36363636363636365 0.721 -0.21 -0.21 0.3897272727272728 1.0 0.935 -0.75 0.702
0.0 0.0 0.0 0.0 1.0 0.0 0.0 0.0 0.0 1.0 0.0 2.0 0.0 0.0 0.0 0.0 0.0 0.0 0.0 0.0 0.0 0.0 0.0 0.0 0.0 0.4965 0.8 0.869 0.208 0.95 0.2 -0.0 0.95 0.4013333333333333 0.6 0.889 0.0 0.295 0.49675 0.8 0.794 0.0 0.239 -0.3403333333333334 0.6 0.049 -0.93 0.049 0.154 0.8 0.944 -0.98 0.346
0.0 0.0 0.0 0.0 0.0 0.0 2.0 0.0 0.0 0.0 0.0 1.0 0.0 1.0 0.0 0.0 0.0 0.0 0.0 0.0 0.0 1.0 0.0 0.0 0.0 0.5363095238095238 0.8235294117647058 0.964 0.935 0.5611111111111111 0.17647058823529413 -0.0 0.1 0.297 0.7843137254901961 0.956 -0.99 -0.09 0.07941176470588236 0.6666666666666666 0.979 -0.94 0.191 0.0989411764705882 0.3333333333333333 0.98 -0.8 0.585 0.3076279069767442 0.8431372549019608 0.964 -0.96 -0.1
0.0 0.0 0.0 0.0 0.0 0.0 1.0 0.0 0.0 0.0 0.0 0.0 0.0 0.0 0.0 0.0 0.0 0.0 0.0 0.0 0.0 1.0 0.0 0.0 0.0 0.44657894736842113 0.95 0.943 0.262 0.65 0.05 -0.0 0.65 0.3091249999999999 0.8 0.967 -0.86 -0.86 0.37064705882352944 0.85 0.943 -0.79 0.657 -0.04244444444444443 0.45 0.609 -0.28 0.609 0.3690588235294117 0.85 0.935 -0.5 -0.5
0.0 0.0 0.0 0.0 0.0 0.0 1.0 0.0 0.0 0.0 0.0 0.0 0.0 0.0 0.0 0.0 0.0 0.0 0.0 0.0 0.0 1.0 0.0 0.0 0.0 0.7568 0.8333333333333334 0.939 0.886 0.76 0.16666666666666666 -0.0 0.76 0.4042 0.8333333333333334 0.956 -0.78 0.956 0.7255 0.6666666666666666 0.99 0.0 0.99 0.0 0.0 0.0 0.0 0.0 0.4316 0.8333333333333334 0.914 -0.73 0.782
0.0 0.0 0.0 0.0 0.0 0.0 0.0 0.0 0.0 1.0 0.0 0.0 0.0 1.0 0.0 0.0 0.0 0.0 0.0 1.0 0.0 0.0 0.0 0.0 0.0 0.568875 1.0 0.939 0.043 0.0 0.0 -0.0 -0.0 0.4433333333333333 0.75 0.956 -0.06 -0.06 0.356 0.875 0.99 -0.65 0.083 -0.05500000000000001 0.25 0.0 -0.07 -0.04 0.5511428571428572 0.875 0.914 0.0 0.2
0.0 0.0 0.0 0.0 1.0 2.0 2.0 0.0 1.0 0.0 0.0 2.0 0.0 1.0 0.0 0.0 0.0 0.0 0.0 0.0 0.0 1.0 0.0 0.0 0.0 0.5580869565217391 0.92 0.939 0.072 0.785 0.08 -0.0 0.79 0.5372631578947369 0.76 0.985 -0.75 -0.05 -0.005666666666666652 0.72 0.979 -0.94 0.102 0.027874999999999994 0.32 0.82 -0.73 -0.15 0.5098499999999999 0.8 0.935 -0.85 0.167
0.0 0.0 0.0 0.0 0.0 0.0 1.0 0.0 1.0 0.0 0.0 0.0 0.0 0.0 0.0 0.0 0.0 0.0 0.0 0.0 0.0 1.0 0.0 0.0 0.0 0.6857333333333333 0.8571428571428571 0.939 0.823 0.40099999999999997 0.14285714285714285 -0.0 0.02 0.5457169811320755 0.7571428571428571 0.971 -0.84 0.967 0.026531914893617035 0.6714285714285714 0.979 -0.94 0.795 -0.3329230769230769 0.18571428571428572 0.049 -0.8 -0.8 0.5002545454545456 0.7857142857142857 0.935 -0.78 0.706
0.0 0.0 0.0 0.0 0.0 0.0 1.0 0.0 0.0 1.0 0.0 0.0 0.0 0.0 0.0 0.0 0.0 0.0 0.0 0.0 0.0 1.0 0.0 0.0 0.0 0.5105 1.0 0.894 0.894 0.0 0.0 -0.0 -0.0 0.503 1.0 0.894 0.0 0.894 0.0 0.0 0.0 0.0 0.0 0.0 0.0 0.0 0.0 0.0 0.141 0.5 0.141 0.0 0.141
0.0 0.0 0.0 0.0 0.0 0.0 1.0 0.0 0.0 0.0 0.0 1.0 0.0 2.0 0.0 0.0 0.0 0.0 0.0 0.0 0.0 1.0 0.0 0.0 0.0 0.6638823529411764 0.7906976744186046 0.935 0.87 0.57 0.20930232558139536 -0.0 0.82 0.389 0.7441860465116279 0.956 -0.9 0.88 0.129875 0.5581395348837209 0.959 -0.94 0.86 0.08635714285714283 0.32558139534883723 0.99 -0.8 0.049 0.39725714285714286 0.813953488372093 0.935 -0.96 0.851
0.0 0.0 0.0 0.0 0.0 0.0 1.0 0.0 0.0 0.0 0.0 0.0 0.0 1.0 0.0 0.0 0.0 0.0 0.0 0.0 0.0 1.0 0.0 0.0 0.0 0.5867142857142857 0.6666666666666666 0.952 0.952 0.7400000000000001 0.3333333333333333 -0.0 0.66 0.056833333333333326 0.8571428571428571 0.956 -0.95 0.95 -0.29463636363636364 0.5238095238095238 0.953 -0.94 0.953 0.4662222222222222 0.42857142857142855 0.917 -0.11 0.585 0.11465 0.9523809523809523 0.935 -0.88 0.744
0.0 0.0 0.0 0.0 0.0 0.0 1.0 0.0 0.0 0.0 0.0 3.0 0.0 0.0 0.0 0.0 0.0 0.0 0.0 0.0 0.0 0.0 0.0 0.0 0.0 0.5608214285714286 0.9333333333333333 0.966 0.061 0.745 0.06666666666666667 -0.0 0.82 0.4209130434782609 0.7666666666666667 0.966 -0.84 -0.12 0.17186363636363636 0.7333333333333333 0.979 -0.88 0.239 -0.05908333333333334 0.4 0.862 -0.8 -0.07 0.5062173913043477 0.7666666666666667 0.978 -0.52 0.203
0.0 0.0 0.0 0.0 0.0 0.0 2.0 0.0 0.0 0.0 0.0 0.0 0.0 0.0 0.0 0.0 0.0 0.0 0.0 0.0 0.0 1.0 0.0 0.0 0.0 0.744 0.5 0.744 0.744 0.66 0.5 -0.0 0.66 5.000000000000004E-4 1.0 0.781 -0.78 -0.78 0.0 0.0 0.0 0.0 0.0 0.585 0.5 0.585 0.0 0.585 0.03799999999999998 1.0 0.706 -0.63 -0.63
0.0 0.0 0.0 0.0 0.0 0.0 2.0 0.0 0.0 0.0 0.0 2.0 0.0 0.0 0.0 0.0 0.0 0.0 0.0 0.0 0.0 0.0 0.0 0.0 0.0 0.5927037037037037 0.6 0.935 0.663 0.6127777777777779 0.4 -0.0 0.07 0.044692307692307684 0.8666666666666667 0.982 -0.95 -0.07 -0.0012857142857143028 0.4666666666666667 0.893 -0.94 -0.52 0.46810526315789475 0.4222222222222222 0.917 -0.1 0.009 0.07402380952380953 0.9333333333333333 0.947 -0.94 -0.12
0.0 0.0 0.0 0.0 0.0 0.0 0.0 0.0 1.0 1.0 0.0 0.0 0.0 1.0 0.0 0.0 0.0 0.0 0.0 0.0 0.0 0.0 0.0 1.0 0.0 0.5362666666666667 0.8333333333333334 0.935 0.848 0.5966666666666667 0.16666666666666666 -0.0 0.04 0.35300000000000004 0.7777777777777778 0.956 -0.77 0.746 0.21781818181818186 0.6111111111111112 0.99 -0.85 0.871 -0.03257142857142858 0.3888888888888889 0.816 -0.92 -0.18 0.3482352941176471 0.9444444444444444 0.928 -0.96 0.928
0.0 0.0 0.0 0.0 0.0 0.0 1.0 0.0 1.0 0.0 0.0 0.0 0.0 1.0 0.0 0.0 0.0 0.0 0.0 0.0 0.0 1.0 0.0 0.0 0.0 0.4311785714285715 0.875 0.939 0.335 0.4475 0.125 -0.0 0.04 0.38377272727272715 0.6875 0.967 -0.61 -0.06 0.15770370370370368 0.84375 0.979 -0.94 0.555 -0.06407692307692309 0.40625 0.856 -0.92 0.026 0.35396153846153844 0.8125 0.986 -0.96 -0.96
0.0 0.0 0.0 0.0 0.0 0.0 1.0 0.0 0.0 1.0 0.0 1.0 0.0 1.0 0.0 0.0 0.0 0.0 0.0 0.0 0.0 1.0 0.0 0.0 0.0 0.6856666666666668 0.9 0.935 0.886 0.76 0.1 -0.0 0.76 0.5630000000000001 0.6 0.956 -0.04 0.905 0.020500000000000004 0.8 0.99 -0.94 0.99 -0.74 0.1 0.0 -0.74 -0.74 0.5027777777777778 0.9 0.935 -0.78 0.782
0.0 0.0 0.0 0.0 0.0 0.0 1.0 0.0 0.0 0.0 0.0 0.0 0.0 0.0 0.0 0.0 0.0 0.0 0.0 0.0 0.0 1.0 0.0 0.0 0.0 0.831 0.75 0.892 0.823 0.81 0.25 -0.0 0.81 0.30166666666666664 0.75 0.967 -0.77 0.967 0.2823333333333334 0.75 0.892 -0.84 0.795 0.816 0.25 0.816 0.0 0.816 -0.07200000000000001 0.5 0.706 -0.85 0.706
0.0 0.0 0.0 0.0 0.0 0.0 1.0 0.0 0.0 0.0 0.0 0.0 0.0 1.0 0.0 0.0 0.0 0.0 0.0 0.0 0.0 1.0 0.0 0.0 0.0 0.452 0.9166666666666666 0.943 0.895 0.7749999999999999 0.08333333333333333 -0.0 0.7 0.321 0.75 0.97 -0.8 0.893 0.22938888888888886 0.75 0.967 -0.79 0.967 0.01566666666666667 0.375 0.773 -0.8 0.614 0.32752380952380955 0.875 0.935 -0.96 0.898
0.0 0.0 0.0 0.0 0.0 2.0 0.0 0.0 3.0 0.0 0.0 0.0 0.0 0.0 0.0 0.0 0.0 0.0 0.0 0.0 0.0 0.0 1.0 0.0 0.0 0.6066 0.7692307692307693 0.943 0.846 0.85 0.23076923076923078 -0.0 0.84 -0.04244444444444443 0.6923076923076923 0.702 -0.96 -0.69 -0.358 0.7692307692307693 0.943 -0.94 -0.94 -0.19040000000000004 0.38461538461538464 0.998 -0.91 0.998 0.3501818181818182 0.8461538461538461 0.935 -0.85 -0.84
0.0 0.0 0.0 0.0 0.0 0.0 1.0 0.0 0.0 0.0 0.0 1.0 0.0 1.0 0.0 0.0 0.0 0.0 0.0 0.0 0.0 1.0 0.0 0.0 0.0 0.521 0.5714285714285714 0.935 0.124 0.6633333333333333 0.42857142857142855 -0.0 0.86 -0.03278571428571431 1.0 0.956 -0.99 -0.99 -0.09012500000000001 0.5714285714285714 0.769 -0.79 0.323 0.22444444444444445 0.6428571428571429 0.99 -0.73 -0.73 0.09108333333333335 0.8571428571428571 0.935 -0.87 0.437
0.0 0.0 0.0 0.0 0.0 0.0 0.0 0.0 0.0 0.0 0.0 0.0 0.0 0.0 0.0 0.0 0.0 0.0 0.0 0.0 0.0 0.0 0.0 1.0 0.0 0.6212894736842106 0.926829268292683 0.97 0.952 0.7833333333333333 0.07317073170731707 -0.0 0.66 0.4888181818181817 0.8048780487804879 0.956 -0.99 0.95 0.007677419354838681 0.7560975609756098 0.991 -0.94 0.953 -0.12280000000000002 0.24390243902439024 0.585 -0.92 0.028 0.5670322580645161 0.7560975609756098 0.935 -0.63 0.231
0.0 0.0 0.0 0.0 0.0 0.0 0.0 0.0 0.0 0.0 0.0 0.0 0.0 0.0 0.0 0.0 0.0 0.0 0.0 0.0 0.0 0.0 0.0 1.0 0.0 0.6346666666666667 0.6666666666666666 0.935 0.935 0.7466666666666667 0.3333333333333333 -0.0 0.74 0.3004999999999999 0.7407407407407407 0.956 -0.81 -0.58 0.20666666666666667 0.4444444444444444 0.93 -0.9 0.902 0.15953846153846152 0.48148148148148145 0.955 -0.91 0.955 0.0927083333333333 0.8888888888888888 0.914 -0.95 -0.69
0.0 0.0 0.0 1.0 0.0 2.0 1.0 0.0 0.0 0.0 0.0 1.0 0.0 1.0 0.0 0.0 0.0 0.0 0.0 0.0 0.0 1.0 0.0 0.0 0.0 0.47937500000000005 0.8421052631578947 0.939 0.061 0.5866666666666667 0.15789473684210525 -0.0 0.87 0.22092307692307692 0.6842105263157895 0.962 -0.96 0.09 0.026000000000000006 0.7368421052631579 0.979 -0.94 0.13 -0.006400000000000012 0.2631578947368421 0.921 -0.81 -0.09 0.27875 0.8421052631578947 0.935 -0.85 0.122
0.0 0.0 1.0 0.0 0.0 1.0 4.0 0.0 1.0 0.0 0.0 0.0 0.0 2.0 0.0 0.0 0.0 0.0 0.0 0.0 0.0 0.0 1.0 0.0 0.0 0.414423076923077 0.896551724137931 0.97 0.034 0.5900000000000001 0.10344827586206896 -0.0 0.07 0.25233333333333335 0.8275862068965517 0.956 -0.96 -0.06 0.06781818181818179 0.7586206896551724 0.991 -0.94 0.081 -0.15433333333333332 0.3103448275862069 0.049 -0.96 0.049 0.2866153846153846 0.896551724137931 0.935 -0.8 0.082
0.0 0.0 0.0 0.0 0.0 1.0 0.0 0.0 1.0 0.0 0.0 0.0 0.0 1.0 0.0 0.0 0.0 0.0 0.0 0.0 0.0 0.0 1.0 0.0 0.0 0.45038888888888884 0.75 0.935 0.084 0.8633333333333333 0.25 -0.0 0.85 -0.04806250000000002 0.6666666666666666 0.956 -0.99 -0.11 0.06273333333333332 0.625 0.858 -0.94 0.283 0.19890000000000002 0.4166666666666667 0.936 -0.16 0.837 0.24052380952380942 0.875 0.935 -0.98 -0.87
0.0 0.0 0.0 0.0 0.0 0.0 0.0 0.0 1.0 0.0 0.0 0.0 0.0 1.0 0.0 0.0 0.0 0.0 0.0 0.0 0.0 0.0 0.0 0.0 0.0 0.5509999999999999 0.8181818181818182 0.939 0.811 0.7050000000000001 0.18181818181818182 -0.0 0.49 0.39170588235294124 0.7727272727272727 0.956 -0.98 0.722 -0.1284 0.6818181818181818 0.979 -0.98 -0.76 -0.042444444444444424 0.4090909090909091 0.712 -0.96 -0.96 0.324111111111111 0.8181818181818182 0.96 -0.95 0.946
0.0 0.0 0.0 0.0 0.0 0.0 1.0 0.0 0.0 0.0 0.0 1.0 0.0 1.0 0.0 0.0 0.0 0.0 0.0 0.0 0.0 0.0 0.0 0.0 0.0 0.4900000000000001 0.7647058823529411 0.935 0.783 0.65 0.23529411764705882 -0.0 0.86 0.19352941176470587 1.0 0.956 -0.99 0.702 0.1418333333333333 0.7058823529411765 0.939 -0.88 0.865 -0.3245555555555556 0.5294117647058824 0.049 -0.94 0.049 0.32425 0.7058823529411765 0.93 -0.96 0.888
0.0 0.0 0.0 0.0 0.0 0.0 0.0 0.0 0.0 0.0 0.0 0.0 0.0 1.0 0.0 0.0 0.0 0.0 0.0 0.0 0.0 0.0 0.0 1.0 0.0 0.4565 0.7142857142857143 0.856 0.083 0.7975 0.2857142857142857 -0.0 0.71 -0.1669 0.7142857142857143 0.92 -0.96 -0.7 0.3601 0.7142857142857143 0.967 -0.88 0.175 -0.36000000000000004 0.42857142857142855 0.0 -0.9 -0.13 0.29558333333333336 0.8571428571428571 0.924 -0.77 0.204
0.0 0.0 0.0 0.0 0.0 1.0 0.0 0.0 1.0 0.0 0.0 0.0 0.0 0.0 0.0 0.0 0.0 0.0 0.0 0.0 0.0 0.0 1.0 0.0 0.0 0.4703999999999998 0.7894736842105263 0.935 0.819 0.79 0.21052631578947367 -0.0 0.87 0.17556249999999995 0.8421052631578947 0.986 -0.96 0.777 -0.172125 0.631578947368421 0.853 -1.0 -0.88 0.052166666666666646 0.47368421052631576 0.828 -0.84 -0.28 0.25882352941176473 0.8947368421052632 0.935 -0.99 0.79
0.0 0.0 0.0 0.0 0.0 3.0 0.0 0.0 1.0 0.0 0.0 0.0 0.0 2.0 0.0 0.0 0.0 0.0 0.0 0.0 0.0 0.0 1.0 0.0 0.0 0.4432207792207793 0.8953488372093024 0.943 0.061 0.7711111111111112 0.10465116279069768 -0.0 0.78 0.253655737704918 0.7093023255813954 0.956 -0.93 0.027 0.11956249999999995 0.7441860465116279 0.979 -0.94 -0.09 -0.07697058823529414 0.3953488372093023 0.882 -0.93 0.748 0.35950000000000004 0.813953488372093 0.996 -0.98 0.996
0.0 0.0 0.0 0.0 0.0 0.0 1.0 0.0 0.0 0.0 0.0 0.0 0.0 0.0 0.0 0.0 0.0 0.0 0.0 0.0 0.0 0.0 0.0 0.0 0.0 0.37000000000000005 0.8181818181818182 0.939 0.262 0.895 0.18181818181818182 -0.0 0.89 0.05870000000000001 0.9090909090909091 0.899 -0.96 0.43 0.18225000000000002 0.7272727272727273 0.979 -0.94 0.657 -0.05220000000000001 0.45454545454545453 0.99 -0.96 -0.28 0.019111111111111117 0.8181818181818182 0.744 -0.87 0.244
0.0 0.0 0.0 0.0 0.0 0.0 0.0 0.0 0.0 0.0 0.0 1.0 0.0 1.0 0.0 0.0 0.0 0.0 0.0 0.0 0.0 0.0 0.0 1.0 0.0 0.6815555555555556 0.9 0.939 0.208 0.83 0.1 -0.0 0.94 0.6424285714285716 0.7 0.968 -0.55 0.295 0.18513333333333332 0.75 0.99 -0.81 0.239 -0.019999999999999983 0.25 0.882 -0.97 0.049 0.505529411764706 0.85 0.948 -0.91 0.346
0.0 0.0 0.0 0.0 0.0 0.0 0.0 0.0 1.0 0.0 0.0 4.0 0.0 0.0 0.0 0.0 0.0 0.0 0.0 0.0 0.0 0.0 0.0 0.0 0.0 0.5837407407407408 0.7941176470588235 0.939 0.753 0.3985714285714286 0.20588235294117646 -0.0 0.74 0.3721851851851852 0.7941176470588235 0.956 -0.99 0.541 0.19090909090909092 0.6470588235294118 0.979 -0.98 -0.86 0.0010666666666666648 0.4411764705882353 0.816 -0.73 -0.08 0.4098148148148148 0.7941176470588235 0.935 -0.85 0.85
0.0 0.0 0.0 0.0 0.0 2.0 2.0 0.0 2.0 0.0 0.0 0.0 0.0 2.0 0.0 0.0 0.0 0.0 0.0 0.0 0.0 1.0 0.0 0.0 0.0 0.5882888888888888 0.8333333333333334 0.939 0.147 0.74 0.16666666666666666 -0.0 0.86 0.22613953488372085 0.7962962962962963 0.961 -0.99 -0.79 -0.1933947368421052 0.7037037037037037 0.979 -0.94 0.21 0.16330769230769232 0.24074074074074073 0.974 -0.17 0.974 0.37242 0.9259259259259259 0.969 -0.83 -0.83
0.0 0.0 0.0 0.0 0.0 0.0 0.0 0.0 0.0 0.0 0.0 2.0 0.0 0.0 0.0 0.0 0.0 0.0 0.0 0.0 0.0 0.0 0.0 0.0 0.0 0.45861764705882363 0.7083333333333334 0.957 0.07 0.6892857142857143 0.2916666666666667 -0.0 0.35 0.15856756756756757 0.7708333333333334 0.956 -0.99 -0.13 0.24374074074074073 0.5625 0.979 -0.9 0.071 0.09494999999999998 0.4166666666666667 0.948 -0.78 0.694 0.07341666666666666 0.75 0.945 -0.99 -0.67
0.0 0.0 0.0 1.0 0.0 3.0 1.0 0.0 1.0 0.0 0.0 0.0 0.0 1.0 0.0 0.0 0.0 0.0 0.0 0.0 0.0 0.0 0.0 0.0 0.0 0.5046666666666667 0.6818181818181818 0.939 0.789 0.71 0.3181818181818182 -0.0 0.8 0.15576470588235292 0.7727272727272727 0.967 -0.95 -0.71 0.30716666666666664 0.5454545454545454 0.992 -0.88 -0.79 0.2667777777777778 0.4090909090909091 1.0 -0.74 0.983 0.08982352941176473 0.7727272727272727 0.935 -0.88 -0.72
0.0 0.0 0.0 0.0 0.0 0.0 0.0 0.0 0.0 0.0 0.0 4.0 0.0 0.0 0.0 0.0 0.0 0.0 0.0 0.0 0.0 0.0 0.0 1.0 0.0 0.3897058823529412 0.7727272727272727 0.935 0.871 0.318 0.22727272727272727 -0.0 0.03 0.22381249999999997 0.7272727272727273 0.956 -0.92 0.821 -0.00875 0.7272727272727273 0.922 -0.94 0.922 0.047428571428571424 0.6363636363636364 0.82 -0.22 -0.09 0.21433333333333338 0.8181818181818182 0.914 -0.98 0.21
0.0 0.0 0.0 0.0 1.0 0.0 0.0 0.0 0.0 0.0 0.0 0.0 0.0 0.0 0.0 0.0 0.0 0.0 0.0 0.0 0.0 0.0 0.0 0.0 1.0 0.402 0.7142857142857143 0.92 0.074 0.91 0.2857142857142857 -0.0 0.93 -0.22499999999999998 0.5714285714285714 0.793 -0.93 0.057 0.0696 0.7142857142857143 0.893 -0.95 0.141 -0.032500000000000015 0.5714285714285714 0.99 -0.93 -0.06 -0.07666666666666665 0.8571428571428571 0.947 -0.94 0.162
0.0 0.0 0.0 0.0 1.0 0.0 0.0 0.0 1.0 0.0 0.0 2.0 0.0 2.0 0.0 0.0 0.0 0.0 0.0 0.0 0.0 0.0 0.0 0.0 0.0 0.45996774193548395 0.7948717948717948 0.939 0.766 0.44 0.20512820512820512 -0.0 0.35 0.24349999999999994 0.9230769230769231 0.956 -0.87 -0.13 -0.028575757575757577 0.8461538461538461 0.986 -0.91 0.071 0.25856250000000003 0.41025641025641024 0.98 -0.23 0.694 0.23106666666666667 0.7692307692307693 0.935 -0.96 -0.67
0.0 0.0 0.0 0.0 0.0 0.0 0.0 0.0 1.0 0.0 0.0 6.0 0.0 1.0 0.0 0.0 0.0 0.0 0.0 0.0 0.0 0.0 0.0 1.0 0.0 0.47904999999999986 0.7407407407407407 0.935 0.042 0.5914285714285715 0.25925925925925924 -0.0 0.84 0.232 0.8148148148148148 0.956 -0.96 -0.02 -0.163125 0.5925925925925926 0.876 -0.94 0.08 -0.21433333333333335 0.4444444444444444 0.856 -0.91 -0.91 0.23658333333333337 0.8888888888888888 0.935 -0.87 0.073
0.0 0.0 0.0 0.0 0.0 1.0 0.0 0.0 2.0 0.0 0.0 0.0 0.0 1.0 0.0 0.0 0.0 0.0 0.0 0.0 0.0 0.0 0.0 0.0 0.0 0.7005238095238097 0.7 0.968 0.821 0.6722222222222222 0.3 -0.0 0.86 0.2467272727272727 0.7333333333333333 0.956 -0.79 -0.79 -0.1447222222222222 0.6 0.992 -0.95 0.071 0.44499999999999995 0.3333333333333333 0.974 -0.1 0.974 0.2384137931034482 0.9666666666666667 0.969 -0.83 -0.83
0.0 0.0 0.0 0.0 0.0 1.0 1.0 0.0 0.0 0.0 0.0 0.0 0.0 1.0 0.0 0.0 0.0 0.0 0.0 0.0 0.0 0.0 1.0 0.0 0.0 0.409875 0.8 0.935 0.065 0.6749999999999999 0.2 -0.0 0.68 0.1269642857142857 0.9333333333333333 0.956 -0.98 0.044 0.1715 0.7333333333333333 0.882 -0.79 0.073 0.23983333333333334 0.4 0.895 -0.23 0.04 0.1427142857142857 0.7 0.935 -0.93 0.056
0.0 0.0 0.0 0.0 0.0 0.0 0.0 0.0 0.0 0.0 0.0 0.0 0.0 0.0 0.0 0.0 0.0 0.0 0.0 0.0 0.0 0.0 0.0 1.0 0.0 0.522909090909091 0.7857142857142857 0.939 0.258 0.65 0.21428571428571427 -0.0 0.87 0.1457 0.7142857142857143 0.899 -0.96 0.277 0.36116666666666664 0.8571428571428571 0.998 -0.85 0.161 0.16040000000000001 0.35714285714285715 0.944 -0.11 -0.09 0.1202727272727273 0.7857142857142857 0.896 -0.92 0.337
0.0 0.0 0.0 0.0 0.0 0.0 0.0 0.0 0.0 0.0 0.0 0.0 0.0 0.0 0.0 0.0 0.0 0.0 0.0 0.0 0.0 0.0 0.0 1.0 0.0 0.7893333333333333 0.6 0.833 0.821 0.6 0.4 -0.0 0.89 0.17550000000000002 0.8 0.92 -0.82 0.622 -0.16375000000000003 0.8 0.82 -0.88 0.82 0.831 0.4 0.99 0.0 0.99 0.15719999999999998 1.0 0.822 -0.87 0.822
0.0 0.0 0.0 0.0 0.0 2.0 0.0 0.0 0.0 0.0 0.0 0.0 0.0 0.0 0.0 0.0 0.0 0.0 0.0 0.0 0.0 0.0 0.0 1.0 0.0 0.402695652173913 0.7419354838709677 0.939 0.089 0.5387500000000001 0.25806451612903225 -0.0 0.81 0.19218518518518518 0.8709677419354839 0.964 -0.85 -0.73 0.10557142857142855 0.6774193548387096 0.979 -0.79 0.134 0.010133333333333334 0.4838709677419355 0.814 -0.95 0.814 0.26112 0.8064516129032258 0.935 -0.88 -0.88
0.0 0.0 0.0 0.0 0.0 0.0 1.0 0.0 0.0 0.0 0.0 0.0 0.0 1.0 0.0 0.0 0.0 0.0 0.0 0.0 0.0 1.0 0.0 0.0 0.0 0.371 0.7272727272727273 0.892 0.778 0.14666666666666667 0.2727272727272727 -0.0 0.32 0.08855555555555553 0.8181818181818182 0.705 -0.77 -0.77 0.2574285714285714 0.6363636363636364 0.892 -0.12 0.248 -0.162 0.45454545454545453 0.0 -0.45 -0.45 0.340625 0.7272727272727273 0.851 -0.07 0.851
0.0 0.0 0.0 0.0 0.0 0.0 0.0 0.0 0.0 0.0 0.0 0.0 0.0 0.0 0.0 0.0 0.0 0.0 0.0 0.0 0.0 0.0 0.0 0.0 0.0 0.355125 0.8 0.97 0.034 0.81 0.2 -0.0 0.84 0.064 0.9 0.949 -0.76 -0.1 0.002249999999999981 0.8 0.991 -0.79 0.171 -0.056000000000000015 0.5 0.82 -0.91 -0.1 0.3721428571428572 0.7 0.935 0.0 0.17
0.0 0.0 0.0 0.0 0.0 0.0 1.0 0.0 0.0 0.0 0.0 0.0 0.0 0.0 0.0 0.0 0.0 0.0 0.0 0.0 0.0 0.0 0.0 1.0 0.0 0.40149999999999997 0.8 0.964 0.964 0.7825 0.2 -0.0 0.75 0.21311764705882355 0.85 0.983 -0.94 0.983 0.2944166666666667 0.6 0.979 -0.79 0.069 0.07250000000000002 0.5 0.856 -0.77 -0.23 0.0908235294117647 0.85 0.945 -0.88 0.945
0.0 0.0 0.0 0.0 0.0 0.0 0.0 0.0 0.0 0.0 0.0 0.0 0.0 1.0 0.0 0.0 0.0 0.0 0.0 0.0 0.0 0.0 0.0 1.0 0.0 0.5228888888888888 0.7714285714285715 0.943 0.043 0.61625 0.22857142857142856 -0.0 0.89 0.18596428571428575 0.8 0.964 -0.96 0.702 0.1885769230769231 0.7428571428571429 0.979 -0.96 0.074 0.049933333333333337 0.42857142857142855 0.967 -0.96 0.051 0.10813636363636368 0.6285714285714286 0.935 -0.99 0.105
0.0 0.0 1.0 0.0 0.0 0.0 3.0 0.0 0.0 0.0 0.0 0.0 0.0 1.0 0.0 0.0 0.0 0.0 0.0 0.0 0.0 0.0 0.0 0.0 0.0 0.883 0.3333333333333333 0.883 0.883 0.905 0.6666666666666666 -0.0 0.91 -0.09499999999999997 0.6666666666666666 0.77 -0.96 -0.96 0.0 0.0 0.0 0.0 0.0 -0.955 0.6666666666666666 0.0 -0.96 -0.95 -0.218 1.0 0.996 -0.87 -0.87
0.0 0.0 0.0 0.0 0.0 0.0 1.0 0.0 2.0 0.0 0.0 2.0 0.0 0.0 0.0 0.0 0.0 0.0 0.0 0.0 0.0 0.0 0.0 1.0 0.0 0.6038571428571429 0.7368421052631579 0.935 0.932 0.71 0.2631578947368421 -0.0 0.88 0.2706363636363636 0.868421052631579 0.956 -0.95 0.895 0.11727272727272725 0.5789473684210527 0.998 -0.88 0.071 0.36824999999999997 0.42105263157894735 0.948 -0.11 0.948 0.2749032258064515 0.8157894736842105 0.969 -0.81 0.969
0.0 0.0 0.0 0.0 0.0 0.0 0.0 0.0 0.0 0.0 0.0 0.0 0.0 0.0 0.0 0.0 0.0 0.0 0.0 0.0 0.0 0.0 0.0 1.0 0.0 0.6903333333333334 1.0 0.939 0.053 0.0 0.0 -0.0 -0.0 0.642 1.0 0.956 -0.04 -0.04 -0.19400000000000003 0.8333333333333334 0.979 -0.79 0.141 -0.09 0.16666666666666666 0.0 -0.09 -0.09 0.7270000000000001 0.8333333333333334 0.935 0.0 0.21
0.0 0.0 0.0 0.0 2.0 1.0 0.0 0.0 0.0 0.0 0.0 1.0 0.0 2.0 0.0 0.0 0.0 0.0 0.0 0.0 0.0 0.0 0.0 0.0 0.0 0.5321764705882353 0.7391304347826086 0.943 0.124 0.4916666666666667 0.2608695652173913 -0.0 0.78 0.20052631578947372 0.8260869565217391 0.956 -0.87 -0.03 0.171625 0.6956521739130435 0.961 -0.88 0.323 0.03177777777777778 0.391304347826087 0.752 -0.6 -0.23 0.22835 0.8695652173913043 0.989 -0.81 0.437
0.0 0.0 0.0 0.0 0.0 0.0 0.0 0.0 0.0 0.0 0.0 1.0 0.0 0.0 0.0 0.0 0.0 0.0 0.0 0.0 0.0 0.0 0.0 1.0 0.0 0.7551111111111113 0.8181818181818182 0.939 0.939 0.92 0.18181818181818182 -0.0 0.91 0.549111111111111 0.8181818181818182 0.961 -0.93 0.899 0.3532857142857143 0.6363636363636364 0.99 -0.74 0.979 -0.65 0.2727272727272727 0.0 -0.93 -0.91 0.4608571428571429 0.6363636363636364 0.914 -0.94 0.914
0.0 0.0 0.0 0.0 1.0 0.0 1.0 0.0 0.0 0.0 0.0 0.0 0.0 3.0 0.0 0.0 0.0 0.0 0.0 0.0 0.0 1.0 0.0 0.0 0.0 0.5055272727272727 0.8333333333333334 0.943 0.024 0.7018181818181817 0.16666666666666666 -0.0 0.81 0.32106122448979596 0.7424242424242424 0.964 -0.95 0.047 0.08852272727272725 0.6666666666666666 0.979 -0.94 -0.01 0.21037037037037035 0.4090909090909091 0.958 -0.19 0.033 0.2533818181818182 0.8333333333333334 0.967 -0.85 0.071
0.0 0.0 0.0 0.0 1.0 0.0 1.0 0.0 0.0 0.0 0.0 0.0 0.0 0.0 0.0 0.0 0.0 0.0 0.0 0.0 0.0 1.0 0.0 0.0 0.0 0.785 0.5 0.853 0.853 0.7666666666666666 0.5 -0.0 0.83 0.004499999999999967 1.0 0.842 -0.89 -0.71 -0.20366666666666666 0.5 0.829 -0.79 0.829 0.7946666666666666 0.5 0.882 0.0 0.83 0.038500000000000055 1.0 0.935 -0.96 -0.96
0.0 0.0 0.0 0.0 0.0 0.0 1.0 0.0 0.0 0.0 0.0 0.0 0.0 0.0 0.0 0.0 0.0 0.0 0.0 0.0 0.0 1.0 0.0 0.0 0.0 0.5744347826086955 0.6571428571428571 0.94 0.778 0.49499999999999994 0.34285714285714286 -0.0 0.34 0.18093103448275866 0.8285714285714286 0.956 -0.99 -0.14 -0.05804999999999995 0.5714285714285714 0.979 -0.94 0.098 0.3862352941176471 0.4857142857142857 0.893 -0.15 0.662 0.12938709677419352 0.8857142857142857 0.946 -0.92 -0.65
0.0 0.0 0.0 0.0 0.0 1.0 0.0 0.0 0.0 0.0 0.0 3.0 0.0 0.0 0.0 0.0 0.0 0.0 0.0 0.0 0.0 0.0 1.0 0.0 0.0 0.5397450980392159 0.7846153846153846 0.939 0.091 0.6442857142857142 0.2153846153846154 -0.0 0.84 0.21200000000000002 0.8615384615384616 0.963 -0.99 0.03 0.024652173913043505 0.7076923076923077 0.979 -0.94 0.12 0.028333333333333315 0.4153846153846154 0.918 -0.91 -0.04 0.36972340425531913 0.7230769230769231 0.947 -0.99 0.26
0.0 0.0 0.0 0.0 0.0 0.0 0.0 0.0 1.0 0.0 0.0 2.0 0.0 2.0 0.0 0.0 0.0 0.0 0.0 0.0 0.0 0.0 0.0 1.0 0.0 0.46557575757575764 0.825 0.959 0.039 0.6028571428571429 0.175 -0.0 0.87 0.2383714285714285 0.875 0.995 -0.97 0.921 0.09678787878787878 0.825 0.902 -0.98 0.803 -0.02195238095238095 0.525 0.717 -0.78 0.074 0.23116129032258056 0.775 0.935 -0.99 0.069
0.0 0.0 0.0 0.0 0.0 0.0 0.0 0.0 0.0 0.0 0.0 0.0 0.0 1.0 0.0 0.0 0.0 0.0 0.0 0.0 0.0 0.0 0.0 1.0 0.0 0.7813000000000001 0.7142857142857143 0.952 0.952 0.34750000000000003 0.2857142857142857 -0.0 0.35 0.39575 0.8571428571428571 0.956 -0.78 0.95 -0.03666666666666669 0.6428571428571429 0.967 -0.94 0.953 0.3606 0.35714285714285715 0.694 -0.09 0.694 0.41016666666666673 0.8571428571428571 0.959 -0.67 -0.67
0.0 0.0 0.0 0.0 0.0 0.0 0.0 0.0 0.0 0.0 0.0 0.0 0.0 0.0 0.0 0.0 0.0 0.0 0.0 0.0 0.0 0.0 0.0 0.0 0.0 0.5848 0.7142857142857143 0.939 0.789 0.8 0.2857142857142857 -0.0 0.86 0.08666666666666667 0.8571428571428571 0.899 -0.99 0.633 0.1222 0.7142857142857143 0.979 -0.79 -0.79 -0.04533333333333331 0.42857142857142855 0.557 -0.73 0.037 0.3128 0.7142857142857143 0.935 -0.71 0.935
0.0 0.0 0.0 0.0 0.0 0.0 0.0 0.0 0.0 0.0 0.0 0.0 0.0 0.0 0.0 0.0 0.0 0.0 0.0 0.0 0.0 0.0 0.0 1.0 0.0 0.4515 0.6666666666666666 0.855 0.048 0.72 0.3333333333333333 -0.0 0.72 -0.495 0.6666666666666666 0.0 -0.92 -0.07 0.5765 0.6666666666666666 0.967 0.0 0.186 0.078 0.6666666666666666 0.256 -0.1 -0.1 -0.018666666666666665 1.0 0.743 -0.98 0.181
0.0 0.0 0.0 0.0 0.0 0.0 2.0 0.0 5.0 0.0 0.0 0.0 0.0 3.0 0.0 0.0 0.0 0.0 0.0 0.0 0.0 1.0 0.0 0.0 0.0 0.48385416666666675 0.8571428571428571 0.939 0.043 0.6175 0.14285714285714285 -0.0 0.04 0.2547608695652174 0.8214285714285714 0.979 -0.9 -0.06 0.16078571428571425 0.75 0.99 -0.95 0.083 -0.03088461538461538 0.4642857142857143 0.958 -0.72 -0.04 0.35258490566037726 0.9464285714285714 0.935 -0.99 0.2
0.0 0.0 0.0 0.0 0.0 0.0 0.0 0.0 0.0 0.0 0.0 0.0 0.0 1.0 0.0 0.0 0.0 0.0 0.0 0.0 0.0 0.0 0.0 1.0 0.0 0.4381333333333334 0.6976744186046512 0.939 0.812 0.6953846153846153 0.3023255813953488 -0.0 0.65 0.09217499999999998 0.9302325581395349 0.956 -0.93 -0.55 0.05688000000000001 0.5813953488372093 0.979 -0.98 0.796 0.18777272727272729 0.5116279069767442 0.912 -0.93 0.912 0.02873684210526316 0.8837209302325582 0.996 -0.96 -0.5
0.0 0.0 0.0 0.0 0.0 0.0 1.0 0.0 1.0 0.0 0.0 0.0 0.0 2.0 0.0 0.0 0.0 0.0 0.0 0.0 0.0 0.0 0.0 1.0 0.0 0.4731428571428572 0.7777777777777778 0.943 0.73 0.5880000000000001 0.2222222222222222 -0.0 0.81 0.0992162162162162 0.8222222222222222 0.956 -0.97 -0.97 0.10396428571428572 0.6222222222222222 0.979 -0.79 0.73 0.01508695652173913 0.5111111111111111 0.672 -0.96 0.502 0.29500000000000004 0.8222222222222222 0.96 -0.97 -0.97
0.0 0.0 0.0 0.0 0.0 0.0 0.0 0.0 1.0 0.0 0.0 0.0 0.0 0.0 0.0 0.0 0.0 0.0 0.0 0.0 0.0 0.0 0.0 1.0 0.0 0.759 0.6363636363636364 0.935 0.846 0.6425 0.36363636363636365 -0.0 0.71 0.12177777777777776 0.8181818181818182 0.957 -0.85 -0.7 -0.09857142857142856 0.6363636363636364 0.894 -0.94 -0.94 0.32549999999999996 0.36363636363636365 0.83 -0.72 -0.72 0.29800000000000004 0.9090909090909091 0.935 -0.96 0.744
0.0 0.0 0.0 0.0 0.0 0.0 0.0 0.0 0.0 0.0 0.0 1.0 0.0 0.0 0.0 0.0 0.0 0.0 0.0 0.0 0.0 0.0 0.0 1.0 0.0 0.4393333333333333 0.9 0.939 0.028 0.83 0.1 -0.0 0.83 0.4152857142857143 0.7 0.899 -0.71 0.036 0.23162499999999997 0.8 0.979 -0.86 -0.04 0.14175000000000001 0.4 0.83 -0.23 0.027 0.21214285714285713 0.7 0.851 -0.96 0.063
0.0 0.0 0.0 0.0 0.0 0.0 1.0 0.0 0.0 0.0 0.0 0.0 0.0 0.0 0.0 0.0 0.0 0.0 0.0 0.0 0.0 1.0 0.0 0.0 0.0 0.496 0.5 0.9 0.092 0.1 0.5 -0.0 0.16 0.1275 1.0 0.754 -0.25 0.036 0.25949999999999995 1.0 0.981 -0.04 0.127 -0.01733333333333333 0.75 0.079 -0.15 0.019 0.20525 1.0 0.966 -0.28 0.225
0.0 0.0 0.0 0.0 0.0 0.0 0.0 0.0 1.0 0.0 0.0 3.0 0.0 0.0 0.0 0.0 0.0 0.0 0.0 0.0 0.0 0.0 0.0 1.0 0.0 0.5726666666666667 0.8571428571428571 0.935 0.893 0.5714285714285714 0.14285714285714285 -0.0 0.9 0.39742857142857124 0.8571428571428571 0.956 -0.99 0.853 0.1354827586206897 0.5918367346938775 0.949 -0.97 -0.97 -0.009909090909090907 0.22448979591836735 0.651 -0.96 -0.96 0.384421052631579 0.7755102040816326 0.935 -0.78 0.855
0.0 0.0 0.0 0.0 0.0 1.0 1.0 0.0 1.0 0.0 0.0 2.0 0.0 0.0 0.0 0.0 0.0 0.0 0.0 0.0 0.0 1.0 0.0 0.0 0.0 0.4484642857142857 0.7368421052631579 0.939 0.939 0.8019999999999999 0.2631578947368421 -0.0 0.85 0.11400000000000002 0.7631578947368421 0.956 -0.96 -0.6 0.154 0.5 0.979 -0.95 0.979 0.26293333333333335 0.39473684210526316 0.99 -0.72 0.837 0.08362857142857141 0.9210526315789473 0.935 -0.99 -0.87
0.0 0.0 0.0 0.0 0.0 1.0 0.0 0.0 0.0 0.0 0.0 3.0 0.0 0.0 0.0 0.0 0.0 0.0 0.0 0.0 0.0 0.0 1.0 0.0 0.0 0.5646071428571429 0.8484848484848485 0.97 0.055 0.49800000000000005 0.15151515151515152 -0.0 0.78 0.41175 0.7272727272727273 0.982 -0.75 0.026 0.07524999999999998 0.7272727272727273 0.991 -0.94 0.165 6.66666666666658E-4 0.36363636363636365 0.82 -0.8 0.748 0.4230384615384615 0.7878787878787878 0.945 -0.94 0.084
0.0 0.0 0.0 0.0 0.0 0.0 0.0 0.0 1.0 0.0 0.0 0.0 0.0 0.0 0.0 0.0 0.0 0.0 0.0 0.0 0.0 0.0 0.0 1.0 0.0 0.6049545454545456 0.7857142857142857 0.939 0.144 0.8449999999999999 0.21428571428571427 -0.0 0.85 0.28786956521739127 0.8214285714285714 0.956 -0.99 -0.97 0.05681249999999999 0.5714285714285714 0.979 -0.92 0.256 -0.16 0.4642857142857143 0.856 -0.78 -0.73 0.39342857142857135 0.75 0.989 -0.99 0.228
0.0 0.0 0.0 0.0 0.0 0.0 0.0 0.0 0.0 0.0 0.0 0.0 0.0 0.0 0.0 0.0 0.0 0.0 0.0 0.0 0.0 0.0 0.0 0.0 0.0 0.659 0.875 0.939 0.784 0.845 0.125 -0.0 0.93 0.36276923076923073 0.8125 0.981 -0.93 0.956 0.19799999999999998 0.6875 0.979 -0.85 0.809 -0.2775 0.25 0.0 -0.93 -0.07 0.4758666666666666 0.9375 0.935 -0.94 0.76
0.0 0.0 0.0 0.0 0.0 0.0 1.0 0.0 0.0 0.0 0.0 0.0 0.0 0.0 0.0 0.0 0.0 0.0 0.0 0.0 0.0 1.0 0.0 0.0 0.0 0.6645555555555556 0.6 0.935 0.836 0.45999999999999996 0.4 -0.0 0.7 0.3220000000000001 0.8666666666666667 0.956 -0.75 -0.75 -0.04666666666666667 0.6 0.929 -0.88 -0.01 0.33533333333333326 0.4 0.82 -0.12 0.614 0.15608333333333332 0.8 0.914 -0.82 -0.74
0.0 0.0 0.0 0.0 0.0 0.0 0.0 0.0 0.0 0.0 0.0 0.0 0.0 0.0 0.0 0.0 0.0 0.0 0.0 0.0 0.0 0.0 0.0 0.0 0.0 0.5352666666666667 0.75 0.935 0.846 0.618 0.25 -0.0 0.62 0.1452941176470588 0.85 0.956 -0.96 0.633 -0.17123076923076924 0.65 0.967 -0.94 -0.94 0.32085714285714284 0.35 0.811 -0.04 0.811 0.2568888888888889 0.9 0.935 -0.81 0.744
0.0 0.0 1.0 0.0 0.0 1.0 3.0 0.0 1.0 0.0 0.0 0.0 0.0 0.0 0.0 0.0 0.0 0.0 0.0 0.0 0.0 0.0 0.0 0.0 0.0 0.6055714285714286 0.6666666666666666 0.939 0.036 0.6971428571428572 0.3333333333333333 -0.0 0.04 0.22841176470588237 0.8095238095238095 0.988 -0.9 -0.04 0.04585714285714287 0.6666666666666666 0.979 -0.95 0.109 0.16977777777777778 0.42857142857142855 0.943 -0.91 0.943 0.09941176470588238 0.8095238095238095 0.916 -0.98 -0.08
0.0 0.0 0.0 0.0 0.0 0.0 1.0 0.0 0.0 0.0 0.0 0.0 0.0 0.0 0.0 0.0 0.0 0.0 0.0 0.0 0.0 0.0 0.0 1.0 0.0 0.2965217391304348 0.7931034482758621 0.935 0.063 0.505 0.20689655172413793 -0.0 0.31 0.16469230769230764 0.896551724137931 0.956 -0.78 0.076 0.09400000000000001 0.5862068965517241 0.982 -0.94 0.096 -0.07790000000000004 0.6896551724137931 0.865 -0.86 -0.08 0.20946153846153845 0.896551724137931 0.935 -0.95 0.167
0.0 0.0 0.0 0.0 0.0 1.0 0.0 0.0 0.0 0.0 0.0 0.0 0.0 0.0 0.0 0.0 0.0 0.0 0.0 0.0 0.0 0.0 0.0 1.0 0.0 0.4803 0.8571428571428571 0.935 0.12 0.668 0.14285714285714285 -0.0 0.81 0.234258064516129 0.8857142857142857 0.956 -0.99 0.037 -0.17085 0.5714285714285714 0.728 -0.94 0.177 0.08249999999999998 0.34285714285714286 0.856 -0.73 -0.06 0.44483333333333325 0.8571428571428571 0.935 -0.85 0.147
0.0 0.0 0.0 0.0 3.0 1.0 0.0 0.0 2.0 0.0 0.0 0.0 0.0 2.0 0.0 0.0 0.0 0.0 0.0 0.0 0.0 0.0 0.0 1.0 0.0 0.6793939393939393 0.7333333333333333 0.947 0.789 0.7283333333333332 0.26666666666666666 -0.0 0.93 0.29714705882352943 0.7555555555555555 1.0 -0.96 -0.96 -0.05653846153846153 0.5777777777777777 0.979 -0.94 0.858 0.2311875 0.35555555555555557 0.948 -1.0 0.88 0.20363888888888887 0.8 0.978 -1.0 -0.94
0.0 0.0 0.0 0.0 0.0 2.0 0.0 0.0 1.0 0.0 0.0 1.0 0.0 0.0 0.0 0.0 0.0 0.0 0.0 0.0 0.0 0.0 0.0 1.0 0.0 0.4959142857142857 0.9210526315789473 0.943 0.631 0.5733333333333334 0.07894736842105263 -0.0 0.28 0.3274848484848485 0.868421052631579 0.995 -0.78 0.757 -0.12122580645161289 0.8157894736842105 0.943 -0.94 -0.63 0.07213333333333331 0.39473684210526316 0.82 -0.17 -0.15 0.46671428571428586 0.9210526315789473 0.935 -0.63 0.501
0.0 0.0 0.0 0.0 0.0 0.0 0.0 0.0 0.0 0.0 0.0 0.0 0.0 0.0 0.0 0.0 0.0 0.0 0.0 0.0 0.0 0.0 0.0 1.0 0.0 0.574 0.6 0.839 0.16 0.86 0.4 -0.0 0.86 -0.07179999999999995 1.0 0.797 -0.99 -0.96 -0.268 0.4 0.344 -0.88 0.344 -0.015666666666666645 0.6 0.893 -0.73 0.893 0.28750000000000003 0.8 0.88 -0.73 -0.73
0.0 0.0 0.0 0.0 0.0 0.0 0.0 0.0 0.0 0.0 0.0 0.0 0.0 2.0 0.0 0.0 0.0 0.0 0.0 0.0 0.0 0.0 0.0 1.0 0.0 0.4507142857142858 0.6774193548387096 0.935 0.752 0.7149999999999999 0.3225806451612903 -0.0 0.77 0.16643999999999998 0.8064516129032258 0.956 -0.84 0.776 0.012176470588235285 0.5483870967741935 0.929 -0.94 0.107 -0.03214285714285715 0.45161290322580644 0.717 -0.91 0.717 0.06451724137931036 0.9354838709677419 0.935 -0.97 0.729
0.0 0.0 0.0 0.0 2.0 0.0 0.0 0.0 0.0 0.0 0.0 0.0 0.0 0.0 0.0 0.0 0.0 0.0 0.0 0.0 0.0 0.0 0.0 0.0 1.0 0.886 0.5 0.945 0.935 0.57 0.5 -0.0 0.03 0.257 0.8333333333333334 0.956 -0.71 0.956 0.45299999999999996 0.3333333333333333 0.946 -0.04 -0.04 0.6413333333333333 0.5 0.981 0.0 0.113 -0.04299999999999999 0.8333333333333334 0.914 -0.98 -0.04
0.0 0.0 1.0 0.0 0.0 0.0 5.0 0.0 0.0 0.0 0.0 3.0 0.0 2.0 0.0 0.0 0.0 0.0 0.0 0.0 0.0 1.0 0.0 0.0 0.0 0.4031587301587302 0.8076923076923077 0.951 0.043 0.7459999999999999 0.19230769230769232 -0.0 0.93 0.16455384615384627 0.8333333333333334 0.982 -0.99 -0.96 0.1192 0.7692307692307693 0.911 -0.94 0.095 0.16871428571428573 0.5384615384615384 0.948 -0.36 0.88 0.13153125 0.8205128205128205 0.99 -0.98 -0.94
0.0 0.0 0.0 0.0 0.0 1.0 0.0 0.0 0.0 0.0 0.0 0.0 0.0 1.0 0.0 0.0 0.0 0.0 0.0 0.0 0.0 0.0 1.0 0.0 0.0 0.0 0.0 0.0 0.0 0.88 1.0 -0.0 0.92 -0.78 0.5 0.0 -0.78 -0.78 0.0 0.0 0.0 0.0 0.0 -0.94 1.0 0.0 -0.97 -0.97 -0.86 0.5 0.0 -0.86 -0.86
0.0 0.0 0.0 0.0 0.0 0.0 0.0 0.0 0.0 0.0 0.0 0.0 0.0 0.0 0.0 0.0 0.0 0.0 0.0 0.0 0.0 0.0 0.0 1.0 0.0 0.47700000000000004 0.8 0.926 0.887 0.835 0.2 -0.0 0.86 -0.07557142857142855 0.7 0.961 -0.98 0.032 0.46599999999999997 0.8 0.916 -0.06 0.885 0.25733333333333336 0.3 0.674 0.0 0.049 0.2671111111111111 0.9 0.901 -0.93 0.889
