0.0 0.0 0.0 0.0 0.0 0.0 0.0 0.0 0.0 0.0 0.0 0.0 0.0 0.0 0.0 0.0 0.0 0.0 0.0 0.0 0.0 0.0 0.0 1.0 0.0 0.4976666666666667 0.75 0.935 0.907 0.595 0.25 -0.0 0.89 0.14300000000000002 0.875 0.956 -0.95 0.949 0.44880000000000003 0.625 0.866 0.0 0.866 0.0665 0.25 0.733 -0.6 0.733 0.06400000000000002 0.75 0.914 -0.98 0.11
0.0 0.0 0.0 0.0 0.0 0.0 0.0 0.0 0.0 0.0 0.0 0.0 0.0 0.0 0.0 0.0 0.0 0.0 0.0 0.0 0.0 0.0 0.0 1.0 0.0 0.45944444444444443 0.8181818181818182 0.935 0.854 0.85 0.18181818181818182 -0.0 0.88 0.15628571428571428 0.6363636363636364 0.956 -0.98 -0.98 0.0051428571428571 0.6363636363636364 0.893 -0.81 -0.81 0.19633333333333333 0.2727272727272727 0.869 -0.21 0.869 0.21059999999999998 0.9090909090909091 0.947 -0.82 -0.8
0.0 0.0 0.0 0.0 1.0 0.0 0.0 0.0 0.0 0.0 0.0 0.0 0.0 0.0 0.0 0.0 0.0 0.0 0.0 0.0 0.0 0.0 0.0 0.0 1.0 0.5277272727272727 0.7333333333333333 0.935 0.9 0.2875 0.26666666666666666 -0.0 0.76 0.25016666666666665 0.8 0.956 -0.87 -0.74 0.2426 0.6666666666666666 0.892 -0.92 0.851 -0.34775 0.26666666666666666 0.049 -0.79 -0.79 0.42200000000000004 0.6666666666666666 0.914 0.0 0.346
0.0 0.0 0.0 0.0 0.0 0.0 0.0 0.0 0.0 1.0 0.0 0.0 0.0 0.0 0.0 0.0 0.0 0.0 0.0 1.0 0.0 0.0 0.0 0.0 0.0 0.5108333333333334 0.6666666666666666 0.935 0.134 0.59 0.3333333333333333 -0.0 0.89 0.06962499999999998 0.8888888888888888 0.956 -0.87 0.956 0.31899999999999995 0.5555555555555556 0.829 0.0 0.142 0.1622 0.5555555555555556 0.99 -0.6 0.99 0.21144444444444443 1.0 0.914 -0.87 0.125
0.0 0.0 0.0 0.0 0.0 0.0 0.0 0.0 0.0 0.0 0.0 0.0 0.0 0.0 0.0 0.0 0.0 0.0 0.0 0.0 0.0 0.0 0.0 1.0 0.0 0.0 0.0 0.0 0.0 0.595 1.0 -0.0 0.89 -0.9099999999999999 1.0 0.0 -0.95 -0.95 0.203 0.5 0.203 0.0 0.203 0.0665 1.0 0.733 -0.6 0.733 -0.45999999999999996 1.0 0.06 -0.98 -0.98
0.0 0.0 0.0 0.0 0.0 0.0 0.0 0.0 0.0 0.0 0.0 0.0 0.0 1.0 0.0 0.0 0.0 0.0 0.0 0.0 0.0 0.0 0.0 1.0 0.0 0.0 0.0 0.0 0.0 0.48750000000000004 1.0 -0.0 0.81 -0.6975 1.0 0.0 -0.95 -0.95 0.07650000000000001 0.5 0.203 -0.05 -0.05 0.23099999999999998 1.0 0.721 -0.6 0.721 -0.3775 1.0 0.06 -0.75 -0.75
0.0 0.0 0.0 0.0 0.0 0.0 0.0 0.0 0.0 0.0 0.0 3.0 0.0 1.0 0.0 0.0 0.0 0.0 0.0 0.0 0.0 0.0 0.0 0.0 0.0 0.35433333333333333 0.6666666666666666 0.935 0.08 0.6266666666666666 0.3333333333333333 -0.0 0.89 0.02683333333333333 0.6666666666666666 0.956 -0.95 -0.03 0.06484615384615386 0.7222222222222222 0.858 -0.79 0.201 0.10522222222222222 0.5 0.99 -0.6 -0.04 0.053235294117647075 0.9444444444444444 0.935 -0.98 0.201
0.0 0.0 0.0 0.0 0.0 0.0 0.0 0.0 0.0 0.0 0.0 0.0 0.0 0.0 0.0 0.0 0.0 0.0 0.0 0.0 0.0 0.0 0.0 0.0 0.0 0.943 0.5 0.943 0.943 0.3 0.5 -0.0 0.3 -0.87 0.5 0.0 -0.87 -0.87 0.573 1.0 0.943 0.0 0.943 -0.6 0.5 0.0 -0.6 -0.6 0.06 0.5 0.06 0.0 0.06
0.0 0.0 0.0 0.0 0.0 0.0 0.0 0.0 0.0 0.0 0.0 0.0 0.0 0.0 0.0 0.0 0.0 0.0 0.0 0.0 0.0 0.0 0.0 0.0 0.0 0.0 0.0 0.0 0.0 0.3 1.0 -0.0 0.3 -0.87 1.0 0.0 -0.87 -0.87 0.203 1.0 0.203 0.0 0.203 -0.6 1.0 0.0 -0.6 -0.6 0.06 1.0 0.06 0.0 0.06
0.0 0.0 0.0 0.0 0.0 0.0 1.0 0.0 0.0 0.0 0.0 2.0 0.0 0.0 0.0 0.0 0.0 0.0 0.0 0.0 0.0 0.0 0.0 1.0 0.0 0.5243333333333334 0.6666666666666666 0.935 0.089 0.715 0.3333333333333333 -0.0 0.97 0.09849999999999998 0.8888888888888888 0.956 -0.99 0.138 0.21119999999999997 0.5555555555555556 0.904 -0.72 0.134 0.264 0.5 0.964 -0.1 -0.06 0.07025000000000002 0.8888888888888888 0.914 -0.96 0.151
0.0 0.0 0.0 0.0 0.0 0.0 0.0 0.0 0.0 0.0 0.0 2.0 0.0 0.0 0.0 0.0 0.0 0.0 0.0 0.0 0.0 0.0 0.0 1.0 0.0 0.935 0.2 0.935 0.935 0.87 0.8 -0.0 0.81 -0.371 0.8 0.956 -0.95 -0.95 0.0 0.0 0.0 0.0 0.0 0.8833333333333333 0.6 0.981 0.0 0.721 -0.5252 1.0 0.914 -1.0 -0.75
0.0 0.0 0.0 0.0 0.0 0.0 0.0 0.0 0.0 0.0 0.0 0.0 0.0 0.0 0.0 0.0 0.0 0.0 0.0 0.0 0.0 0.0 0.0 1.0 0.0 0.0 0.0 0.0 0.0 0.3 1.0 -0.0 0.3 -0.87 1.0 0.0 -0.87 -0.87 0.203 1.0 0.203 0.0 0.203 -0.6 1.0 0.0 -0.6 -0.6 0.06 1.0 0.06 0.0 0.06
0.0 0.0 0.0 0.0 1.0 0.0 0.0 0.0 0.0 0.0 0.0 0.0 0.0 0.0 0.0 0.0 0.0 0.0 0.0 0.0 0.0 0.0 0.0 0.0 1.0 0.38766666666666666 0.75 0.935 0.02 0.3 0.25 -0.0 0.3 0.10275000000000001 1.0 0.956 -0.87 0.03 0.144 0.75 0.239 -0.01 -0.01 -0.17599999999999996 0.75 0.049 -0.6 0.023 0.34325 1.0 0.914 0.0 0.053
0.0 0.0 0.0 0.0 0.0 0.0 0.0 0.0 0.0 0.0 0.0 0.0 0.0 0.0 0.0 0.0 0.0 0.0 0.0 0.0 0.0 0.0 0.0 1.0 0.0 0.504 0.6 0.935 0.157 0.645 0.4 -0.0 0.58 -0.16624999999999998 0.8 0.956 -0.95 -0.58 -0.06399999999999997 0.5 0.203 -0.94 0.191 0.259 0.5 0.733 -0.6 0.561 0.08330000000000003 1.0 0.914 -0.98 -0.62
0.0 0.0 0.0 0.0 0.0 6.0 0.0 0.0 0.0 0.0 0.0 0.0 0.0 0.0 0.0 0.0 0.0 0.0 0.0 0.0 0.0 0.0 0.0 1.0 0.0 0.6231290322580645 0.8857142857142857 0.964 0.08 0.46749999999999997 0.11428571428571428 -0.0 0.05 0.3958392857142856 0.8 0.971 -0.99 -0.03 0.12162264150943394 0.7571428571428571 0.979 -0.94 0.207 -0.1846 0.2857142857142857 0.278 -0.81 -0.09 0.5013584905660378 0.7571428571428571 0.935 -0.99 0.235
0.0 0.0 0.0 0.0 0.0 1.0 0.0 0.0 0.0 0.0 0.0 0.0 0.0 0.0 0.0 0.0 0.0 0.0 0.0 0.0 0.0 0.0 0.0 1.0 0.0 0.29700000000000004 0.5882352941176471 0.832 0.777 0.5714285714285714 0.4117647058823529 -0.0 0.07 -0.09271428571428571 0.8235294117647058 0.773 -0.96 0.74 0.22670000000000004 0.5882352941176471 0.89 -0.65 0.815 -0.1024 0.5882352941176471 0.616 -0.81 0.071 -0.11592857142857141 0.8235294117647058 0.788 -0.85 0.117
0.0 0.0 0.0 0.0 0.0 1.0 0.0 0.0 0.0 0.0 0.0 4.0 0.0 1.0 0.0 0.0 0.0 0.0 0.0 0.0 0.0 0.0 0.0 0.0 0.0 0.5723173076923078 0.7591240875912408 0.986 0.771 0.5709090909090911 0.24087591240875914 -0.0 0.1 0.3001428571428572 0.8175182481751825 0.986 -0.9 0.703 0.03712359550561797 0.6496350364963503 0.991 -0.88 0.84 0.19178723404255324 0.34306569343065696 0.99 -0.71 0.028 0.3078648648648649 0.8102189781021898 0.974 -1.0 0.797
0.0 0.0 0.0 0.0 0.0 0.0 0.0 0.0 2.0 0.0 0.0 13.0 0.0 4.0 0.0 0.0 0.0 0.0 0.0 0.0 0.0 0.0 0.0 1.0 0.0 0.5390990099009901 0.8782608695652174 0.973 0.681 0.625 0.12173913043478261 -0.0 0.76 0.41677380952380955 0.7304347826086957 0.991 -0.99 0.693 0.10053086419753085 0.7043478260869566 0.992 -0.95 -0.52 -0.06717142857142858 0.30434782608695654 0.958 -0.92 0.027 0.4242680412371133 0.8434782608695652 0.97 -0.96 0.82
0.0 0.0 0.0 0.0 0.0 0.0 0.0 0.0 0.0 0.0 0.0 0.0 0.0 0.0 0.0 0.0 0.0 0.0 0.0 0.0 0.0 0.0 0.0 1.0 0.0 0.208 0.3333333333333333 0.208 0.208 0.585 0.6666666666666666 -0.0 0.87 -0.4583333333333333 1.0 0.295 -0.87 -0.8 0.221 0.6666666666666666 0.239 0.0 0.239 -0.27549999999999997 0.6666666666666666 0.049 -0.6 0.049 -0.17800000000000002 1.0 0.346 -0.94 -0.94
0.0 1.0 0.0 0.0 0.0 0.0 1.0 0.0 0.0 0.0 1.0 0.0 0.0 0.0 0.0 0.0 0.0 0.0 0.0 0.0 0.0 1.0 0.0 0.0 0.0 0.746 0.3333333333333333 0.746 0.746 0.615 0.6666666666666666 -0.0 0.3 -0.07350000000000001 0.6666666666666666 0.723 -0.87 0.723 0.203 0.3333333333333333 0.203 0.0 0.203 0.1745 0.6666666666666666 0.949 -0.6 -0.6 -0.03033333333333336 1.0 0.769 -0.92 0.769
0.0 0.0 0.0 0.0 0.0 0.0 0.0 0.0 0.0 0.0 0.0 0.0 0.0 0.0 0.0 0.0 0.0 0.0 0.0 0.0 0.0 0.0 0.0 0.0 0.0 0.4033333333333333 0.5 0.935 0.935 0.63 0.5 -0.0 0.83 -0.06120000000000001 0.8333333333333334 0.956 -0.87 -0.72 0.19999999999999998 0.5 0.239 0.0 0.239 0.17140000000000002 0.8333333333333334 0.752 -0.6 0.716 -0.04750000000000002 1.0 0.914 -0.94 -0.94
0.0 0.0 0.0 0.0 0.0 0.0 1.0 0.0 0.0 0.0 0.0 0.0 0.0 0.0 0.0 0.0 0.0 0.0 0.0 0.0 0.0 1.0 0.0 0.0 0.0 0.4142 0.625 0.935 0.746 0.17999999999999997 0.375 -0.0 0.09 0.10528571428571429 0.875 0.956 -0.87 0.723 0.2024 0.625 0.239 0.0 0.196 -0.22619999999999996 0.625 0.049 -0.6 -0.13 0.293 1.0 0.914 -0.06 0.769
0.0 0.0 0.0 0.0 0.0 0.0 0.0 0.0 0.0 0.0 0.0 2.0 0.0 0.0 0.0 0.0 0.0 0.0 0.0 0.0 0.0 0.0 0.0 0.0 0.0 0.60744 0.6578947368421053 0.939 0.783 0.6015384615384615 0.34210526315789475 -0.0 0.3 0.2335925925925926 0.7105263157894737 0.956 -0.87 0.702 0.11848000000000003 0.6578947368421053 0.979 -0.94 0.865 0.1361904761904762 0.5526315789473685 0.93 -0.74 -0.6 0.13994117647058826 0.8947368421052632 0.935 -0.94 0.93
0.0 0.0 0.0 0.0 0.0 0.0 0.0 0.0 0.0 0.0 0.0 0.0 0.0 0.0 0.0 0.0 0.0 0.0 0.0 0.0 0.0 0.0 0.0 0.0 0.0 0.5796666666666667 0.5 0.859 0.859 0.6033333333333334 0.5 -0.0 0.7 -0.19519999999999996 0.8333333333333334 0.901 -0.95 -0.69 0.07666666666666666 0.5 0.817 -0.79 0.817 0.287 0.5 0.74 -0.6 0.74 -0.0648 0.8333333333333334 0.935 -0.75 -0.66
0.0 0.0 0.0 0.0 1.0 0.0 0.0 0.0 0.0 0.0 0.0 0.0 0.0 1.0 0.0 0.0 0.0 0.0 0.0 0.0 0.0 0.0 0.0 1.0 0.0 0.587 0.8888888888888888 0.935 0.935 0.15 0.1111111111111111 -0.0 0.15 0.47457142857142853 0.7777777777777778 0.956 -0.37 -0.37 -0.006428571428571427 0.7777777777777778 0.851 -0.94 0.184 -0.11366666666666668 0.3333333333333333 0.049 -0.34 -0.34 0.5537777777777778 1.0 0.986 -0.06 -0.06
0.0 0.0 0.0 0.0 0.0 0.0 0.0 0.0 0.0 0.0 0.0 0.0 0.0 2.0 0.0 0.0 0.0 0.0 0.0 0.0 0.0 0.0 0.0 0.0 0.0 0.5192272727272728 0.8461538461538461 0.939 0.091 0.8150000000000001 0.15384615384615385 -0.0 0.83 0.3867142857142857 0.8076923076923077 0.956 -0.95 0.154 0.20789473684210524 0.7307692307692307 0.979 -0.79 0.086 -0.10300000000000002 0.4230769230769231 0.721 -0.8 0.03 0.24661111111111117 0.6923076923076923 0.935 -0.96 0.153
0.0 0.0 0.0 0.0 0.0 0.0 0.0 0.0 0.0 0.0 0.0 0.0 0.0 0.0 0.0 0.0 0.0 0.0 0.0 0.0 0.0 0.0 0.0 1.0 0.0 0.0 0.0 0.0 0.0 0.3 1.0 -0.0 0.3 -0.87 1.0 0.0 -0.87 -0.87 0.203 1.0 0.203 0.0 0.203 -0.6 1.0 0.0 -0.6 -0.6 0.06 1.0 0.06 0.0 0.06
0.0 0.0 0.0 0.0 0.0 0.0 0.0 0.0 1.0 0.0 0.0 2.0 0.0 0.0 0.0 0.0 0.0 0.0 0.0 0.0 0.0 0.0 0.0 1.0 0.0 0.5733428571428569 0.7608695652173914 0.935 0.784 0.5790909090909091 0.2391304347826087 -0.0 0.87 0.37191176470588233 0.7391304347826086 0.971 -0.97 0.889 0.19448387096774186 0.6739130434782609 0.985 -0.94 -0.9 0.13888235294117646 0.3695652173913043 0.87 -1.0 0.87 0.257081081081081 0.8043478260869565 0.935 -0.91 0.559
0.0 0.0 0.0 0.0 0.0 0.0 0.0 0.0 1.0 0.0 0.0 0.0 0.0 1.0 0.0 0.0 0.0 0.0 0.0 0.0 0.0 0.0 0.0 1.0 0.0 0.6839000000000001 0.7692307692307693 0.935 0.766 0.8366666666666666 0.23076923076923078 -0.0 0.7 0.4314545454545455 0.8461538461538461 0.956 -0.98 0.719 -0.22266666666666662 0.6923076923076923 0.812 -0.91 0.812 0.31049999999999994 0.3076923076923077 0.948 -0.21 -0.11 0.23720000000000008 0.7692307692307693 0.935 -0.89 0.345
0.0 0.0 0.0 0.0 0.0 0.0 0.0 0.0 0.0 0.0 0.0 0.0 0.0 1.0 0.0 0.0 0.0 0.0 0.0 0.0 0.0 0.0 0.0 1.0 0.0 0.4503333333333333 0.75 0.935 0.033 0.43999999999999995 0.25 -0.0 0.58 0.006714285714285708 0.875 0.956 -0.87 -0.09 0.10983333333333335 0.75 0.858 -0.94 0.205 -0.07979999999999998 0.625 0.561 -0.6 -0.16 0.23585714285714285 0.875 0.914 -0.62 0.183
0.0 0.0 0.0 0.0 1.0 0.0 0.0 0.0 0.0 0.0 0.0 0.0 0.0 0.0 0.0 0.0 0.0 0.0 0.0 0.0 0.0 0.0 0.0 0.0 1.0 0.0 0.0 0.0 0.0 0.77 1.0 -0.0 0.77 -0.8 1.0 0.0 -0.8 -0.8 0.0 0.0 0.0 0.0 0.0 0.745 1.0 0.745 0.0 0.745 0.0 0.0 0.0 0.0 0.0
0.0 0.0 0.0 0.0 0.0 1.0 0.0 0.0 0.0 0.0 0.0 0.0 0.0 2.0 0.0 0.0 0.0 0.0 0.0 0.0 0.0 0.0 1.0 0.0 0.0 0.42823076923076925 0.8387096774193549 0.939 0.102 0.26 0.16129032258064516 -0.0 0.65 0.23442307692307687 0.8387096774193549 0.986 -0.87 0.034 0.0951739130434783 0.7419354838709677 0.979 -0.94 0.139 -0.05308333333333332 0.3870967741935484 0.609 -0.6 0.005 0.3819615384615385 0.8387096774193549 0.944 -0.5 0.24
0.0 0.0 0.0 0.0 1.0 0.0 0.0 0.0 0.0 0.0 0.0 0.0 0.0 0.0 0.0 0.0 0.0 0.0 0.0 0.0 0.0 0.0 0.0 0.0 1.0 0.857 0.5 0.857 0.857 0.89 0.5 -0.0 0.89 -0.0625 1.0 0.825 -0.95 -0.95 0.888 0.5 0.888 0.0 0.888 0.733 0.5 0.733 0.0 0.733 -0.98 0.5 0.0 -0.98 -0.98
0.0 0.0 0.0 0.0 0.0 0.0 0.0 0.0 0.0 0.0 0.0 0.0 0.0 1.0 0.0 0.0 0.0 0.0 0.0 0.0 0.0 0.0 0.0 1.0 0.0 0.32266666666666666 0.5 0.829 0.091 0.6866666666666666 0.5 -0.0 0.81 -0.26999999999999996 1.0 0.928 -0.95 -0.95 -0.18600000000000003 0.5 0.203 -0.87 0.203 -0.13240000000000002 0.8333333333333334 0.721 -0.95 0.721 0.05779999999999998 0.8333333333333334 0.679 -0.75 -0.75
0.0 0.0 0.0 0.0 0.0 0.0 0.0 0.0 0.0 1.0 0.0 0.0 0.0 0.0 0.0 0.0 0.0 0.0 0.0 0.0 0.0 0.0 0.0 1.0 0.0 0.0 0.0 0.0 0.0 0.3 1.0 -0.0 0.3 -0.87 1.0 0.0 -0.87 -0.87 0.203 1.0 0.203 0.0 0.203 -0.6 1.0 0.0 -0.6 -0.6 0.06 1.0 0.06 0.0 0.06
0.0 0.0 0.0 0.0 0.0 0.0 1.0 0.0 1.0 0.0 0.0 0.0 0.0 0.0 0.0 0.0 0.0 0.0 0.0 0.0 0.0 0.0 0.0 1.0 0.0 0.6779230769230769 0.7222222222222222 0.939 0.789 0.766 0.2777777777777778 -0.0 0.28 0.2501333333333334 0.8333333333333334 0.956 -0.97 -0.07 0.12550000000000003 0.6666666666666666 0.981 -0.94 0.192 0.48866666666666664 0.3333333333333333 0.936 -0.1 0.634 0.20562500000000003 0.8888888888888888 0.966 -0.99 -0.63
0.0 0.0 0.0 0.0 0.0 0.0 0.0 0.0 0.0 0.0 0.0 0.0 0.0 0.0 0.0 0.0 0.0 0.0 0.0 0.0 0.0 0.0 0.0 1.0 0.0 0.7342500000000001 0.6666666666666666 0.935 0.859 0.69 0.3333333333333333 -0.0 0.58 0.26116666666666666 1.0 0.956 -0.8 0.74 0.239 0.16666666666666666 0.239 0.0 0.239 0.30500000000000005 0.3333333333333333 0.561 0.0 0.049 0.5064 0.8333333333333334 0.978 -0.62 0.978
0.0 0.0 0.0 0.0 0.0 0.0 1.0 0.0 0.0 0.0 0.0 0.0 0.0 0.0 0.0 0.0 0.0 0.0 0.0 0.0 0.0 1.0 0.0 0.0 0.0 0.943 0.5 0.943 0.943 0.06 0.5 -0.0 0.06 -0.08 0.5 0.0 -0.08 -0.08 0.5055 1.0 0.943 0.0 0.068 -0.13 0.5 0.0 -0.13 -0.13 -0.11 0.5 0.0 -0.11 -0.11
0.0 0.0 0.0 0.0 0.0 0.0 0.0 0.0 0.0 0.0 0.0 0.0 0.0 0.0 0.0 0.0 0.0 0.0 0.0 0.0 0.0 0.0 0.0 1.0 0.0 0.0 0.0 0.0 0.0 0.97 1.0 -0.0 0.97 0.0 0.0 0.0 0.0 0.0 0.0 0.0 0.0 0.0 0.0 0.964 1.0 0.964 0.0 0.964 -0.98 1.0 0.0 -0.98 -0.98
0.0 0.0 0.0 0.0 0.0 0.0 1.0 0.0 0.0 0.0 0.0 0.0 0.0 0.0 0.0 0.0 0.0 0.0 0.0 0.0 0.0 1.0 0.0 0.0 0.0 0.0 0.0 0.0 0.0 0.0 0.0 -0.0 -0.0 0.0 0.0 0.0 0.0 0.0 0.0 0.0 0.0 0.0 0.0 0.0 0.0 0.0 0.0 0.0 0.0 0.0 0.0 0.0 0.0
0.0 0.0 0.0 0.0 0.0 0.0 0.0 0.0 0.0 0.0 0.0 0.0 0.0 0.0 0.0 0.0 0.0 0.0 0.0 0.0 0.0 0.0 0.0 1.0 0.0 0.47350000000000003 1.0 0.878 0.069 0.0 0.0 -0.0 -0.0 0.812 0.5 0.812 0.0 0.812 0.5265 1.0 0.984 0.0 0.069 0.0 0.0 0.0 0.0 0.0 0.838 0.5 0.838 0.0 0.838
0.0 0.0 0.0 0.0 0.0 0.0 0.0 0.0 0.0 0.0 0.0 0.0 0.0 1.0 0.0 0.0 0.0 0.0 0.0 0.0 0.0 0.0 0.0 1.0 0.0 0.6003333333333333 0.6 0.864 0.148 0.52 0.4 -0.0 0.97 0.4203333333333334 0.6 0.878 -0.25 0.878 -0.14700000000000002 0.6 0.26 -0.79 0.26 0.2343333333333333 0.6 0.964 -0.28 0.964 0.23000000000000007 1.0 0.935 -0.98 -0.98
0.0 0.0 0.0 0.0 0.0 0.0 0.0 0.0 0.0 0.0 0.0 0.0 0.0 0.0 0.0 0.0 0.0 0.0 0.0 0.0 0.0 0.0 0.0 1.0 0.0 0.0 0.0 0.0 0.0 0.97 1.0 -0.0 0.97 0.0 0.0 0.0 0.0 0.0 0.0 0.0 0.0 0.0 0.0 0.964 1.0 0.964 0.0 0.964 -0.98 1.0 0.0 -0.98 -0.98
0.0 0.0 0.0 0.0 0.0 0.0 0.0 0.0 0.0 0.0 0.0 0.0 0.0 0.0 0.0 0.0 0.0 0.0 0.0 0.0 0.0 0.0 0.0 1.0 0.0 0.6405 0.6666666666666666 0.939 0.789 0.495 0.3333333333333333 -0.0 0.16 0.24619999999999997 0.8333333333333334 0.899 -0.78 -0.35 0.1844 0.8333333333333334 0.979 -0.79 -0.13 0.20133333333333334 0.5 0.754 -0.1 -0.05 -0.06549999999999997 0.6666666666666666 0.935 -0.96 -0.38
0.0 0.0 0.0 0.0 0.0 0.0 0.0 0.0 0.0 0.0 0.0 0.0 0.0 0.0 0.0 0.0 0.0 0.0 0.0 0.0 0.0 0.0 0.0 1.0 0.0 0.7795 0.6666666666666666 0.846 0.846 0.27 0.3333333333333333 -0.0 0.27 -0.02400000000000002 0.6666666666666666 0.702 -0.75 0.702 -0.47866666666666663 1.0 0.154 -0.94 -0.94 -0.64 0.3333333333333333 0.0 -0.64 -0.64 0.5579999999999999 1.0 0.788 0.0 0.744
0.0 0.0 0.0 0.0 1.0 0.0 1.0 0.0 0.0 0.0 0.0 0.0 0.0 0.0 0.0 0.0 0.0 0.0 0.0 0.0 0.0 0.0 0.0 0.0 0.0 0.64325 0.8 0.862 0.862 0.87 0.2 -0.0 0.87 0.31260000000000004 1.0 0.926 -0.84 0.926 -0.29400000000000004 0.6 0.798 -0.89 0.798 -0.96 0.2 0.0 -0.96 -0.96 0.07500000000000002 0.6 0.935 -0.82 0.935
0.0 0.0 0.0 0.0 0.0 0.0 0.0 0.0 0.0 0.0 0.0 0.0 0.0 0.0 0.0 0.0 0.0 0.0 0.0 0.0 0.0 0.0 0.0 1.0 0.0 0.8166666666666668 0.6 0.902 0.646 0.055 0.4 -0.0 0.06 0.43839999999999996 1.0 0.857 -0.06 -0.06 -0.31 0.4 0.0 -0.6 -0.02 0.0 0.0 0.0 0.0 0.0 0.491 1.0 0.948 -0.15 -0.15
0.0 0.0 0.0 0.0 0.0 0.0 0.0 0.0 0.0 0.0 0.0 0.0 0.0 1.0 0.0 0.0 0.0 0.0 0.0 0.0 0.0 0.0 0.0 1.0 0.0 0.5305333333333333 0.6818181818181818 0.889 0.053 0.28285714285714286 0.3181818181818182 -0.0 0.07 0.14279999999999998 0.9090909090909091 0.877 -0.8 -0.08 0.19044444444444444 0.8181818181818182 0.984 -0.79 -0.04 -0.004000000000000013 0.4090909090909091 0.945 -0.32 -0.09 0.2628888888888889 0.8181818181818182 0.935 -0.73 -0.15
0.0 0.0 0.0 0.0 0.0 0.0 1.0 0.0 0.0 0.0 0.0 0.0 0.0 0.0 0.0 0.0 0.0 0.0 0.0 0.0 0.0 1.0 0.0 0.0 0.0 0.102 0.5 0.102 0.102 0.27 0.5 -0.0 0.27 -0.3515 1.0 0.047 -0.75 0.047 0.16599999999999998 1.0 0.178 0.0 0.178 -0.365 1.0 0.0 -0.64 -0.09 0.20950000000000002 1.0 0.277 0.0 0.277
0.0 0.0 0.0 0.0 0.0 0.0 0.0 0.0 0.0 0.0 0.0 0.0 0.0 1.0 0.0 0.0 0.0 0.0 0.0 0.0 0.0 0.0 0.0 1.0 0.0 0.4718333333333334 0.6 0.935 0.071 0.8075000000000001 0.4 -0.0 0.76 -0.02871428571428571 0.7 0.956 -0.99 -0.61 -0.21319999999999997 0.5 0.207 -0.79 0.076 0.5715 0.4 0.919 -0.18 0.856 0.026600000000000058 1.0 0.935 -0.83 -0.82
0.0 0.0 0.0 0.0 0.0 1.0 0.0 0.0 0.0 0.0 0.0 0.0 0.0 1.0 0.0 0.0 0.0 0.0 0.0 0.0 0.0 0.0 0.0 1.0 0.0 0.5256315789473686 0.7307692307692307 0.935 0.115 0.5414285714285715 0.2692307692307692 -0.0 0.24 0.1504583333333334 0.9230769230769231 0.99 -0.95 -0.77 -0.017578947368421062 0.7307692307692307 0.815 -0.94 0.277 -0.088 0.5 0.721 -0.72 -0.44 0.27104545454545453 0.8461538461538461 0.935 -0.99 -0.05
0.0 0.0 0.0 0.0 0.0 0.0 0.0 0.0 0.0 0.0 0.0 0.0 0.0 1.0 0.0 0.0 0.0 0.0 0.0 0.0 0.0 0.0 0.0 1.0 0.0 0.8036666666666666 0.6 0.846 0.776 0.64 0.4 -0.0 0.8 -0.050250000000000045 0.8 0.836 -0.87 -0.8 -0.41825 0.8 0.717 -0.94 -0.66 0.98 0.2 0.98 0.0 0.98 0.30633333333333335 0.6 0.935 -0.76 -0.76
0.0 0.0 0.0 0.0 0.0 0.0 0.0 0.0 0.0 0.0 0.0 0.0 0.0 0.0 0.0 0.0 0.0 0.0 0.0 0.0 0.0 0.0 0.0 1.0 0.0 0.878 0.3333333333333333 0.878 0.878 0.15500000000000003 0.6666666666666666 -0.0 0.03 0.23733333333333337 1.0 0.812 -0.08 -0.02 0.37866666666666665 1.0 0.984 -0.05 -0.05 0.3485 0.6666666666666666 0.615 0.0 0.082 0.04933333333333332 1.0 0.838 -0.62 -0.07
0.0 0.0 0.0 0.0 0.0 0.0 0.0 0.0 0.0 0.0 0.0 0.0 0.0 0.0 0.0 0.0 0.0 0.0 0.0 0.0 0.0 0.0 0.0 1.0 0.0 0.4465 0.6666666666666666 0.778 0.778 0.76 0.3333333333333333 -0.0 0.76 0.382 0.6666666666666666 0.705 0.0 0.705 0.274 0.3333333333333333 0.274 0.0 0.274 -0.40499999999999997 0.6666666666666666 0.0 -0.7 -0.7 0.09166666666666667 1.0 0.851 -0.82 -0.82
0.0 0.0 0.0 0.0 1.0 0.0 0.0 0.0 0.0 0.0 0.0 0.0 0.0 0.0 0.0 0.0 0.0 0.0 0.0 0.0 0.0 0.0 0.0 0.0 0.0 0.156 0.6666666666666666 0.208 0.208 0.93 0.3333333333333333 -0.0 0.93 0.1275 0.6666666666666666 0.295 -0.04 0.295 0.28900000000000003 0.6666666666666666 0.339 0.0 0.239 0.2853333333333334 1.0 0.937 -0.13 0.049 0.299 0.6666666666666666 0.346 0.0 0.346
0.0 0.0 0.0 0.0 0.0 0.0 1.0 0.0 0.0 0.0 0.0 0.0 0.0 0.0 0.0 0.0 0.0 0.0 0.0 0.0 0.0 1.0 0.0 0.0 0.0 0.0 0.0 0.0 0.0 0.0 0.0 -0.0 -0.0 0.0 0.0 0.0 0.0 0.0 0.0 0.0 0.0 0.0 0.0 0.0 0.0 0.0 0.0 0.0 0.0 0.0 0.0 0.0 0.0
0.0 0.0 0.0 0.0 0.0 0.0 0.0 0.0 0.0 0.0 0.0 1.0 0.0 1.0 0.0 0.0 0.0 0.0 0.0 0.0 0.0 0.0 0.0 1.0 0.0 0.40750000000000003 0.7142857142857143 0.922 0.922 0.7875 0.2857142857142857 -0.0 0.9 0.05825 0.8571428571428571 0.927 -0.95 -0.95 0.02577777777777775 0.6428571428571429 0.96 -0.79 0.96 0.2895 0.5714285714285714 0.828 -0.23 0.828 0.10264285714285715 1.0 0.935 -0.97 -0.97
0.0 0.0 1.0 0.0 0.0 0.0 3.0 0.0 0.0 0.0 0.0 0.0 0.0 0.0 0.0 0.0 0.0 0.0 0.0 0.0 0.0 1.0 0.0 0.0 0.0 0.0 0.0 0.0 0.0 0.11 1.0 -0.0 0.06 -0.135 1.0 0.0 -0.19 -0.08 0.068 0.5 0.068 0.0 0.068 -0.135 1.0 0.0 -0.14 -0.13 -0.13 1.0 0.0 -0.15 -0.11
0.0 0.0 0.0 0.0 0.0 0.0 0.0 0.0 0.0 0.0 0.0 0.0 0.0 0.0 0.0 0.0 0.0 0.0 0.0 0.0 0.0 0.0 0.0 1.0 0.0 0.849 0.25 0.849 0.849 0.69 0.75 -0.0 0.84 -0.2973333333333333 0.75 0.808 -0.95 -0.95 -0.368 0.5 0.154 -0.89 -0.89 -0.64 0.25 0.0 -0.64 -0.64 -0.516 0.75 0.142 -0.96 -0.73
0.0 0.0 0.0 0.0 0.0 0.0 0.0 0.0 1.0 0.0 0.0 0.0 0.0 1.0 0.0 0.0 0.0 0.0 0.0 0.0 0.0 0.0 0.0 1.0 0.0 0.6517999999999999 0.8333333333333334 0.939 0.859 0.27 0.16666666666666666 -0.0 0.48 0.42209090909090907 0.9166666666666666 0.901 -0.87 0.901 0.14211111111111108 0.75 0.982 -0.94 0.817 0.22966666666666666 0.25 0.98 -0.34 0.98 0.2621428571428571 0.5833333333333334 0.935 -0.76 0.935
0.0 0.0 0.0 0.0 0.0 0.0 0.0 0.0 0.0 0.0 0.0 0.0 0.0 2.0 0.0 0.0 0.0 0.0 0.0 0.0 0.0 0.0 0.0 1.0 0.0 0.795 0.8 0.922 0.798 0.27 0.2 -0.0 0.27 0.20600000000000004 0.6 0.807 -0.75 -0.75 -0.2552 1.0 0.96 -0.94 0.154 -0.64 0.2 0.0 -0.64 -0.64 0.6361999999999999 1.0 0.885 0.0 0.142
0.0 0.0 0.0 0.0 0.0 0.0 0.0 0.0 0.0 0.0 0.0 0.0 0.0 0.0 0.0 0.0 0.0 0.0 0.0 0.0 0.0 0.0 0.0 1.0 0.0 0.0 0.0 0.0 0.0 0.27 1.0 -0.0 0.27 -0.75 1.0 0.0 -0.75 -0.75 0.154 1.0 0.154 0.0 0.154 -0.64 1.0 0.0 -0.64 -0.64 0.142 1.0 0.142 0.0 0.142
0.0 0.0 0.0 0.0 0.0 0.0 0.0 0.0 1.0 0.0 0.0 0.0 0.0 0.0 0.0 0.0 0.0 0.0 0.0 0.0 0.0 0.0 0.0 0.0 0.0 0.5285 0.8333333333333334 0.964 0.939 0.71 0.16666666666666666 -0.0 0.66 0.43074999999999997 0.6666666666666666 0.965 -0.61 0.899 0.5036666666666666 0.75 0.979 0.0 0.979 0.04374999999999998 0.3333333333333333 0.856 -0.66 -0.66 0.23862500000000003 0.6666666666666666 0.99 -0.82 -0.82
0.0 0.0 0.0 0.0 0.0 0.0 1.0 0.0 0.0 1.0 0.0 0.0 0.0 0.0 0.0 0.0 0.0 0.0 0.0 1.0 0.0 0.0 0.0 0.0 0.0 0.607 0.8571428571428571 0.935 0.868 0.58 0.14285714285714285 -0.0 0.58 0.46499999999999997 1.0 0.956 -0.58 0.944 0.5038 0.7142857142857143 0.792 0.0 0.792 0.23550000000000004 0.2857142857142857 0.561 -0.09 0.561 0.304 0.7142857142857143 0.914 -0.62 0.796
0.0 0.0 0.0 0.0 0.0 0.0 0.0 0.0 0.0 0.0 0.0 0.0 0.0 0.0 0.0 0.0 0.0 0.0 0.0 0.0 0.0 0.0 0.0 1.0 0.0 0.5535714285714286 1.0 0.935 0.822 0.0 0.0 -0.0 -0.0 0.724 0.5714285714285714 0.956 0.0 0.956 0.4744 0.7142857142857143 0.937 0.0 0.937 -0.07550000000000001 0.2857142857142857 0.049 -0.2 0.049 0.5538333333333334 0.8571428571428571 0.914 0.0 0.707
0.0 0.0 0.0 0.0 0.0 1.0 1.0 0.0 0.0 0.0 0.0 1.0 0.0 0.0 0.0 0.0 0.0 0.0 0.0 0.0 0.0 0.0 0.0 0.0 0.0 0.5525714285714286 0.7 0.935 0.258 0.8433333333333334 0.3 -0.0 0.72 0.27425000000000005 0.8 0.956 -0.95 0.277 0.41 0.5 0.817 0.0 0.161 -0.19975 0.4 0.822 -0.91 -0.74 0.17125 0.8 0.914 -0.95 0.337
0.0 0.0 0.0 0.0 0.0 0.0 0.0 0.0 0.0 0.0 0.0 0.0 0.0 1.0 0.0 0.0 0.0 0.0 0.0 0.0 0.0 0.0 0.0 1.0 0.0 0.7000769230769233 0.7647058823529411 0.935 0.806 0.8049999999999999 0.23529411764705882 -0.0 0.84 0.46514285714285714 0.8235294117647058 0.956 -0.99 0.906 0.01579999999999998 0.5882352941176471 0.816 -0.87 0.715 -0.40380000000000005 0.29411764705882354 0.561 -0.89 -0.89 0.4040714285714287 0.8235294117647058 0.953 -0.99 0.796
0.0 0.0 0.0 0.0 0.0 0.0 0.0 0.0 0.0 1.0 0.0 0.0 0.0 0.0 0.0 0.0 0.0 0.0 0.0 1.0 0.0 0.0 0.0 0.0 0.0 0.66875 0.8 0.935 0.786 0.58 0.2 -0.0 0.58 0.4328 1.0 0.956 -0.58 0.77 0.239 0.2 0.239 0.0 0.239 0.30500000000000005 0.4 0.561 0.0 0.561 0.4422 1.0 0.914 -0.62 0.802
0.0 0.0 0.0 0.0 0.0 0.0 0.0 0.0 0.0 0.0 0.0 0.0 0.0 0.0 0.0 0.0 0.0 0.0 0.0 0.0 0.0 0.0 0.0 1.0 0.0 0.482 0.6428571428571429 0.935 0.746 0.616 0.35714285714285715 -0.0 0.04 0.02315384615384614 0.9285714285714286 0.956 -0.78 0.723 -0.001285714285714287 0.5 0.713 -0.94 0.713 -0.10612500000000002 0.5714285714285714 0.856 -0.9 -0.1 0.2796666666666667 0.8571428571428571 0.914 -0.82 0.769
0.0 0.0 0.0 0.0 0.0 0.0 0.0 0.0 1.0 0.0 0.0 0.0 0.0 1.0 0.0 0.0 0.0 0.0 0.0 0.0 0.0 0.0 0.0 1.0 0.0 0.4441538461538463 0.7222222222222222 0.935 0.049 0.646 0.2777777777777778 -0.0 0.69 0.130125 0.8888888888888888 0.956 -0.77 -0.56 0.18 0.4444444444444444 0.964 -0.65 0.239 0.3036 0.5555555555555556 0.909 -0.13 0.909 0.13541176470588234 0.9444444444444444 0.914 -0.81 -0.62
0.0 0.0 0.0 0.0 0.0 0.0 0.0 0.0 0.0 0.0 0.0 0.0 0.0 0.0 0.0 0.0 0.0 0.0 0.0 0.0 0.0 0.0 0.0 1.0 0.0 0.517 0.75 0.789 0.659 0.82 0.25 -0.0 0.82 0.1136666666666667 0.75 0.633 -0.85 -0.85 -0.4023333333333334 0.75 0.093 -0.79 -0.51 0.0 0.0 0.0 0.0 0.0 0.28975 1.0 0.935 -0.79 -0.79
0.0 0.0 0.0 0.0 0.0 1.0 0.0 0.0 0.0 0.0 0.0 0.0 0.0 0.0 0.0 0.0 0.0 0.0 0.0 0.0 0.0 0.0 1.0 0.0 0.0 0.0 0.0 0.0 0.0 0.82 1.0 -0.0 0.82 -0.74 1.0 0.0 -0.74 -0.74 0.0 0.0 0.0 0.0 0.0 0.876 1.0 0.876 0.0 0.876 -0.86 1.0 0.0 -0.86 -0.86
0.0 0.0 0.0 0.0 0.0 0.0 1.0 0.0 0.0 0.0 0.0 0.0 0.0 0.0 0.0 0.0 0.0 0.0 0.0 0.0 0.0 1.0 0.0 0.0 0.0 0.927 1.0 0.943 0.943 0.0 0.0 -0.0 -0.0 0.865 0.5 0.865 0.0 0.865 0.943 0.5 0.943 0.0 0.943 0.0 0.0 0.0 0.0 0.0 0.958 0.5 0.958 0.0 0.958
0.0 0.0 0.0 0.0 0.0 0.0 1.0 0.0 0.0 0.0 0.0 0.0 0.0 0.0 0.0 0.0 0.0 0.0 0.0 0.0 0.0 1.0 0.0 0.0 0.0 0.416 0.6666666666666666 0.746 0.746 0.58 0.3333333333333333 -0.0 0.58 0.07150000000000001 0.6666666666666666 0.723 -0.58 0.723 0.196 0.3333333333333333 0.196 0.0 0.196 0.21550000000000002 0.6666666666666666 0.561 -0.13 -0.13 0.11366666666666668 1.0 0.769 -0.62 0.769
0.0 0.0 0.0 0.0 0.0 1.0 1.0 0.0 1.0 1.0 0.0 0.0 0.0 1.0 0.0 0.0 0.0 0.0 0.0 1.0 0.0 0.0 0.0 0.0 0.0 0.5609615384615385 0.8666666666666667 0.935 0.853 0.7699999999999999 0.13333333333333333 -0.0 0.86 0.3959629629629629 0.9 0.967 -0.79 0.955 0.2674736842105263 0.6333333333333333 0.812 -0.94 0.812 0.3152857142857143 0.23333333333333334 0.974 -0.13 0.974 0.27371428571428574 0.7 0.958 -0.83 0.751
0.0 0.0 0.0 0.0 0.0 0.0 1.0 0.0 0.0 0.0 0.0 0.0 0.0 0.0 0.0 0.0 0.0 0.0 0.0 0.0 0.0 1.0 0.0 0.0 0.0 0.4626666666666666 0.8571428571428571 0.849 0.258 0.58 0.14285714285714285 -0.0 0.58 0.36800000000000005 0.8571428571428571 0.922 -0.58 0.277 0.374 0.7142857142857143 0.776 0.0 0.161 0.29500000000000004 0.2857142857142857 0.561 0.0 0.029 0.248 0.8571428571428571 0.796 -0.62 0.337
0.0 0.0 0.0 0.0 0.0 0.0 0.0 0.0 0.0 0.0 0.0 0.0 0.0 0.0 0.0 0.0 0.0 0.0 0.0 0.0 0.0 0.0 0.0 0.0 0.0 0.6352352941176471 0.85 0.935 0.034 0.5266666666666667 0.15 -0.0 0.77 0.5562222222222223 0.9 0.971 -0.72 0.094 -0.07100000000000001 0.65 0.872 -0.88 -0.03 -0.07499999999999997 0.3 0.752 -0.7 0.028 0.500125 0.8 0.935 -0.84 0.769
0.0 0.0 0.0 0.0 0.0 0.0 1.0 0.0 0.0 0.0 0.0 0.0 0.0 0.0 0.0 0.0 0.0 0.0 0.0 0.0 0.0 1.0 0.0 0.0 0.0 0.316 1.0 0.316 0.316 0.0 0.0 -0.0 -0.0 0.703 1.0 0.703 0.0 0.703 0.534 1.0 0.534 0.0 0.534 -0.21 1.0 0.0 -0.21 -0.21 0.243 1.0 0.243 0.0 0.243
0.0 0.0 0.0 0.0 0.0 0.0 0.0 0.0 0.0 0.0 0.0 1.0 0.0 0.0 0.0 0.0 0.0 0.0 0.0 0.0 0.0 0.0 0.0 1.0 0.0 0.6327499999999999 1.0 0.849 0.806 0.0 0.0 -0.0 -0.0 0.6225 1.0 0.922 -0.04 0.906 0.5336666666666666 0.75 0.776 0.0 0.715 0.0 0.0 0.0 0.0 0.0 0.6133333333333334 0.75 0.928 0.0 0.796
0.0 0.0 0.0 0.0 0.0 0.0 0.0 0.0 0.0 0.0 0.0 0.0 0.0 2.0 0.0 0.0 0.0 0.0 0.0 0.0 0.0 0.0 0.0 1.0 0.0 0.6725555555555557 0.9 0.935 0.806 0.19 0.1 -0.0 0.06 0.5224615384615384 0.65 0.956 -0.77 -0.12 0.17921052631578946 0.95 0.921 -0.94 -0.05 -0.14200000000000002 0.2 0.056 -0.45 -0.23 0.6435333333333333 0.75 0.947 -0.13 -0.13
0.0 0.0 0.0 0.0 0.0 0.0 0.0 0.0 0.0 0.0 0.0 0.0 0.0 0.0 0.0 0.0 0.0 0.0 0.0 0.0 0.0 0.0 0.0 1.0 0.0 0.5766 1.0 0.878 0.086 0.0 0.0 -0.0 -0.0 0.69375 0.8 0.812 0.0 0.633 0.3546 1.0 0.984 -0.79 0.124 -0.15000000000000002 0.4 0.0 -0.23 -0.07 0.5945 0.8 0.935 0.0 0.207
0.0 0.0 0.0 0.0 0.0 0.0 0.0 0.0 0.0 0.0 0.0 0.0 0.0 1.0 0.0 0.0 0.0 0.0 0.0 0.0 0.0 0.0 0.0 1.0 0.0 0.46309523809523806 0.875 0.943 0.075 0.58 0.125 -0.0 0.86 0.2776190476190476 0.875 0.956 -0.9 -0.79 0.11994736842105262 0.7916666666666666 0.979 -0.94 0.094 0.2022222222222222 0.375 0.974 -0.13 0.974 0.24905263157894741 0.7916666666666666 0.959 -0.83 -0.83
0.0 0.0 0.0 0.0 0.0 0.0 0.0 0.0 0.0 1.0 0.0 0.0 0.0 0.0 0.0 0.0 0.0 0.0 0.0 0.0 0.0 0.0 0.0 1.0 0.0 0.43877777777777777 0.9 0.935 0.076 0.78 0.1 -0.0 0.78 0.23655555555555555 0.9 0.956 -0.75 0.105 -0.24749999999999997 0.8 0.422 -0.95 -0.17 0.1034 0.5 0.82 -0.17 0.057 0.41750000000000004 0.8 0.914 0.0 0.079
0.0 0.0 0.0 0.0 0.0 0.0 0.0 0.0 0.0 0.0 0.0 0.0 0.0 0.0 0.0 0.0 0.0 0.0 0.0 0.0 0.0 0.0 0.0 1.0 0.0 0.297 0.5 0.297 0.297 0.93 0.5 -0.0 0.93 -0.1775 1.0 0.515 -0.87 -0.87 0.568 0.5 0.568 0.0 0.568 0.35800000000000004 1.0 0.936 -0.22 0.936 -0.3245 1.0 0.331 -0.98 -0.98
0.0 0.0 0.0 0.0 0.0 0.0 0.0 0.0 0.0 0.0 0.0 1.0 0.0 0.0 0.0 0.0 0.0 0.0 0.0 0.0 0.0 0.0 0.0 1.0 0.0 0.509 1.0 0.92 0.098 0.0 0.0 -0.0 -0.0 0.042 0.5 0.042 0.0 0.042 0.6155 1.0 0.893 0.0 0.338 -0.21 0.5 0.0 -0.21 -0.21 0.5895 1.0 0.947 0.0 0.232
0.0 0.0 0.0 0.0 0.0 0.0 1.0 0.0 0.0 0.0 0.0 0.0 0.0 1.0 0.0 0.0 0.0 0.0 0.0 0.0 0.0 0.0 0.0 1.0 0.0 0.5711428571428572 0.875 0.849 0.806 0.65 0.125 -0.0 0.65 0.36075 1.0 0.922 -0.86 -0.86 0.055333333333333325 0.75 0.776 -0.79 0.715 0.2545 0.25 0.609 -0.1 0.609 0.4391428571428571 0.875 0.935 -0.5 -0.5
0.0 0.0 0.0 0.0 0.0 0.0 0.0 0.0 0.0 0.0 0.0 0.0 0.0 0.0 0.0 0.0 0.0 0.0 0.0 0.0 0.0 0.0 0.0 1.0 0.0 0.62625 0.8 0.849 0.806 0.65 0.2 -0.0 0.65 0.3122000000000001 1.0 0.922 -0.86 -0.86 0.20274999999999999 0.8 0.776 -0.79 0.715 0.609 0.2 0.609 0.0 0.609 0.33675000000000005 0.8 0.935 -0.5 -0.5
0.0 0.0 0.0 0.0 0.0 0.0 0.0 0.0 0.0 0.0 0.0 0.0 0.0 0.0 0.0 0.0 0.0 0.0 0.0 0.0 0.0 0.0 0.0 1.0 0.0 0.5916666666666667 1.0 0.853 0.853 0.0 0.0 -0.0 -0.0 0.6376666666666667 1.0 0.955 0.0 0.955 0.776 0.3333333333333333 0.776 0.0 0.776 0.0 0.0 0.0 0.0 0.0 0.4305 0.6666666666666666 0.751 0.0 0.751
0.0 0.0 0.0 0.0 0.0 0.0 1.0 0.0 0.0 0.0 0.0 0.0 0.0 0.0 0.0 0.0 0.0 0.0 0.0 0.0 0.0 1.0 0.0 0.0 0.0 0.7004285714285714 1.0 0.849 0.662 0.0 0.0 -0.0 -0.0 0.7455714285714287 1.0 0.928 0.0 0.928 0.0336666666666666 0.8571428571428571 0.828 -0.79 -0.53 -0.22 0.14285714285714285 0.0 -0.22 -0.22 0.7110000000000002 0.8571428571428571 0.935 0.0 0.527
0.0 0.0 0.0 0.0 0.0 0.0 0.0 0.0 0.0 0.0 0.0 0.0 0.0 0.0 0.0 0.0 0.0 0.0 0.0 0.0 0.0 0.0 0.0 0.0 0.0 0.49871428571428567 1.0 0.868 0.125 0.0 0.0 -0.0 -0.0 0.6128 0.7142857142857143 0.905 -0.07 0.905 0.36733333333333335 0.42857142857142855 0.779 0.0 0.211 -0.09 0.2857142857142857 0.0 -0.12 -0.12 0.5711428571428571 1.0 0.921 0.0 0.286
0.0 0.0 0.0 0.0 0.0 0.0 0.0 0.0 0.0 0.0 0.0 0.0 0.0 0.0 0.0 0.0 0.0 0.0 0.0 0.0 0.0 0.0 0.0 1.0 0.0 0.66275 0.8 0.935 0.806 0.58 0.2 -0.0 0.58 0.4328 1.0 0.956 -0.58 0.906 0.5336666666666666 0.6 0.776 0.0 0.715 0.561 0.2 0.561 0.0 0.561 0.3015 0.8 0.914 -0.62 0.796
0.0 0.0 0.0 0.0 0.0 0.0 0.0 0.0 0.0 0.0 0.0 0.0 0.0 0.0 0.0 0.0 0.0 0.0 0.0 0.0 0.0 0.0 0.0 1.0 0.0 0.675 1.0 0.823 0.823 0.0 0.0 -0.0 -0.0 0.8270000000000001 1.0 0.982 0.0 0.967 -0.04200000000000001 1.0 0.795 -0.79 0.795 -0.3 0.25 0.0 -0.3 -0.3 0.662 1.0 0.935 0.0 0.706
0.0 0.0 0.0 0.0 0.0 0.0 0.0 0.0 0.0 0.0 0.0 0.0 0.0 0.0 0.0 0.0 0.0 0.0 0.0 0.0 0.0 0.0 0.0 1.0 0.0 0.44175 1.0 0.849 0.806 0.0 0.0 -0.0 -0.0 0.442 1.0 0.922 -0.04 0.906 0.4485 1.0 0.776 0.0 0.715 0.013 0.25 0.013 0.0 0.013 0.3216666666666667 0.75 0.796 0.0 0.796
0.0 0.0 0.0 0.0 0.0 0.0 0.0 0.0 0.0 0.0 0.0 0.0 0.0 0.0 0.0 0.0 0.0 0.0 0.0 0.0 0.0 0.0 0.0 1.0 0.0 0.688 0.7142857142857143 0.935 0.806 0.615 0.2857142857142857 -0.0 0.65 0.27671428571428575 1.0 0.956 -0.86 -0.86 0.20274999999999999 0.5714285714285714 0.776 -0.79 0.715 0.585 0.2857142857142857 0.609 0.0 0.609 0.2735 0.8571428571428571 0.935 -0.62 -0.5
0.0 0.0 0.0 0.0 0.0 0.0 0.0 0.0 0.0 0.0 0.0 0.0 0.0 0.0 0.0 0.0 0.0 0.0 0.0 0.0 0.0 0.0 0.0 1.0 0.0 0.6136666666666667 1.0 0.911 0.911 0.0 0.0 -0.0 -0.0 0.5419999999999999 1.0 0.865 0.0 0.865 0.274 0.3333333333333333 0.274 0.0 0.274 -0.11 0.3333333333333333 0.0 -0.11 -0.11 0.71 1.0 0.958 0.0 0.958
0.0 0.0 0.0 0.0 0.0 0.0 0.0 0.0 0.0 0.0 0.0 0.0 0.0 0.0 0.0 0.0 0.0 0.0 0.0 0.0 0.0 0.0 0.0 0.0 0.0 0.6792 1.0 0.931 0.746 0.0 0.0 -0.0 -0.0 0.603 1.0 0.898 0.0 0.723 0.14933333333333332 0.6 0.964 -0.79 0.964 -0.11 0.2 0.0 -0.11 -0.11 0.7190000000000001 0.8 0.935 0.0 0.769
0.0 0.0 0.0 0.0 0.0 0.0 1.0 0.0 0.0 0.0 0.0 0.0 0.0 0.0 0.0 0.0 0.0 0.0 0.0 0.0 0.0 1.0 0.0 0.0 0.0 0.7805 1.0 0.815 0.746 0.0 0.0 -0.0 -0.0 0.7124999999999999 1.0 0.723 0.0 0.723 0.0 0.0 0.0 0.0 0.0 0.0 0.0 0.0 0.0 0.0 0.8485 1.0 0.928 0.0 0.769
0.0 0.0 0.0 0.0 0.0 0.0 0.0 0.0 0.0 0.0 0.0 0.0 0.0 0.0 0.0 0.0 0.0 0.0 0.0 0.0 0.0 0.0 0.0 1.0 0.0 0.62625 0.8 0.849 0.806 0.65 0.2 -0.0 0.65 0.3122000000000001 1.0 0.922 -0.86 -0.86 0.20274999999999999 0.8 0.776 -0.79 0.715 0.609 0.2 0.609 0.0 0.609 0.33675000000000005 0.8 0.935 -0.5 -0.5
0.0 0.0 0.0 0.0 0.0 0.0 1.0 0.0 0.0 0.0 0.0 0.0 0.0 0.0 0.0 0.0 0.0 0.0 0.0 0.0 0.0 1.0 0.0 0.0 0.0 0.746 1.0 0.746 0.746 0.0 0.0 -0.0 -0.0 0.723 1.0 0.723 0.0 0.723 0.0 0.0 0.0 0.0 0.0 0.0 0.0 0.0 0.0 0.0 0.769 1.0 0.769 0.0 0.769
0.0 0.0 0.0 0.0 0.0 0.0 1.0 0.0 0.0 0.0 0.0 0.0 0.0 0.0 0.0 0.0 0.0 0.0 0.0 0.0 0.0 1.0 0.0 0.0 0.0 0.7805 1.0 0.815 0.746 0.0 0.0 -0.0 -0.0 0.7124999999999999 1.0 0.723 0.0 0.723 0.0 0.0 0.0 0.0 0.0 0.0 0.0 0.0 0.0 0.0 0.8485 1.0 0.928 0.0 0.769
0.0 0.0 0.0 0.0 0.0 1.0 0.0 0.0 0.0 0.0 0.0 0.0 0.0 1.0 0.0 0.0 0.0 0.0 0.0 0.0 0.0 0.0 0.0 0.0 0.0 0.7056000000000001 0.8823529411764706 0.957 0.057 0.6699999999999999 0.11764705882352941 -0.0 0.58 0.34141666666666665 0.7058823529411765 0.92 -0.78 -0.07 0.07515384615384617 0.7647058823529411 0.979 -0.94 0.227 0.16000000000000003 0.17647058823529413 0.561 -0.13 -0.13 0.48885714285714293 0.8235294117647058 0.945 -0.73 0.203
0.0 0.0 0.0 0.0 0.0 0.0 0.0 0.0 0.0 0.0 0.0 0.0 0.0 0.0 0.0 0.0 0.0 0.0 0.0 0.0 0.0 0.0 0.0 0.0 0.0 0.258 1.0 0.746 0.166 0.0 0.0 -0.0 -0.0 0.21766666666666667 0.75 0.723 -0.04 0.723 0.23399999999999999 0.75 0.333 0.0 0.333 -0.15666666666666665 0.75 0.0 -0.21 -0.21 0.404 1.0 0.769 0.0 0.384
0.0 0.0 0.0 0.0 0.0 0.0 0.0 0.0 0.0 0.0 0.0 0.0 0.0 0.0 0.0 0.0 0.0 0.0 0.0 0.0 0.0 0.0 0.0 1.0 0.0 0.6296666666666667 0.75 0.935 0.935 0.58 0.25 -0.0 0.58 0.34850000000000003 1.0 0.956 -0.58 -0.58 0.239 0.25 0.239 0.0 0.239 0.30500000000000005 0.5 0.561 0.0 0.561 0.35224999999999995 1.0 0.914 -0.62 -0.62
0.0 0.0 0.0 0.0 0.0 0.0 1.0 0.0 0.0 0.0 0.0 0.0 0.0 0.0 0.0 0.0 0.0 0.0 0.0 0.0 0.0 1.0 0.0 0.0 0.0 0.746 1.0 0.746 0.746 0.0 0.0 -0.0 -0.0 0.723 1.0 0.723 0.0 0.723 0.0 0.0 0.0 0.0 0.0 0.0 0.0 0.0 0.0 0.0 0.769 1.0 0.769 0.0 0.769
0.0 0.0 0.0 0.0 0.0 0.0 1.0 0.0 0.0 0.0 0.0 0.0 0.0 0.0 0.0 0.0 0.0 0.0 0.0 0.0 0.0 1.0 0.0 0.0 0.0 0.592 0.6 0.849 0.841 0.62 0.4 -0.0 0.66 0.08675000000000002 0.8 0.922 -0.78 0.785 0.5773333333333334 0.6 0.776 0.0 0.76 0.33866666666666667 0.6 0.585 -0.13 0.585 -0.019750000000000018 0.8 0.979 -0.63 0.979
0.0 0.0 0.0 0.0 0.0 0.0 2.0 0.0 0.0 0.0 0.0 0.0 0.0 0.0 0.0 0.0 0.0 0.0 0.0 0.0 0.0 1.0 0.0 0.0 0.0 0.7805 1.0 0.815 0.746 0.0 0.0 -0.0 -0.0 0.7124999999999999 1.0 0.723 0.0 0.723 0.0 0.0 0.0 0.0 0.0 0.0 0.0 0.0 0.0 0.0 0.8485 1.0 0.928 0.0 0.769
0.0 0.0 0.0 0.0 0.0 0.0 1.0 0.0 0.0 0.0 0.0 0.0 0.0 0.0 0.0 0.0 0.0 0.0 0.0 0.0 0.0 1.0 0.0 0.0 0.0 0.746 1.0 0.746 0.746 0.0 0.0 -0.0 -0.0 0.723 1.0 0.723 0.0 0.723 0.0 0.0 0.0 0.0 0.0 0.0 0.0 0.0 0.0 0.0 0.769 1.0 0.769 0.0 0.769
0.0 0.0 0.0 0.0 0.0 0.0 0.0 0.0 1.0 1.0 0.0 9.0 0.0 2.0 0.0 0.0 0.0 0.0 0.0 0.0 0.0 0.0 0.0 0.0 0.0 0.49323809523809525 0.7368421052631579 0.952 0.952 0.5319999999999999 0.2631578947368421 -0.0 0.66 0.1777111111111111 0.7894736842105263 0.956 -0.94 0.95 -0.007341463414634148 0.7192982456140351 0.979 -0.99 0.953 0.16748000000000002 0.43859649122807015 0.99 -0.93 0.028 0.23717021276595743 0.8245614035087719 0.947 -0.77 0.231
0.0 0.0 0.0 0.0 0.0 0.0 1.0 0.0 1.0 0.0 0.0 5.0 0.0 5.0 0.0 0.0 0.0 0.0 0.0 0.0 0.0 0.0 0.0 1.0 0.0 0.5263243243243243 0.8705882352941177 0.945 0.831 0.5818181818181819 0.12941176470588237 -0.0 0.13 0.405969696969697 0.7764705882352941 0.979 -0.95 0.84 0.07668253968253967 0.7411764705882353 0.986 -0.94 0.76 -0.03166666666666667 0.35294117647058826 0.948 -0.74 0.049 0.3963421052631578 0.8941176470588236 0.935 -0.97 0.894
0.0 0.0 0.0 0.0 0.0 0.0 0.0 0.0 0.0 0.0 0.0 0.0 0.0 0.0 0.0 0.0 0.0 0.0 0.0 0.0 0.0 0.0 0.0 0.0 0.0 0.8155 1.0 0.943 0.746 0.0 0.0 -0.0 -0.0 0.7255 0.5 0.728 0.0 0.723 0.282 0.75 0.943 -0.81 -0.81 0.0 0.0 0.0 0.0 0.0 0.793 0.75 0.895 0.0 0.769
0.0 0.0 0.0 0.0 0.0 0.0 0.0 0.0 0.0 0.0 0.0 0.0 0.0 0.0 0.0 0.0 0.0 0.0 0.0 0.0 0.0 0.0 0.0 1.0 0.0 0.7072 0.9090909090909091 0.935 0.727 0.58 0.09090909090909091 -0.0 0.58 0.5869999999999999 1.0 0.981 -0.58 0.577 -0.057600000000000005 0.45454545454545453 0.964 -0.94 -0.94 0.2196666666666667 0.2727272727272727 0.561 0.0 0.049 0.5741 0.9090909090909091 0.935 -0.62 0.655
0.0 0.0 0.0 0.0 0.0 0.0 1.0 0.0 0.0 0.0 0.0 0.0 0.0 0.0 0.0 0.0 0.0 0.0 0.0 0.0 0.0 1.0 0.0 0.0 0.0 0.5586666666666666 1.0 0.815 0.746 0.0 0.0 -0.0 -0.0 0.49466666666666664 1.0 0.723 0.0 0.723 0.274 0.3333333333333333 0.274 0.0 0.274 -0.11 0.3333333333333333 0.0 -0.11 -0.11 0.6470000000000001 1.0 0.928 0.0 0.769
0.0 0.0 0.0 0.0 0.0 0.0 1.0 0.0 0.0 0.0 0.0 0.0 0.0 0.0 0.0 0.0 0.0 0.0 0.0 0.0 0.0 1.0 0.0 0.0 0.0 0.6841999999999999 1.0 0.959 0.719 0.0 0.0 -0.0 -0.0 0.6639999999999999 1.0 0.932 0.0 0.737 -0.5827500000000001 0.8 0.239 -0.98 -0.8 0.049 0.2 0.049 0.0 0.049 0.6652500000000001 0.8 0.935 0.0 0.611
0.0 0.0 0.0 0.0 0.0 0.0 1.0 0.0 0.0 0.0 0.0 0.0 0.0 0.0 0.0 0.0 0.0 0.0 0.0 0.0 0.0 1.0 0.0 0.0 0.0 0.746 1.0 0.746 0.746 0.0 0.0 -0.0 -0.0 0.723 1.0 0.723 0.0 0.723 0.0 0.0 0.0 0.0 0.0 0.0 0.0 0.0 0.0 0.0 0.769 1.0 0.769 0.0 0.769
0.0 0.0 0.0 0.0 0.0 0.0 0.0 0.0 0.0 0.0 0.0 0.0 0.0 0.0 0.0 0.0 0.0 0.0 0.0 0.0 0.0 0.0 0.0 0.0 0.0 0.5695 1.0 0.849 0.29 0.0 0.0 -0.0 -0.0 0.6635 1.0 0.922 0.0 0.405 0.7070000000000001 1.0 0.776 0.0 0.638 -0.36 0.5 0.0 -0.36 -0.36 0.484 0.5 0.484 0.0 0.484
0.0 0.0 0.0 0.0 0.0 0.0 0.0 0.0 0.0 0.0 0.0 0.0 0.0 0.0 0.0 0.0 0.0 0.0 0.0 0.0 0.0 0.0 0.0 1.0 0.0 0.5586666666666666 1.0 0.815 0.746 0.0 0.0 -0.0 -0.0 0.49466666666666664 1.0 0.723 0.0 0.723 0.274 0.3333333333333333 0.274 0.0 0.274 -0.11 0.3333333333333333 0.0 -0.11 -0.11 0.6470000000000001 1.0 0.928 0.0 0.769
0.0 0.0 0.0 0.0 0.0 0.0 0.0 0.0 0.0 0.0 0.0 0.0 0.0 0.0 0.0 0.0 0.0 0.0 0.0 0.0 0.0 0.0 0.0 0.0 0.0 0.5810000000000001 0.75 0.789 0.208 0.58 0.25 -0.0 0.58 0.26774999999999993 1.0 0.723 -0.58 -0.58 -0.2755 0.5 0.239 -0.79 0.239 0.30500000000000005 0.5 0.561 0.0 0.561 0.35750000000000004 1.0 0.935 -0.62 -0.62
0.0 0.0 0.0 0.0 0.0 0.0 0.0 0.0 0.0 0.0 0.0 2.0 0.0 1.0 0.0 0.0 0.0 0.0 0.0 0.0 0.0 0.0 0.0 0.0 0.0 0.4736176470588235 0.7906976744186046 0.935 0.746 0.23333333333333328 0.20930232558139536 -0.0 0.03 0.30827027027027026 0.8604651162790697 0.956 -0.83 0.723 0.07440625000000001 0.7441860465116279 0.964 -0.94 -0.72 -0.07635714285714286 0.32558139534883723 0.513 -0.92 -0.04 0.3356428571428572 0.6511627906976745 0.935 -0.96 0.769
0.0 0.0 0.0 0.0 0.0 0.0 1.0 0.0 0.0 0.0 0.0 0.0 0.0 0.0 0.0 0.0 0.0 0.0 0.0 0.0 0.0 1.0 0.0 0.0 0.0 0.48842857142857143 0.7777777777777778 0.935 0.067 0.07 0.2222222222222222 -0.0 0.09 0.36699999999999994 0.8888888888888888 0.956 -0.12 0.033 0.01449999999999999 0.6666666666666666 0.782 -0.79 0.158 -0.04033333333333333 0.3333333333333333 0.029 -0.09 -0.06 0.4618333333333333 0.6666666666666666 0.935 -0.06 0.145
0.0 0.0 0.0 0.0 0.0 0.0 1.0 0.0 0.0 0.0 0.0 0.0 0.0 0.0 0.0 0.0 0.0 0.0 0.0 0.0 0.0 1.0 0.0 0.0 0.0 0.6390000000000001 0.7777777777777778 0.935 0.935 0.58 0.2222222222222222 -0.0 0.58 0.3432222222222222 1.0 0.956 -0.58 -0.58 0.07074999999999998 0.4444444444444444 0.964 -0.79 0.239 0.30000000000000004 0.4444444444444444 0.561 0.0 0.561 0.3788571428571429 0.7777777777777778 0.935 -0.62 -0.62
0.0 0.0 0.0 0.0 0.0 0.0 0.0 0.0 0.0 0.0 0.0 0.0 0.0 0.0 0.0 0.0 0.0 0.0 0.0 0.0 0.0 0.0 0.0 1.0 0.0 0.746 1.0 0.746 0.746 0.0 0.0 -0.0 -0.0 0.723 1.0 0.723 0.0 0.723 0.0 0.0 0.0 0.0 0.0 0.0 0.0 0.0 0.0 0.0 0.769 1.0 0.769 0.0 0.769
0.0 0.0 0.0 0.0 0.0 0.0 0.0 0.0 0.0 0.0 0.0 0.0 0.0 0.0 0.0 0.0 0.0 0.0 0.0 0.0 0.0 0.0 0.0 0.0 0.0 0.796 1.0 0.846 0.746 0.0 0.0 -0.0 -0.0 0.723 0.5 0.723 0.0 0.723 -0.94 0.5 0.0 -0.94 -0.94 0.0 0.0 0.0 0.0 0.0 0.7565 1.0 0.769 0.0 0.769
0.0 0.0 0.0 0.0 0.0 0.0 0.0 0.0 0.0 0.0 0.0 0.0 0.0 0.0 0.0 0.0 0.0 0.0 0.0 0.0 0.0 0.0 0.0 1.0 0.0 0.6238333333333334 0.75 0.935 0.833 0.6950000000000001 0.25 -0.0 0.81 0.23333333333333336 0.75 0.956 -0.95 0.956 0.455 0.375 0.93 0.0 0.93 0.30025 0.5 0.721 -0.13 0.721 0.3125 1.0 0.914 -0.75 0.735
0.0 0.0 0.0 0.0 0.0 0.0 0.0 0.0 0.0 0.0 0.0 0.0 0.0 0.0 0.0 0.0 0.0 0.0 0.0 0.0 0.0 0.0 0.0 1.0 0.0 0.6980000000000002 0.7894736842105263 0.935 0.806 0.6299999999999999 0.21052631578947367 -0.0 0.76 0.3746111111111111 0.9473684210526315 0.956 -0.78 0.906 0.3132 0.5263157894736842 0.964 -0.85 0.715 0.4205 0.21052631578947367 0.561 0.0 0.049 0.3531250000000001 0.8421052631578947 0.928 -0.73 0.796
0.0 0.0 0.0 0.0 0.0 0.0 1.0 0.0 0.0 0.0 0.0 0.0 0.0 0.0 0.0 0.0 0.0 0.0 0.0 0.0 0.0 1.0 0.0 0.0 0.0 0.608 0.75 0.815 0.746 0.76 0.25 -0.0 0.76 0.19299999999999998 1.0 0.723 -0.77 0.723 -0.24 0.25 0.0 -0.24 -0.24 -0.75 0.25 0.0 -0.75 -0.75 0.7066666666666667 0.75 0.928 0.0 0.769
0.0 0.0 0.0 0.0 0.0 0.0 1.0 0.0 0.0 0.0 0.0 0.0 0.0 0.0 0.0 0.0 0.0 0.0 0.0 0.0 0.0 1.0 0.0 0.0 0.0 0.7132000000000001 1.0 0.931 0.746 0.0 0.0 -0.0 -0.0 0.6819999999999999 1.0 0.898 0.0 0.723 0.2783333333333333 0.6 0.964 -0.79 0.964 -0.31 0.2 0.0 -0.31 -0.31 0.7422500000000001 0.8 0.935 0.0 0.769
0.0 0.0 0.0 0.0 0.0 0.0 0.0 0.0 0.0 0.0 0.0 0.0 0.0 0.0 0.0 0.0 0.0 0.0 0.0 0.0 0.0 0.0 0.0 1.0 0.0 0.4048333333333334 0.9230769230769231 0.841 0.186 0.66 0.07692307692307693 -0.0 0.66 0.22455555555555554 0.6923076923076923 0.829 -0.78 0.229 0.4074545454545454 0.8461538461538461 0.87 0.0 0.29 0.020666666666666656 0.46153846153846156 0.585 -0.2 -0.14 0.31622222222222224 0.6923076923076923 0.811 -0.63 0.418
0.0 0.0 0.0 0.0 0.0 0.0 0.0 0.0 0.0 0.0 0.0 0.0 0.0 0.0 0.0 0.0 0.0 0.0 0.0 0.0 0.0 0.0 0.0 1.0 0.0 0.5892727272727273 0.9166666666666666 0.935 0.043 0.58 0.08333333333333333 -0.0 0.58 0.4815833333333333 1.0 0.986 -0.58 -0.07 0.056000000000000015 0.4166666666666667 0.776 -0.94 0.112 0.18333333333333335 0.25 0.561 -0.06 -0.06 0.4786363636363636 0.9166666666666666 0.914 -0.62 0.191
0.0 0.0 0.0 0.0 0.0 0.0 1.0 0.0 0.0 0.0 0.0 0.0 0.0 0.0 0.0 0.0 0.0 0.0 0.0 0.0 0.0 1.0 0.0 0.0 0.0 0.746 1.0 0.746 0.746 0.0 0.0 -0.0 -0.0 0.723 1.0 0.723 0.0 0.723 0.0 0.0 0.0 0.0 0.0 0.0 0.0 0.0 0.0 0.0 0.769 1.0 0.769 0.0 0.769
0.0 0.0 0.0 0.0 0.0 0.0 1.0 0.0 1.0 0.0 0.0 0.0 0.0 0.0 0.0 0.0 0.0 0.0 0.0 0.0 0.0 0.0 0.0 1.0 0.0 0.48666666666666675 0.6666666666666666 0.911 0.103 0.5133333333333334 0.3333333333333333 -0.0 0.07 0.187625 0.8888888888888888 0.935 -0.78 -0.77 -0.1842 0.5555555555555556 0.345 -0.87 0.165 0.19566666666666666 0.6666666666666666 0.816 -0.23 0.084 0.1854444444444444 1.0 0.958 -0.85 -0.06
0.0 0.0 0.0 0.0 0.0 0.0 0.0 0.0 0.0 0.0 0.0 0.0 0.0 0.0 0.0 0.0 0.0 0.0 0.0 0.0 0.0 0.0 0.0 0.0 0.0 0.6681999999999999 1.0 0.877 0.746 0.0 0.0 -0.0 -0.0 0.6325 0.8 0.789 0.0 0.723 0.499 0.4 0.759 0.0 0.759 0.049 0.2 0.049 0.0 0.049 0.7234 1.0 0.964 0.0 0.769
0.0 0.0 0.0 0.0 0.0 0.0 0.0 0.0 0.0 0.0 0.0 0.0 0.0 0.0 0.0 0.0 0.0 0.0 0.0 0.0 0.0 0.0 0.0 0.0 0.0 0.746 1.0 0.746 0.746 0.0 0.0 -0.0 -0.0 0.723 1.0 0.723 0.0 0.723 0.0 0.0 0.0 0.0 0.0 0.0 0.0 0.0 0.0 0.0 0.769 1.0 0.769 0.0 0.769
0.0 0.0 0.0 0.0 0.0 1.0 1.0 0.0 0.0 0.0 0.0 1.0 1.0 0.0 0.0 0.0 0.0 0.0 0.0 0.0 0.0 1.0 0.0 0.0 0.0 0.6807333333333332 0.8823529411764706 0.943 0.12 0.79 0.11764705882352941 -0.0 0.7 0.6478333333333334 0.7058823529411765 0.956 -0.75 0.817 0.06681818181818182 0.6470588235294118 0.979 -0.94 0.78 0.614 0.058823529411764705 0.614 0.0 0.614 0.4258571428571429 0.8235294117647058 0.971 -0.88 0.12
0.0 0.0 0.0 0.0 0.0 0.0 0.0 0.0 0.0 0.0 0.0 0.0 0.0 0.0 0.0 0.0 0.0 0.0 0.0 0.0 0.0 0.0 0.0 0.0 0.0 0.7805 1.0 0.815 0.746 0.0 0.0 -0.0 -0.0 0.7124999999999999 1.0 0.723 0.0 0.723 0.0 0.0 0.0 0.0 0.0 0.0 0.0 0.0 0.0 0.0 0.8485 1.0 0.928 0.0 0.769
0.0 0.0 0.0 0.0 0.0 0.0 0.0 0.0 0.0 0.0 0.0 0.0 0.0 0.0 0.0 0.0 0.0 0.0 0.0 0.0 0.0 0.0 0.0 0.0 0.0 0.4515 0.4 0.746 0.746 0.32666666666666666 0.6 -0.0 0.08 -0.073 1.0 0.723 -0.95 -0.1 0.191 0.2 0.191 0.0 0.191 0.33549999999999996 0.4 0.721 -0.05 -0.05 0.03924999999999998 0.8 0.769 -0.75 0.769
0.0 1.0 0.0 0.0 1.0 3.0 5.0 0.0 3.0 1.0 1.0 7.0 0.0 6.0 0.0 0.0 0.0 0.0 0.0 0.0 0.0 0.0 0.0 1.0 0.0 0.5908190045248863 0.8339622641509434 0.943 0.738 0.6263636363636361 0.1660377358490566 -0.0 0.83 0.37777477477477484 0.8377358490566038 0.979 -0.98 0.719 0.04111864406779658 0.6679245283018868 0.979 -0.94 0.757 0.0808275862068965 0.3283018867924528 0.99 -1.0 0.809 0.39437229437229426 0.8716981132075472 0.96 -0.99 0.895
0.0 0.0 0.0 0.0 0.0 0.0 1.0 0.0 0.0 0.0 0.0 0.0 0.0 0.0 0.0 0.0 0.0 0.0 0.0 0.0 0.0 1.0 0.0 0.0 0.0 0.7246666666666668 0.8571428571428571 0.935 0.746 0.58 0.14285714285714285 -0.0 0.58 0.5279999999999999 1.0 0.956 -0.58 0.723 0.18433333333333332 0.42857142857142855 0.964 -0.65 0.964 0.30500000000000005 0.2857142857142857 0.561 0.0 0.049 0.5208333333333334 0.8571428571428571 0.928 -0.62 0.769
0.0 0.0 0.0 0.0 0.0 0.0 0.0 0.0 0.0 1.0 0.0 2.0 0.0 0.0 0.0 0.0 0.0 0.0 0.0 0.0 0.0 0.0 0.0 1.0 0.0 0.5068888888888889 0.9 0.843 0.152 0.58 0.1 -0.0 0.58 0.37987499999999996 0.8 1.0 -0.58 0.049 0.0825 0.8 0.795 -0.87 0.212 0.1136666666666667 0.3 0.561 -0.13 -0.13 0.4056 1.0 0.935 -0.62 0.195
0.0 0.0 0.0 0.0 1.0 0.0 0.0 0.0 0.0 0.0 0.0 0.0 0.0 0.0 0.0 0.0 0.0 0.0 0.0 0.0 0.0 0.0 0.0 0.0 0.0 0.5896666666666667 1.0 0.815 0.815 0.0 0.0 -0.0 -0.0 0.5733333333333334 1.0 0.723 0.0 0.702 0.239 0.3333333333333333 0.239 0.0 0.239 0.049 0.3333333333333333 0.049 0.0 0.049 0.681 1.0 0.928 0.0 0.928
0.0 0.0 0.0 0.0 0.0 0.0 0.0 0.0 0.0 0.0 0.0 0.0 0.0 0.0 0.0 0.0 0.0 0.0 0.0 0.0 0.0 0.0 0.0 1.0 0.0 0.3798 0.8333333333333334 0.943 0.746 0.04 0.16666666666666666 -0.0 0.04 0.1815 0.6666666666666666 0.723 -0.08 0.723 0.4046666666666667 0.5 0.943 0.0 0.1 -0.04900000000000001 0.5 0.083 -0.13 -0.13 0.26559999999999995 0.8333333333333334 0.769 0.0 0.769
0.0 0.0 0.0 0.0 0.0 0.0 1.0 0.0 0.0 0.0 0.0 0.0 0.0 0.0 0.0 0.0 0.0 0.0 0.0 0.0 0.0 1.0 0.0 0.0 0.0 0.82025 1.0 0.931 0.746 0.0 0.0 -0.0 -0.0 0.739 1.0 0.898 0.0 0.723 0.08699999999999997 0.5 0.964 -0.79 0.964 0.0 0.0 0.0 0.0 0.0 0.8773333333333334 0.75 0.935 0.0 0.769
0.0 0.0 0.0 0.0 0.0 0.0 0.0 0.0 0.0 0.0 0.0 0.0 0.0 0.0 0.0 0.0 0.0 0.0 0.0 0.0 0.0 0.0 0.0 0.0 0.0 0.7805 1.0 0.815 0.746 0.0 0.0 -0.0 -0.0 0.7124999999999999 1.0 0.723 0.0 0.723 0.0 0.0 0.0 0.0 0.0 0.0 0.0 0.0 0.0 0.0 0.8485 1.0 0.928 0.0 0.769
0.0 0.0 0.0 0.0 0.0 0.0 0.0 0.0 0.0 0.0 0.0 0.0 0.0 0.0 0.0 0.0 0.0 0.0 0.0 0.0 0.0 0.0 0.0 1.0 0.0 0.7805 1.0 0.815 0.746 0.0 0.0 -0.0 -0.0 0.7124999999999999 1.0 0.723 0.0 0.723 0.0 0.0 0.0 0.0 0.0 0.0 0.0 0.0 0.0 0.0 0.8485 1.0 0.928 0.0 0.769
0.0 0.0 0.0 0.0 0.0 0.0 0.0 0.0 0.0 0.0 0.0 1.0 0.0 0.0 0.0 0.0 0.0 0.0 0.0 0.0 0.0 0.0 0.0 1.0 0.0 0.5261 0.8333333333333334 0.935 0.748 0.62 0.16666666666666666 -0.0 0.58 0.3074545454545455 0.9166666666666666 0.956 -0.78 0.777 0.08725000000000001 0.6666666666666666 0.892 -0.96 -0.85 0.24625000000000002 0.3333333333333333 0.585 -0.21 0.561 0.2924444444444445 0.75 0.914 -0.63 0.615
0.0 0.0 0.0 0.0 0.0 0.0 1.0 0.0 0.0 0.0 0.0 0.0 0.0 0.0 0.0 0.0 0.0 0.0 0.0 0.0 0.0 1.0 0.0 0.0 0.0 0.746 1.0 0.746 0.746 0.0 0.0 -0.0 -0.0 0.723 1.0 0.723 0.0 0.723 0.0 0.0 0.0 0.0 0.0 0.0 0.0 0.0 0.0 0.0 0.769 1.0 0.769 0.0 0.769
0.0 0.0 0.0 0.0 0.0 0.0 1.0 0.0 0.0 0.0 0.0 0.0 0.0 0.0 0.0 0.0 0.0 0.0 0.0 0.0 0.0 1.0 0.0 0.0 0.0 0.5996666666666667 0.75 0.935 0.766 0.6399999999999999 0.25 -0.0 0.58 0.31671428571428567 0.875 0.956 -0.75 0.719 0.53975 0.5 0.812 0.0 0.812 0.22600000000000003 0.5 0.614 -0.32 0.561 0.1751666666666667 0.75 0.914 -0.74 -0.62
0.0 0.0 0.0 0.0 0.0 0.0 1.0 0.0 0.0 0.0 0.0 0.0 0.0 0.0 0.0 0.0 0.0 0.0 0.0 0.0 0.0 1.0 0.0 0.0 0.0 0.7805 1.0 0.815 0.746 0.0 0.0 -0.0 -0.0 0.7124999999999999 1.0 0.723 0.0 0.723 0.0 0.0 0.0 0.0 0.0 0.0 0.0 0.0 0.0 0.0 0.8485 1.0 0.928 0.0 0.769
0.0 0.0 0.0 0.0 0.0 0.0 0.0 0.0 0.0 0.0 0.0 0.0 0.0 0.0 0.0 0.0 0.0 0.0 0.0 0.0 0.0 0.0 0.0 1.0 0.0 0.911 1.0 0.911 0.911 0.0 0.0 -0.0 -0.0 0.865 1.0 0.865 0.0 0.865 0.0 0.0 0.0 0.0 0.0 0.0 0.0 0.0 0.0 0.0 0.958 1.0 0.958 0.0 0.958
0.0 0.0 0.0 0.0 0.0 0.0 0.0 0.0 0.0 0.0 0.0 0.0 0.0 0.0 0.0 0.0 0.0 0.0 0.0 0.0 0.0 0.0 0.0 1.0 0.0 0.654 0.8571428571428571 0.935 0.727 0.58 0.14285714285714285 -0.0 0.58 0.4805714285714285 1.0 0.956 -0.58 0.577 -0.154 0.42857142857142855 0.239 -0.94 -0.94 0.2196666666666667 0.42857142857142855 0.561 0.0 0.049 0.5018571428571429 1.0 0.958 -0.62 0.655
0.0 0.0 0.0 0.0 0.0 0.0 1.0 0.0 0.0 0.0 0.0 0.0 0.0 0.0 0.0 0.0 0.0 0.0 0.0 0.0 0.0 1.0 0.0 0.0 0.0 0.5890000000000001 0.75 0.935 0.746 0.58 0.25 -0.0 0.58 0.36633333333333334 0.75 0.956 -0.58 0.723 0.196 0.25 0.196 0.0 0.196 0.21550000000000002 0.5 0.561 -0.13 0.561 0.31375000000000003 1.0 0.914 -0.62 0.769
0.0 0.0 0.0 0.0 0.0 0.0 1.0 0.0 0.0 0.0 0.0 0.0 0.0 0.0 0.0 0.0 0.0 0.0 0.0 0.0 0.0 1.0 0.0 0.0 0.0 0.7833333333333333 1.0 0.815 0.746 0.0 0.0 -0.0 -0.0 0.6859999999999999 1.0 0.723 0.0 0.723 -0.79 0.3333333333333333 0.0 -0.79 -0.79 0.0 0.0 0.0 0.0 0.0 0.8773333333333334 1.0 0.935 0.0 0.769
0.0 0.0 0.0 0.0 0.0 0.0 1.0 0.0 0.0 0.0 0.0 0.0 0.0 0.0 0.0 0.0 0.0 0.0 0.0 0.0 0.0 0.0 0.0 0.0 0.0 0.5765555555555556 0.8181818181818182 0.935 0.917 0.615 0.18181818181818182 -0.0 0.65 0.2701 0.9090909090909091 0.956 -0.86 -0.86 0.02616666666666667 0.5454545454545454 0.917 -0.79 0.917 0.4063333333333334 0.2727272727272727 0.609 0.0 0.609 0.35340000000000005 0.9090909090909091 0.935 -0.62 -0.5
0.0 0.0 0.0 0.0 0.0 0.0 0.0 0.0 0.0 0.0 0.0 0.0 0.0 0.0 0.0 0.0 0.0 0.0 0.0 0.0 0.0 0.0 0.0 1.0 0.0 0.8005 0.6666666666666666 0.823 0.823 0.58 0.3333333333333333 -0.0 0.58 0.36400000000000005 1.0 0.967 -0.58 0.967 0.795 0.3333333333333333 0.795 0.0 0.795 0.561 0.3333333333333333 0.561 0.0 0.561 0.3123333333333333 1.0 0.851 -0.62 0.706
