0.0 0.0 0.0 0.0 0.0 0.0 0.0 0.0 0.0 0.0 0.0 0.0 0.0 0.0 0.0 0.0 0.0 0.0 0.0 0.0 0.0 0.0 0.0 1.0 0.0 0.859 0.5 0.859 0.859 0.82 0.5 -0.0 0.82 -0.02200000000000002 1.0 0.856 -0.9 0.856 0.0 0.0 0.0 0.0 0.0 0.841 0.5 0.841 0.0 0.841 0.066 1.0 0.862 -0.73 0.862
0.0 0.0 0.0 0.0 0.0 1.0 0.0 0.0 0.0 0.0 0.0 0.0 0.0 0.0 0.0 0.0 0.0 0.0 0.0 0.0 0.0 0.0 1.0 0.0 0.0 0.062 1.0 0.062 0.062 0.0 0.0 -0.0 -0.0 -0.05 1.0 0.0 -0.05 -0.05 0.277 1.0 0.277 0.0 0.277 -0.08 1.0 0.0 -0.08 -0.08 0.111 1.0 0.111 0.0 0.111
0.0 0.0 0.0 0.0 0.0 0.0 0.0 0.0 0.0 0.0 0.0 0.0 0.0 0.0 0.0 0.0 0.0 0.0 0.0 0.0 0.0 0.0 0.0 0.0 0.0 0.660125 1.0 0.943 0.045 0.0 0.0 -0.0 -0.0 0.5621666666666667 0.75 0.956 -0.07 -0.07 0.30766666666666664 0.75 0.943 -0.79 0.095 -0.09 0.125 0.0 -0.09 -0.09 0.6475000000000001 0.75 0.976 0.0 0.111
0.0 0.0 0.0 0.0 0.0 0.0 1.0 0.0 0.0 0.0 0.0 0.0 0.0 0.0 0.0 0.0 0.0 0.0 0.0 0.0 0.0 0.0 0.0 1.0 0.0 0.42333333333333334 0.75 0.857 0.103 0.81 0.25 -0.0 0.81 0.23975 1.0 0.905 -0.77 0.098 0.5063333333333334 0.75 0.773 0.0 0.249 0.11866666666666666 0.75 0.816 -0.3 -0.16 0.15000000000000002 1.0 0.892 -0.85 0.233
0.0 0.0 0.0 0.0 0.0 0.0 1.0 0.0 0.0 0.0 0.0 0.0 0.0 1.0 0.0 0.0 0.0 0.0 0.0 0.0 0.0 0.0 0.0 0.0 0.0 0.642875 0.8 0.935 0.115 0.76 0.2 -0.0 0.78 0.32800000000000007 1.0 0.956 -0.82 -0.82 0.1205 0.4 0.858 -0.87 0.274 0.34299999999999997 0.4 0.958 -0.17 0.958 0.330125 0.8 0.914 -0.71 -0.55
0.0 0.0 0.0 0.0 0.0 0.0 0.0 0.0 0.0 0.0 0.0 0.0 0.0 0.0 0.0 0.0 0.0 0.0 0.0 0.0 0.0 0.0 0.0 1.0 0.0 0.6656874999999999 0.8421052631578947 0.986 0.091 0.5666666666666668 0.15789473684210525 -0.0 0.79 0.5291250000000001 0.8421052631578947 0.986 -0.85 -0.03 0.06123076923076923 0.6842105263157895 0.964 -0.94 0.152 0.1236 0.2631578947368421 0.948 -0.11 -0.08 0.3916923076923078 0.6842105263157895 0.935 -0.81 0.208
0.0 0.0 0.0 0.0 0.0 0.0 1.0 0.0 0.0 0.0 0.0 1.0 0.0 0.0 0.0 0.0 0.0 0.0 0.0 0.0 0.0 1.0 0.0 0.0 0.0 0.6779999999999999 1.0 0.935 0.823 0.0 0.0 -0.0 -0.0 0.73525 1.0 0.967 0.0 0.967 0.517 0.5 0.795 0.0 0.795 0.049 0.25 0.049 0.0 0.049 0.68375 1.0 0.914 0.0 0.706
0.0 0.0 0.0 0.0 0.0 0.0 0.0 0.0 0.0 0.0 0.0 0.0 0.0 0.0 0.0 0.0 0.0 0.0 0.0 0.0 0.0 0.0 0.0 1.0 0.0 0.468 0.6666666666666666 0.779 0.157 0.66 0.3333333333333333 -0.0 0.66 0.02866666666666667 1.0 0.784 -0.78 0.082 0.47750000000000004 0.6666666666666666 0.764 0.0 0.191 0.585 0.3333333333333333 0.585 0.0 0.585 0.11933333333333335 1.0 0.79 -0.63 0.198
0.0 0.0 0.0 0.0 0.0 0.0 1.0 0.0 0.0 0.0 0.0 0.0 0.0 0.0 0.0 0.0 0.0 0.0 0.0 0.0 0.0 0.0 0.0 1.0 0.0 0.4854375000000001 0.8421052631578947 0.951 0.766 0.7633333333333333 0.15789473684210525 -0.0 0.74 0.4140000000000001 0.631578947368421 0.956 -0.84 0.846 0.06035714285714285 0.7368421052631579 0.911 -0.79 -0.76 -0.11989999999999998 0.5263157894736842 0.955 -0.8 0.955 0.377235294117647 0.8947368421052632 0.99 -0.72 0.688
0.0 0.0 0.0 0.0 0.0 1.0 0.0 0.0 0.0 0.0 0.0 0.0 0.0 0.0 0.0 0.0 0.0 0.0 0.0 0.0 0.0 0.0 0.0 0.0 0.0 0.853 0.5 0.853 0.853 0.81 0.5 -0.0 0.81 -0.95 0.5 0.0 -0.95 -0.95 -0.85 0.5 0.0 -0.85 -0.85 0.721 0.5 0.721 0.0 0.721 0.05299999999999999 1.0 0.856 -0.75 0.856
0.0 0.0 0.0 0.0 0.0 0.0 0.0 0.0 0.0 0.0 0.0 0.0 0.0 0.0 0.0 0.0 0.0 0.0 0.0 0.0 0.0 0.0 0.0 0.0 0.0 0.4595 1.0 0.857 0.062 0.0 0.0 -0.0 -0.0 0.4275 1.0 0.905 -0.05 -0.05 0.525 1.0 0.773 0.0 0.277 -0.08 0.5 0.0 -0.08 -0.08 0.5015000000000001 1.0 0.892 0.0 0.111
0.0 0.0 0.0 0.0 0.0 0.0 1.0 0.0 0.0 0.0 0.0 0.0 0.0 0.0 0.0 0.0 0.0 0.0 0.0 0.0 0.0 1.0 0.0 0.0 0.0 0.7625 1.0 0.779 0.746 0.0 0.0 -0.0 -0.0 0.7535000000000001 1.0 0.784 0.0 0.723 0.764 0.5 0.764 0.0 0.764 0.0 0.0 0.0 0.0 0.0 0.7795000000000001 1.0 0.79 0.0 0.769
0.0 0.0 0.0 0.0 0.0 0.0 0.0 0.0 0.0 0.0 0.0 0.0 0.0 0.0 0.0 0.0 0.0 0.0 0.0 0.0 0.0 0.0 0.0 0.0 0.0 0.62625 0.8 0.849 0.806 0.65 0.2 -0.0 0.65 0.3122000000000001 1.0 0.922 -0.86 -0.86 0.20274999999999999 0.8 0.776 -0.79 0.715 0.609 0.2 0.609 0.0 0.609 0.33675000000000005 0.8 0.935 -0.5 -0.5
0.0 0.0 0.0 0.0 0.0 0.0 0.0 0.0 0.0 0.0 0.0 0.0 0.0 0.0 0.0 0.0 0.0 0.0 0.0 0.0 0.0 0.0 0.0 1.0 0.0 0.6327499999999999 0.8 0.849 0.806 0.58 0.2 -0.0 0.58 0.382 1.0 0.922 -0.58 0.906 0.5336666666666666 0.6 0.776 0.0 0.715 0.561 0.2 0.561 0.0 0.561 0.30500000000000005 0.8 0.928 -0.62 0.796
0.0 0.0 0.0 0.0 1.0 0.0 0.0 0.0 0.0 0.0 0.0 0.0 0.0 0.0 0.0 0.0 0.0 0.0 0.0 0.0 0.0 0.0 0.0 0.0 1.0 0.654 1.0 0.935 0.727 0.0 0.0 -0.0 -0.0 0.63775 1.0 0.956 0.0 0.577 -0.3505 0.5 0.239 -0.94 -0.94 0.049 0.25 0.049 0.0 0.049 0.671 1.0 0.914 0.0 0.655
0.0 0.0 0.0 0.0 0.0 0.0 1.0 0.0 0.0 0.0 0.0 0.0 0.0 0.0 0.0 0.0 0.0 0.0 0.0 0.0 0.0 1.0 0.0 0.0 0.0 0.911 1.0 0.911 0.911 0.0 0.0 -0.0 -0.0 0.865 1.0 0.865 0.0 0.865 0.0 0.0 0.0 0.0 0.0 0.0 0.0 0.0 0.0 0.0 0.958 1.0 0.958 0.0 0.958
0.0 0.0 0.0 0.0 0.0 0.0 0.0 0.0 0.0 0.0 0.0 0.0 0.0 1.0 0.0 0.0 0.0 0.0 0.0 0.0 0.0 0.0 0.0 1.0 0.0 0.49314285714285716 0.7 0.935 0.803 0.5633333333333334 0.3 -0.0 0.06 0.24374999999999994 0.8 0.956 -0.77 -0.07 -0.1791666666666667 0.6 0.339 -0.91 0.069 0.09899999999999999 0.4 0.816 -0.18 -0.18 0.264125 0.8 0.935 -0.85 0.892
0.0 0.0 0.0 0.0 0.0 0.0 0.0 0.0 0.0 0.0 0.0 0.0 0.0 0.0 0.0 0.0 0.0 0.0 0.0 0.0 0.0 0.0 0.0 1.0 0.0 0.36749999999999994 0.8 0.881 0.297 0.78 0.2 -0.0 0.78 0.18025000000000002 0.8 0.911 -0.75 0.515 0.042499999999999996 0.8 0.568 -0.85 0.568 0.16 0.6 0.82 -0.22 -0.22 0.2786666666666667 0.6 0.331 0.0 0.331
0.0 0.0 0.0 0.0 0.0 0.0 0.0 0.0 0.0 0.0 0.0 0.0 0.0 1.0 0.0 0.0 0.0 0.0 0.0 0.0 0.0 0.0 0.0 1.0 0.0 0.5293846153846155 0.6842105263157895 0.935 0.789 0.48499999999999993 0.3157894736842105 -0.0 0.15 0.1143529411764706 0.8947368421052632 0.956 -0.82 -0.45 -0.15223076923076923 0.6842105263157895 0.85 -0.87 0.154 0.15140000000000003 0.5263157894736842 0.998 -0.64 -0.39 0.32955555555555555 0.9473684210526315 0.941 -0.84 0.094
0.0 0.0 0.0 0.0 0.0 0.0 1.0 0.0 0.0 0.0 0.0 0.0 0.0 0.0 0.0 0.0 0.0 0.0 0.0 0.0 0.0 0.0 0.0 1.0 0.0 0.6325 0.75 0.943 0.915 0.74 0.25 -0.0 0.72 0.21628571428571425 0.875 0.946 -0.9 0.946 0.7757499999999999 0.5 0.943 0.0 0.816 0.029000000000000012 0.25 0.278 -0.22 0.278 0.07280000000000002 0.625 0.984 -0.99 0.984
0.0 0.0 0.0 0.0 0.0 0.0 0.0 0.0 0.0 0.0 0.0 0.0 0.0 0.0 0.0 0.0 0.0 0.0 0.0 0.0 0.0 0.0 0.0 1.0 0.0 0.62625 0.6666666666666666 0.849 0.806 0.615 0.3333333333333333 -0.0 0.65 0.16350000000000003 1.0 0.922 -0.86 -0.86 0.20274999999999999 0.6666666666666666 0.776 -0.79 0.715 0.585 0.3333333333333333 0.609 0.0 0.609 0.14540000000000003 0.8333333333333334 0.935 -0.62 -0.5
0.0 0.0 0.0 0.0 0.0 0.0 0.0 0.0 0.0 0.0 0.0 0.0 0.0 0.0 0.0 0.0 0.0 0.0 0.0 0.0 0.0 0.0 0.0 1.0 0.0 0.874 0.6666666666666666 0.959 0.959 0.66 0.3333333333333333 -0.0 0.66 0.26166666666666666 1.0 0.932 -0.78 0.932 -0.885 0.6666666666666666 0.0 -0.98 -0.98 0.585 0.3333333333333333 0.585 0.0 0.585 0.15250000000000002 0.6666666666666666 0.935 -0.63 -0.63
0.0 0.0 0.0 0.0 1.0 0.0 1.0 0.0 1.0 1.0 0.0 0.0 0.0 1.0 0.0 0.0 0.0 0.0 0.0 0.0 0.0 1.0 0.0 0.0 0.0 0.6144999999999999 1.0 0.939 0.753 0.0 0.0 -0.0 -0.0 0.5815000000000001 0.8 0.956 -0.05 0.541 0.06133333333333332 0.9 0.979 -0.94 -0.86 -0.08499999999999999 0.2 0.0 -0.09 -0.09 0.598875 0.8 0.935 0.0 0.85
0.0 0.0 0.0 0.0 0.0 0.0 0.0 0.0 0.0 0.0 0.0 0.0 0.0 0.0 0.0 0.0 0.0 0.0 0.0 0.0 0.0 0.0 0.0 1.0 0.0 0.6296666666666667 0.75 0.935 0.935 0.58 0.25 -0.0 0.58 0.34850000000000003 1.0 0.956 -0.58 -0.58 0.239 0.25 0.239 0.0 0.239 0.30500000000000005 0.5 0.561 0.0 0.561 0.35224999999999995 1.0 0.914 -0.62 -0.62
0.0 0.0 0.0 0.0 0.0 0.0 0.0 0.0 0.0 0.0 0.0 0.0 0.0 0.0 0.0 0.0 0.0 0.0 0.0 0.0 0.0 0.0 0.0 1.0 0.0 0.6759000000000001 0.9090909090909091 0.935 0.753 0.7 0.09090909090909091 -0.0 0.7 0.5938 0.9090909090909091 0.956 -0.59 0.686 -0.2644285714285715 0.6363636363636364 0.828 -0.88 -0.77 0.316 0.18181818181818182 0.672 -0.04 0.672 0.6199 0.9090909090909091 0.958 -0.83 0.797
0.0 0.0 0.0 0.0 0.0 0.0 0.0 0.0 0.0 0.0 0.0 0.0 0.0 0.0 0.0 0.0 0.0 0.0 0.0 0.0 0.0 0.0 0.0 1.0 0.0 0.746 1.0 0.746 0.746 0.0 0.0 -0.0 -0.0 0.723 1.0 0.723 0.0 0.723 0.0 0.0 0.0 0.0 0.0 0.0 0.0 0.0 0.0 0.0 0.769 1.0 0.769 0.0 0.769
0.0 0.0 0.0 0.0 0.0 2.0 0.0 0.0 1.0 0.0 0.0 0.0 0.0 1.0 0.0 0.0 0.0 0.0 0.0 0.0 0.0 0.0 0.0 1.0 0.0 0.5068085106382977 0.7704918032786885 0.943 0.82 0.6385714285714286 0.22950819672131148 -0.0 0.85 0.20210000000000009 0.819672131147541 0.956 -0.96 0.723 0.018902439024390233 0.6721311475409836 0.943 -0.87 0.816 0.09613793103448275 0.47540983606557374 0.752 -0.94 -0.06 0.24774999999999994 0.9180327868852459 0.935 -0.98 0.922
0.0 0.0 0.0 0.0 0.0 0.0 0.0 0.0 0.0 0.0 0.0 0.0 0.0 0.0 0.0 0.0 0.0 0.0 0.0 0.0 0.0 0.0 0.0 1.0 0.0 0.83 1.0 0.83 0.83 0.0 0.0 -0.0 -0.0 1.0 1.0 1.0 0.0 1.0 0.0 0.0 0.0 0.0 0.0 0.0 0.0 0.0 0.0 0.0 0.66 1.0 0.66 0.0 0.66
0.0 0.0 0.0 0.0 0.0 0.0 0.0 0.0 0.0 0.0 0.0 0.0 0.0 0.0 0.0 0.0 0.0 0.0 0.0 0.0 0.0 0.0 0.0 1.0 0.0 0.7805 1.0 0.815 0.746 0.0 0.0 -0.0 -0.0 0.7124999999999999 1.0 0.723 0.0 0.723 0.0 0.0 0.0 0.0 0.0 0.0 0.0 0.0 0.0 0.0 0.8485 1.0 0.928 0.0 0.769
0.0 0.0 0.0 0.0 0.0 0.0 0.0 0.0 0.0 0.0 0.0 0.0 0.0 0.0 0.0 0.0 0.0 0.0 0.0 0.0 0.0 0.0 0.0 0.0 0.0 0.746 1.0 0.746 0.746 0.0 0.0 -0.0 -0.0 0.723 1.0 0.723 0.0 0.723 0.0 0.0 0.0 0.0 0.0 0.0 0.0 0.0 0.0 0.0 0.769 1.0 0.769 0.0 0.769
0.0 0.0 0.0 0.0 0.0 0.0 0.0 0.0 0.0 0.0 0.0 0.0 0.0 0.0 0.0 0.0 0.0 0.0 0.0 0.0 0.0 0.0 0.0 1.0 0.0 0.43100000000000005 0.8888888888888888 0.805 0.103 0.05 0.1111111111111111 -0.0 0.05 0.36650000000000005 0.8888888888888888 0.743 -0.07 -0.07 -0.0746 0.5555555555555556 0.249 -0.79 -0.01 -0.05725 0.4444444444444444 0.081 -0.16 -0.09 0.519 0.8888888888888888 0.935 0.0 0.233
0.0 0.0 0.0 0.0 0.0 0.0 0.0 0.0 0.0 0.0 0.0 0.0 0.0 0.0 0.0 0.0 0.0 0.0 0.0 0.0 0.0 0.0 0.0 0.0 0.0 0.746 1.0 0.746 0.746 0.0 0.0 -0.0 -0.0 0.723 1.0 0.723 0.0 0.723 0.0 0.0 0.0 0.0 0.0 0.0 0.0 0.0 0.0 0.0 0.769 1.0 0.769 0.0 0.769
0.0 0.0 0.0 0.0 0.0 0.0 0.0 0.0 0.0 0.0 0.0 0.0 0.0 0.0 0.0 0.0 0.0 0.0 0.0 0.0 0.0 0.0 0.0 0.0 0.0 0.32 1.0 0.746 0.057 0.0 0.0 -0.0 -0.0 0.24499999999999997 1.0 0.723 -0.07 -0.07 0.20900000000000002 0.6666666666666666 0.227 0.0 0.227 -0.13 0.3333333333333333 0.0 -0.13 -0.13 0.39000000000000007 1.0 0.769 0.0 0.203
0.0 0.0 0.0 0.0 0.0 0.0 1.0 0.0 0.0 0.0 0.0 0.0 0.0 0.0 0.0 0.0 0.0 0.0 0.0 0.0 0.0 1.0 0.0 0.0 0.0 0.746 1.0 0.746 0.746 0.0 0.0 -0.0 -0.0 0.723 1.0 0.723 0.0 0.723 0.0 0.0 0.0 0.0 0.0 0.0 0.0 0.0 0.0 0.0 0.769 1.0 0.769 0.0 0.769
0.0 0.0 0.0 0.0 0.0 0.0 0.0 0.0 0.0 0.0 0.0 0.0 0.0 0.0 0.0 0.0 0.0 0.0 0.0 0.0 0.0 0.0 0.0 1.0 0.0 0.3323333333333333 1.0 0.746 0.043 0.0 0.0 -0.0 -0.0 0.316 1.0 0.723 -0.07 -0.07 0.1755 0.6666666666666666 0.239 0.0 0.112 -0.005499999999999998 0.6666666666666666 0.049 -0.06 -0.06 0.43533333333333335 1.0 0.769 0.0 0.191
0.0 0.0 0.0 0.0 0.0 0.0 1.0 0.0 0.0 0.0 0.0 0.0 0.0 0.0 0.0 0.0 0.0 0.0 0.0 0.0 0.0 1.0 0.0 0.0 0.0 0.7805 1.0 0.815 0.746 0.0 0.0 -0.0 -0.0 0.7124999999999999 1.0 0.723 0.0 0.723 0.0 0.0 0.0 0.0 0.0 0.0 0.0 0.0 0.0 0.0 0.8485 1.0 0.928 0.0 0.769
0.0 0.0 0.0 0.0 0.0 0.0 0.0 0.0 0.0 0.0 0.0 0.0 0.0 0.0 0.0 0.0 0.0 0.0 0.0 0.0 0.0 0.0 0.0 1.0 0.0 0.477 1.0 0.746 0.746 0.0 0.0 -0.0 -0.0 0.509 1.0 0.723 0.0 0.723 0.239 0.5 0.239 0.0 0.239 0.049 0.5 0.049 0.0 0.049 0.5575 1.0 0.769 0.0 0.769
0.0 0.0 0.0 0.0 0.0 0.0 1.0 0.0 0.0 0.0 0.0 0.0 0.0 0.0 0.0 0.0 0.0 0.0 0.0 0.0 0.0 1.0 0.0 0.0 0.0 0.746 1.0 0.746 0.746 0.0 0.0 -0.0 -0.0 0.723 1.0 0.723 0.0 0.723 0.0 0.0 0.0 0.0 0.0 0.0 0.0 0.0 0.0 0.0 0.769 1.0 0.769 0.0 0.769
0.0 0.0 0.0 0.0 0.0 0.0 1.0 0.0 0.0 0.0 0.0 0.0 0.0 0.0 0.0 0.0 0.0 0.0 0.0 0.0 0.0 1.0 0.0 0.0 0.0 0.746 1.0 0.746 0.746 0.0 0.0 -0.0 -0.0 0.723 1.0 0.723 0.0 0.723 0.0 0.0 0.0 0.0 0.0 0.0 0.0 0.0 0.0 0.0 0.769 1.0 0.769 0.0 0.769
0.0 0.0 0.0 0.0 0.0 0.0 1.0 0.0 0.0 0.0 0.0 0.0 0.0 0.0 0.0 0.0 0.0 0.0 0.0 0.0 0.0 0.0 0.0 1.0 0.0 0.416 0.6666666666666666 0.746 0.746 0.58 0.3333333333333333 -0.0 0.58 0.07150000000000001 0.6666666666666666 0.723 -0.58 0.723 0.196 0.3333333333333333 0.196 0.0 0.196 0.21550000000000002 0.6666666666666666 0.561 -0.13 -0.13 0.11366666666666668 1.0 0.769 -0.62 0.769
0.0 0.0 0.0 0.0 0.0 0.0 0.0 0.0 0.0 0.0 0.0 0.0 0.0 0.0 0.0 0.0 0.0 0.0 0.0 0.0 0.0 0.0 0.0 1.0 0.0 0.746 1.0 0.746 0.746 0.0 0.0 -0.0 -0.0 0.723 1.0 0.723 0.0 0.723 0.0 0.0 0.0 0.0 0.0 0.0 0.0 0.0 0.0 0.0 0.769 1.0 0.769 0.0 0.769
0.0 0.0 0.0 0.0 0.0 0.0 1.0 0.0 0.0 0.0 0.0 0.0 0.0 0.0 0.0 0.0 0.0 0.0 0.0 0.0 0.0 1.0 0.0 0.0 0.0 0.7805 0.6666666666666666 0.815 0.746 0.09 0.3333333333333333 -0.0 0.09 0.435 1.0 0.723 -0.12 0.723 0.0 0.0 0.0 0.0 0.0 0.0 0.0 0.0 0.0 0.0 0.5456666666666666 1.0 0.928 -0.06 0.769
0.0 0.0 0.0 0.0 0.0 0.0 0.0 0.0 0.0 0.0 0.0 0.0 0.0 0.0 0.0 0.0 0.0 0.0 0.0 0.0 0.0 0.0 0.0 1.0 0.0 0.6124285714285714 0.7777777777777778 0.883 0.844 0.6699999999999999 0.2222222222222222 -0.0 0.76 0.28922222222222227 1.0 0.905 -0.77 0.737 0.21060000000000004 0.5555555555555556 0.949 -0.95 -0.95 -0.09633333333333331 0.3333333333333333 0.561 -0.75 -0.75 0.44542857142857145 0.7777777777777778 0.928 -0.62 0.821
0.0 0.0 0.0 0.0 0.0 0.0 0.0 0.0 0.0 0.0 0.0 0.0 0.0 0.0 0.0 0.0 0.0 0.0 0.0 0.0 0.0 0.0 0.0 1.0 0.0 0.6022500000000003 0.8275862068965517 0.939 0.875 0.772 0.1724137931034483 -0.0 0.74 0.343448275862069 1.0 0.963 -0.95 0.75 -0.08922222222222222 0.6206896551724138 0.979 -0.88 -0.88 0.10477777777777776 0.3103448275862069 0.721 -0.21 -0.06 0.3391923076923077 0.896551724137931 0.989 -0.75 0.989
0.0 0.0 0.0 0.0 0.0 0.0 1.0 0.0 0.0 0.0 0.0 0.0 0.0 0.0 0.0 0.0 0.0 0.0 0.0 0.0 0.0 0.0 0.0 1.0 0.0 0.701 0.8571428571428571 0.935 0.789 0.66 0.14285714285714285 -0.0 0.66 0.4615714285714286 1.0 0.956 -0.78 0.633 -0.4003333333333334 0.42857142857142855 0.239 -0.79 -0.79 0.317 0.2857142857142857 0.585 0.0 0.585 0.5785714285714286 1.0 0.935 -0.63 0.935
0.0 0.0 0.0 0.0 0.0 0.0 0.0 0.0 0.0 0.0 0.0 0.0 0.0 3.0 0.0 0.0 0.0 0.0 0.0 0.0 0.0 0.0 0.0 0.0 0.0 0.5376296296296297 0.8709677419354839 0.943 0.074 0.5562499999999999 0.12903225806451613 -0.0 0.84 0.39197674418604644 0.6935483870967742 0.99 -0.99 0.057 -0.07331111111111113 0.7258064516129032 0.943 -0.94 0.141 -0.08886363636363638 0.3548387096774194 0.841 -0.74 -0.06 0.4233859649122807 0.9193548387096774 0.935 -0.78 0.162
0.0 0.0 0.0 0.0 0.0 0.0 0.0 0.0 0.0 0.0 0.0 0.0 0.0 1.0 0.0 0.0 0.0 0.0 0.0 0.0 0.0 0.0 0.0 1.0 0.0 0.5542857142857144 0.5833333333333334 0.922 0.746 0.7000000000000001 0.4166666666666667 -0.0 0.58 -0.28255555555555556 0.75 0.723 -0.82 0.723 0.25233333333333335 0.5 0.96 -0.94 0.239 0.25657142857142856 0.5833333333333334 0.99 -0.8 0.049 0.13190909090909092 0.9166666666666666 0.947 -0.87 0.769
0.0 0.0 0.0 0.0 0.0 0.0 0.0 0.0 0.0 0.0 0.0 1.0 0.0 0.0 0.0 0.0 0.0 0.0 0.0 0.0 0.0 0.0 0.0 1.0 0.0 0.5810000000000001 1.0 0.935 0.109 0.0 0.0 -0.0 -0.0 0.6971999999999999 0.8333333333333334 0.956 0.0 0.956 -0.31575 0.6666666666666666 0.239 -0.94 0.238 0.0315 0.3333333333333333 0.049 0.0 0.014 0.5558333333333334 1.0 0.914 0.0 0.104
0.0 0.0 0.0 0.0 0.0 0.0 1.0 0.0 0.0 0.0 0.0 0.0 0.0 0.0 0.0 0.0 0.0 0.0 0.0 0.0 0.0 1.0 0.0 0.0 0.0 0.8615 1.0 0.931 0.911 0.0 0.0 -0.0 -0.0 0.7745 1.0 0.898 0.0 0.865 0.08699999999999997 0.5 0.964 -0.79 0.964 0.0 0.0 0.0 0.0 0.0 0.9403333333333332 0.75 0.958 0.0 0.958
0.0 0.0 1.0 0.0 0.0 0.0 2.0 0.0 0.0 0.0 0.0 0.0 0.0 0.0 0.0 0.0 0.0 0.0 0.0 0.0 0.0 1.0 0.0 0.0 0.0 0.0 0.0 0.0 0.0 0.0 0.0 -0.0 -0.0 0.0 0.0 0.0 0.0 0.0 0.0 0.0 0.0 0.0 0.0 0.0 0.0 0.0 0.0 0.0 0.0 0.0 0.0 0.0 0.0
0.0 0.0 0.0 0.0 0.0 0.0 0.0 0.0 0.0 0.0 0.0 0.0 0.0 0.0 0.0 0.0 0.0 0.0 0.0 0.0 0.0 0.0 0.0 1.0 0.0 0.49475 0.8 0.935 0.09 0.91 0.2 -0.0 0.91 0.486 0.8 0.956 -0.03 -0.03 0.22549999999999998 0.4 0.239 0.0 0.212 0.443 0.4 0.837 0.0 0.049 0.22640000000000002 1.0 0.914 -0.99 0.093
0.0 0.0 0.0 0.0 0.0 0.0 0.0 0.0 0.0 0.0 0.0 0.0 0.0 0.0 0.0 0.0 0.0 0.0 0.0 0.0 0.0 0.0 0.0 0.0 0.0 0.6759999999999999 0.8 0.935 0.935 0.58 0.2 -0.0 0.58 0.4191999999999999 1.0 0.956 -0.58 -0.58 0.239 0.2 0.239 0.0 0.239 0.30500000000000005 0.4 0.561 0.0 0.561 0.46740000000000004 1.0 0.928 -0.62 -0.62
0.0 0.0 0.0 0.0 0.0 0.0 0.0 0.0 0.0 0.0 0.0 0.0 0.0 0.0 0.0 0.0 0.0 0.0 0.0 0.0 0.0 0.0 0.0 1.0 0.0 0.82025 1.0 0.931 0.746 0.0 0.0 -0.0 -0.0 0.739 1.0 0.898 0.0 0.723 0.08699999999999997 0.5 0.964 -0.79 0.964 0.0 0.0 0.0 0.0 0.0 0.8773333333333334 0.75 0.935 0.0 0.769
0.0 0.0 0.0 0.0 0.0 0.0 1.0 0.0 0.0 0.0 0.0 0.0 0.0 0.0 0.0 0.0 0.0 0.0 0.0 0.0 0.0 1.0 0.0 0.0 0.0 0.5586666666666666 1.0 0.815 0.746 0.0 0.0 -0.0 -0.0 0.49466666666666664 1.0 0.723 0.0 0.723 0.274 0.3333333333333333 0.274 0.0 0.274 -0.11 0.3333333333333333 0.0 -0.11 -0.11 0.6470000000000001 1.0 0.928 0.0 0.769
0.0 0.0 0.0 0.0 0.0 0.0 1.0 0.0 0.0 0.0 0.0 0.0 0.0 0.0 0.0 0.0 0.0 0.0 0.0 0.0 0.0 1.0 0.0 0.0 0.0 0.5586666666666666 1.0 0.815 0.746 0.0 0.0 -0.0 -0.0 0.49466666666666664 1.0 0.723 0.0 0.723 0.274 0.3333333333333333 0.274 0.0 0.274 -0.11 0.3333333333333333 0.0 -0.11 -0.11 0.6470000000000001 1.0 0.928 0.0 0.769
0.0 0.0 0.0 0.0 0.0 0.0 0.0 0.0 0.0 0.0 0.0 0.0 0.0 0.0 0.0 0.0 0.0 0.0 0.0 0.0 0.0 0.0 0.0 1.0 0.0 0.557 0.6666666666666666 0.935 0.258 0.632 0.3333333333333333 -0.0 0.8 0.1538181818181818 0.7333333333333333 0.956 -0.95 0.277 -0.013714285714285731 0.4666666666666667 0.96 -0.96 0.161 0.20971428571428571 0.4666666666666667 0.948 -0.71 -0.71 0.2691428571428572 0.9333333333333333 0.974 -0.81 0.337
0.0 0.0 0.0 0.0 0.0 0.0 0.0 0.0 0.0 0.0 0.0 1.0 0.0 0.0 0.0 0.0 0.0 0.0 0.0 0.0 0.0 0.0 0.0 1.0 0.0 0.5288333333333334 1.0 0.935 0.258 0.0 0.0 -0.0 -0.0 0.5383636363636364 0.9166666666666666 0.956 0.0 0.277 -0.21599999999999997 0.6666666666666666 0.274 -0.94 0.161 -7.499999999999998E-4 0.3333333333333333 0.049 -0.11 0.029 0.629090909090909 0.9166666666666666 0.935 0.0 0.337
0.0 0.0 0.0 0.0 0.0 0.0 0.0 0.0 0.0 0.0 0.0 0.0 0.0 0.0 0.0 0.0 0.0 0.0 0.0 0.0 0.0 0.0 0.0 1.0 0.0 0.746 1.0 0.746 0.746 0.0 0.0 -0.0 -0.0 0.723 1.0 0.723 0.0 0.723 0.0 0.0 0.0 0.0 0.0 0.0 0.0 0.0 0.0 0.0 0.769 1.0 0.769 0.0 0.769
0.0 0.0 0.0 0.0 0.0 0.0 0.0 0.0 0.0 0.0 0.0 0.0 0.0 0.0 0.0 0.0 0.0 0.0 0.0 0.0 0.0 0.0 0.0 1.0 0.0 0.5521999999999999 1.0 0.935 0.727 0.0 0.0 -0.0 -0.0 0.63775 0.8 0.956 0.0 0.577 -0.19799999999999998 0.6 0.239 -0.94 -0.94 0.049 0.2 0.049 0.0 0.049 0.5736000000000001 1.0 0.914 0.0 0.655
0.0 0.0 0.0 0.0 0.0 0.0 1.0 0.0 0.0 0.0 0.0 0.0 0.0 0.0 0.0 0.0 0.0 0.0 0.0 0.0 0.0 1.0 0.0 0.0 0.0 0.82025 1.0 0.931 0.746 0.0 0.0 -0.0 -0.0 0.739 1.0 0.898 0.0 0.723 0.08699999999999997 0.5 0.964 -0.79 0.964 0.0 0.0 0.0 0.0 0.0 0.8773333333333334 0.75 0.935 0.0 0.769
0.0 0.0 0.0 0.0 0.0 0.0 1.0 0.0 0.0 0.0 0.0 0.0 0.0 0.0 0.0 0.0 0.0 0.0 0.0 0.0 0.0 1.0 0.0 0.0 0.0 0.41333333333333333 1.0 0.859 0.258 0.0 0.0 -0.0 -0.0 0.49850000000000005 0.6666666666666666 0.723 0.0 0.277 0.384 0.8333333333333334 0.792 0.0 0.161 -0.05066666666666667 0.5 0.049 -0.23 -0.23 0.465 1.0 0.925 0.0 0.337
0.0 0.0 0.0 0.0 0.0 0.0 0.0 0.0 0.0 0.0 0.0 0.0 0.0 0.0 0.0 0.0 0.0 0.0 0.0 0.0 0.0 0.0 0.0 1.0 0.0 0.82025 1.0 0.931 0.746 0.0 0.0 -0.0 -0.0 0.739 1.0 0.898 0.0 0.723 0.08699999999999997 0.5 0.964 -0.79 0.964 0.0 0.0 0.0 0.0 0.0 0.8773333333333334 0.75 0.935 0.0 0.769
0.0 0.0 0.0 0.0 0.0 0.0 0.0 0.0 0.0 0.0 0.0 0.0 0.0 0.0 0.0 0.0 0.0 0.0 0.0 0.0 0.0 0.0 0.0 1.0 0.0 0.317 0.8 0.746 0.258 0.58 0.2 -0.0 0.58 0.17875000000000002 0.8 0.723 -0.58 0.277 0.16933333333333334 0.6 0.239 0.0 0.161 0.21300000000000005 0.6 0.561 0.0 0.029 0.18439999999999998 1.0 0.769 -0.62 0.337
0.0 0.0 0.0 0.0 0.0 0.0 1.0 0.0 0.0 0.0 0.0 0.0 0.0 0.0 0.0 0.0 0.0 0.0 0.0 0.0 0.0 1.0 0.0 0.0 0.0 0.6154999999999999 0.8 0.849 0.806 0.58 0.2 -0.0 0.58 0.3862 1.0 0.922 -0.58 0.906 0.5336666666666666 0.6 0.776 0.0 0.715 0.561 0.2 0.561 0.0 0.561 0.26525 0.8 0.796 -0.62 0.796
0.0 0.0 0.0 0.0 0.0 0.0 0.0 0.0 0.0 0.0 0.0 0.0 0.0 0.0 0.0 0.0 0.0 0.0 0.0 0.0 0.0 0.0 0.0 1.0 0.0 0.47275 0.6666666666666666 0.935 0.935 0.33499999999999996 0.3333333333333333 -0.0 0.09 0.20800000000000002 0.8333333333333334 0.956 -0.58 -0.12 -0.08766666666666667 0.5 0.196 -0.65 0.191 0.21550000000000002 0.3333333333333333 0.561 -0.13 -0.13 0.2353333333333333 1.0 0.914 -0.62 -0.06
0.0 0.0 0.0 0.0 0.0 0.0 0.0 0.0 0.0 0.0 0.0 0.0 0.0 0.0 0.0 0.0 0.0 0.0 0.0 0.0 0.0 0.0 0.0 1.0 0.0 0.42650000000000005 0.8888888888888888 0.935 0.169 0.58 0.1111111111111111 -0.0 0.58 0.42766666666666664 0.6666666666666666 0.956 -0.58 -0.58 0.37183333333333324 0.6666666666666666 0.902 0.0 0.296 0.0031666666666666696 0.6666666666666666 0.561 -0.32 -0.14 0.354625 0.8888888888888888 0.914 -0.62 0.359
0.0 0.0 0.0 0.0 0.0 0.0 0.0 0.0 0.0 0.0 0.0 0.0 0.0 0.0 0.0 0.0 0.0 0.0 0.0 0.0 0.0 0.0 0.0 0.0 0.0 0.6113333333333334 0.75 0.931 0.931 0.58 0.25 -0.0 0.58 0.28075 1.0 0.898 -0.58 0.898 0.5775 0.5 0.964 0.0 0.964 0.561 0.25 0.561 0.0 0.561 0.11566666666666668 0.75 0.769 -0.62 0.198
0.0 0.0 0.0 0.0 0.0 0.0 0.0 0.0 0.0 0.0 0.0 0.0 0.0 2.0 0.0 0.0 0.0 0.0 0.0 0.0 0.0 0.0 0.0 0.0 0.0 0.5674117647058824 0.7391304347826086 0.935 0.766 0.735 0.2608695652173913 -0.0 0.85 0.1502941176470588 0.7391304347826086 0.956 -0.87 0.7 0.07320000000000002 0.6521739130434783 0.892 -0.94 -0.64 0.01928571428571427 0.30434782608695654 0.98 -0.8 -0.8 0.22747619047619047 0.9130434782608695 0.953 -0.96 0.953
0.0 0.0 0.0 0.0 0.0 0.0 0.0 0.0 0.0 0.0 0.0 0.0 0.0 0.0 0.0 0.0 0.0 0.0 0.0 0.0 0.0 0.0 0.0 1.0 0.0 0.7675000000000001 1.0 0.789 0.789 0.0 0.0 -0.0 -0.0 0.6779999999999999 1.0 0.723 0.0 0.633 -0.79 0.5 0.0 -0.79 -0.79 0.0 0.0 0.0 0.0 0.0 0.8520000000000001 1.0 0.935 0.0 0.935
0.0 0.0 0.0 0.0 0.0 0.0 0.0 0.0 0.0 0.0 0.0 0.0 0.0 0.0 0.0 0.0 0.0 0.0 0.0 0.0 0.0 0.0 0.0 1.0 0.0 0.746 1.0 0.746 0.746 0.0 0.0 -0.0 -0.0 0.723 1.0 0.723 0.0 0.723 0.0 0.0 0.0 0.0 0.0 0.0 0.0 0.0 0.0 0.0 0.769 1.0 0.769 0.0 0.769
0.0 0.0 0.0 0.0 0.0 0.0 1.0 0.0 0.0 0.0 0.0 0.0 0.0 0.0 0.0 0.0 0.0 0.0 0.0 0.0 0.0 1.0 0.0 0.0 0.0 0.735857142857143 1.0 0.935 0.727 0.0 0.0 -0.0 -0.0 0.6834285714285714 1.0 0.956 0.0 0.577 -0.13175 0.5714285714285714 0.964 -0.94 -0.94 0.049 0.14285714285714285 0.049 0.0 0.049 0.7578333333333335 0.8571428571428571 0.935 0.0 0.655
0.0 0.0 0.0 0.0 0.0 0.0 1.0 0.0 0.0 0.0 0.0 0.0 0.0 0.0 0.0 0.0 0.0 0.0 0.0 0.0 0.0 1.0 0.0 0.0 0.0 0.82025 1.0 0.931 0.746 0.0 0.0 -0.0 -0.0 0.739 1.0 0.898 0.0 0.723 0.08699999999999997 0.5 0.964 -0.79 0.964 0.0 0.0 0.0 0.0 0.0 0.8773333333333334 0.75 0.935 0.0 0.769
0.0 0.0 0.0 0.0 0.0 0.0 1.0 0.0 0.0 0.0 0.0 0.0 0.0 0.0 0.0 0.0 0.0 0.0 0.0 0.0 0.0 0.0 0.0 1.0 0.0 0.3567272727272727 0.6470588235294118 0.815 0.089 0.6516666666666667 0.35294117647058826 -0.0 0.07 -0.04535294117647061 1.0 0.723 -0.95 -0.14 0.046199999999999984 0.5882352941176471 0.657 -0.79 -0.01 0.0672222222222222 0.5294117647058824 0.721 -0.28 -0.05 0.114875 0.9411764705882353 0.935 -0.75 -0.1
0.0 0.0 0.0 0.0 0.0 0.0 1.0 0.0 0.0 0.0 0.0 0.0 0.0 0.0 0.0 0.0 0.0 0.0 0.0 0.0 0.0 1.0 0.0 0.0 0.0 0.5586666666666666 1.0 0.815 0.746 0.0 0.0 -0.0 -0.0 0.49466666666666664 1.0 0.723 0.0 0.723 0.274 0.3333333333333333 0.274 0.0 0.274 -0.11 0.3333333333333333 0.0 -0.11 -0.11 0.6470000000000001 1.0 0.928 0.0 0.769
0.0 0.0 0.0 0.0 0.0 0.0 0.0 0.0 0.0 0.0 0.0 0.0 0.0 0.0 0.0 0.0 0.0 0.0 0.0 0.0 0.0 0.0 0.0 0.0 0.0 0.7805 1.0 0.815 0.746 0.0 0.0 -0.0 -0.0 0.7124999999999999 1.0 0.723 0.0 0.723 0.0 0.0 0.0 0.0 0.0 0.0 0.0 0.0 0.0 0.0 0.8485 1.0 0.928 0.0 0.769
0.0 0.0 0.0 0.0 0.0 0.0 1.0 0.0 0.0 0.0 0.0 0.0 0.0 0.0 0.0 0.0 0.0 0.0 0.0 0.0 0.0 1.0 0.0 0.0 0.0 0.746 1.0 0.746 0.746 0.0 0.0 -0.0 -0.0 0.723 1.0 0.723 0.0 0.723 0.0 0.0 0.0 0.0 0.0 0.0 0.0 0.0 0.0 0.0 0.769 1.0 0.769 0.0 0.769
0.0 0.0 0.0 0.0 0.0 0.0 1.0 0.0 0.0 0.0 0.0 1.0 0.0 0.0 0.0 0.0 0.0 0.0 0.0 0.0 0.0 0.0 0.0 1.0 0.0 0.5337333333333334 0.8823529411764706 0.931 0.044 0.685 0.11764705882352941 -0.0 0.58 0.33006250000000004 0.9411764705882353 0.898 -0.86 -0.1 0.06408333333333331 0.7058823529411765 0.978 -0.79 0.272 0.1636666666666667 0.35294117647058826 0.772 -0.14 -0.14 0.3612857142857144 0.8235294117647058 0.935 -0.73 0.15
0.0 0.0 0.0 0.0 1.0 0.0 0.0 0.0 0.0 1.0 0.0 0.0 0.0 0.0 0.0 0.0 0.0 0.0 0.0 1.0 0.0 0.0 0.0 0.0 0.0 0.5008 0.8333333333333334 0.83 0.727 0.75 0.16666666666666666 -0.0 0.75 0.27016666666666667 1.0 1.0 -0.79 -0.79 0.02833333333333332 0.5 0.735 -0.94 -0.94 -0.06 0.16666666666666666 0.0 -0.06 -0.06 0.17460000000000003 0.8333333333333334 0.66 -0.71 -0.71
0.0 0.0 0.0 0.0 0.0 0.0 0.0 0.0 0.0 0.0 0.0 0.0 0.0 0.0 0.0 0.0 0.0 0.0 0.0 0.0 0.0 0.0 0.0 1.0 0.0 0.416 0.6666666666666666 0.746 0.746 0.58 0.3333333333333333 -0.0 0.58 0.07150000000000001 0.6666666666666666 0.723 -0.58 0.723 0.196 0.3333333333333333 0.196 0.0 0.196 0.21550000000000002 0.6666666666666666 0.561 -0.13 -0.13 0.11366666666666668 1.0 0.769 -0.62 0.769
0.0 0.0 0.0 0.0 0.0 0.0 0.0 0.0 0.0 0.0 0.0 0.0 0.0 0.0 0.0 0.0 0.0 0.0 0.0 0.0 0.0 0.0 0.0 0.0 0.0 0.416 0.6666666666666666 0.746 0.746 0.58 0.3333333333333333 -0.0 0.58 0.07150000000000001 0.6666666666666666 0.723 -0.58 0.723 0.196 0.3333333333333333 0.196 0.0 0.196 0.21550000000000002 0.6666666666666666 0.561 -0.13 -0.13 0.11366666666666668 1.0 0.769 -0.62 0.769
0.0 0.0 0.0 0.0 0.0 0.0 0.0 0.0 0.0 0.0 0.0 0.0 0.0 0.0 0.0 0.0 0.0 0.0 0.0 0.0 0.0 0.0 0.0 1.0 0.0 0.5489999999999999 1.0 0.84 0.84 0.0 0.0 -0.0 -0.0 0.49533333333333335 1.0 0.803 -0.04 0.803 -0.35000000000000003 0.6666666666666666 0.11 -0.81 -0.81 0.0 0.0 0.0 0.0 0.0 0.596 1.0 0.903 0.0 0.903
0.0 0.0 0.0 0.0 0.0 0.0 1.0 0.0 0.0 0.0 0.0 0.0 0.0 0.0 0.0 0.0 0.0 0.0 0.0 0.0 0.0 1.0 0.0 0.0 0.0 0.7805 0.6666666666666666 0.815 0.746 0.58 0.3333333333333333 -0.0 0.58 0.2816666666666667 1.0 0.723 -0.58 0.723 0.0 0.0 0.0 0.0 0.0 0.561 0.3333333333333333 0.561 0.0 0.561 0.359 1.0 0.928 -0.62 0.769
0.0 0.0 0.0 0.0 0.0 0.0 0.0 0.0 0.0 0.0 0.0 0.0 0.0 0.0 0.0 0.0 0.0 0.0 0.0 0.0 0.0 0.0 0.0 1.0 0.0 0.59975 1.0 0.815 0.746 0.0 0.0 -0.0 -0.0 0.525 1.0 0.723 0.0 0.723 -0.46 0.5 0.0 -0.79 -0.13 0.029 0.25 0.029 0.0 0.029 0.8773333333333334 0.75 0.935 0.0 0.769
0.0 0.0 0.0 0.0 0.0 0.0 0.0 0.0 0.0 0.0 0.0 0.0 0.0 0.0 0.0 0.0 0.0 0.0 0.0 0.0 0.0 0.0 0.0 1.0 0.0 0.115 0.3333333333333333 0.115 0.115 0.615 0.6666666666666666 -0.0 0.93 -0.40549999999999997 0.6666666666666666 0.059 -0.87 0.059 0.23850000000000002 0.6666666666666666 0.274 0.0 0.274 0.0756666666666667 1.0 0.937 -0.6 0.937 0.152 0.6666666666666666 0.244 0.0 0.244
0.0 0.0 0.0 0.0 0.0 0.0 0.0 0.0 0.0 0.0 0.0 1.0 0.0 1.0 0.0 0.0 0.0 0.0 0.0 0.0 0.0 0.0 0.0 1.0 0.0 0.794 0.5 0.799 0.799 0.8400000000000001 0.5 -0.0 0.8 0.12666666666666668 0.75 0.633 -0.8 0.547 -0.875 0.5 0.0 -0.96 -0.96 0.0 0.0 0.0 0.0 0.0 0.315 0.75 0.935 -0.88 0.89
0.0 0.0 0.0 0.0 0.0 0.0 0.0 0.0 0.0 0.0 0.0 0.0 0.0 0.0 0.0 0.0 0.0 0.0 0.0 0.0 0.0 0.0 0.0 1.0 0.0 0.0 0.0 0.0 0.0 0.27 1.0 -0.0 0.27 -0.75 1.0 0.0 -0.75 -0.75 0.154 1.0 0.154 0.0 0.154 -0.64 1.0 0.0 -0.64 -0.64 0.142 1.0 0.142 0.0 0.142
0.0 0.0 0.0 0.0 0.0 0.0 0.0 0.0 0.0 0.0 0.0 1.0 0.0 0.0 0.0 0.0 0.0 0.0 0.0 0.0 0.0 0.0 0.0 1.0 0.0 0.859 0.5 0.859 0.859 0.75 0.5 -0.0 0.75 0.1355 1.0 0.901 -0.63 -0.63 0.817 0.5 0.817 0.0 0.817 0.829 0.5 0.829 0.0 0.829 -0.79 0.5 0.0 -0.79 -0.79
0.0 1.0 0.0 0.0 0.0 0.0 0.0 0.0 0.0 0.0 1.0 0.0 0.0 1.0 0.0 0.0 0.0 0.0 0.0 0.0 0.0 0.0 0.0 1.0 0.0 0.34778571428571425 0.875 0.864 0.056 0.785 0.125 -0.0 0.77 0.044833333333333336 0.75 0.633 -0.89 0.049 -0.1787692307692308 0.8125 0.239 -0.94 0.065 -0.04266666666666668 0.5625 0.691 -0.8 0.039 0.34986666666666666 0.9375 0.935 -0.83 0.142
0.0 0.0 0.0 0.0 0.0 0.0 1.0 0.0 0.0 0.0 0.0 0.0 0.0 0.0 0.0 0.0 0.0 0.0 0.0 0.0 0.0 1.0 0.0 0.0 0.0 0.0 0.0 0.0 0.0 0.27 1.0 -0.0 0.27 -0.75 1.0 0.0 -0.75 -0.75 0.154 1.0 0.154 0.0 0.154 -0.64 1.0 0.0 -0.64 -0.64 0.142 1.0 0.142 0.0 0.142
0.0 0.0 0.0 0.0 0.0 0.0 0.0 0.0 0.0 0.0 0.0 0.0 0.0 0.0 0.0 0.0 0.0 0.0 0.0 0.0 0.0 0.0 0.0 1.0 0.0 0.7082 1.0 0.939 0.939 0.0 0.0 -0.0 -0.0 0.7578 1.0 0.956 0.0 0.899 -0.20025000000000007 0.8 0.979 -0.66 0.979 0.037 0.2 0.037 0.0 0.037 0.6035 0.8 0.914 0.0 0.648
0.0 0.0 0.0 0.0 0.0 1.0 0.0 0.0 1.0 0.0 0.0 0.0 0.0 0.0 0.0 0.0 0.0 0.0 0.0 0.0 0.0 0.0 1.0 0.0 0.0 0.3403333333333333 0.75 0.798 0.798 0.12 0.25 -0.0 0.12 0.26766666666666666 0.75 0.826 -0.15 0.826 0.4195 0.5 0.77 0.0 0.77 -0.0455 0.5 0.029 -0.12 0.029 0.07033333333333333 0.75 0.16 -0.09 0.16
0.0 0.0 0.0 0.0 0.0 0.0 0.0 0.0 0.0 0.0 0.0 0.0 0.0 0.0 0.0 0.0 0.0 0.0 0.0 0.0 0.0 0.0 0.0 1.0 0.0 0.5056153846153846 0.8125 0.935 0.932 0.68 0.1875 -0.0 0.86 0.25376923076923075 0.8125 0.986 -0.98 -0.98 -0.10258333333333332 0.75 0.803 -0.94 -0.94 0.11557142857142859 0.4375 0.937 -0.64 0.937 0.34379999999999994 0.9375 0.986 -0.87 -0.68
0.0 0.0 0.0 0.0 0.0 0.0 0.0 0.0 0.0 0.0 0.0 0.0 0.0 1.0 0.0 0.0 0.0 0.0 0.0 0.0 0.0 0.0 0.0 1.0 0.0 0.5525714285714286 0.7 0.846 0.784 0.5333333333333333 0.3 -0.0 0.76 0.3498333333333334 0.6 0.888 -0.61 0.784 -0.19842857142857143 0.7 0.661 -0.94 -0.94 0.3085 0.4 0.856 -0.31 0.856 0.22028571428571433 0.7 0.935 -0.82 0.744
0.0 0.0 0.0 0.0 0.0 0.0 0.0 0.0 0.0 0.0 0.0 0.0 0.0 0.0 0.0 0.0 0.0 0.0 0.0 0.0 0.0 0.0 0.0 1.0 0.0 0.948 0.2 0.948 0.948 0.5125 0.8 -0.0 0.97 -0.5066666666666667 0.6 0.0 -0.75 -0.02 0.3506666666666667 0.6 0.948 -0.05 0.948 0.3065 0.8 0.964 -0.64 0.964 0.010000000000000009 0.8 0.948 -0.98 -0.98
0.0 0.0 0.0 0.0 0.0 0.0 0.0 0.0 0.0 0.0 0.0 0.0 0.0 1.0 0.0 0.0 0.0 0.0 0.0 0.0 0.0 0.0 0.0 1.0 0.0 0.5304000000000001 0.7692307692307693 0.939 0.716 0.82 0.23076923076923078 -0.0 0.86 0.1129090909090909 0.8461538461538461 0.899 -0.95 -0.79 0.022222222222222216 0.6923076923076923 0.979 -0.94 -0.56 0.24916666666666665 0.46153846153846156 0.974 -0.17 0.974 0.18945454545454546 0.8461538461538461 0.943 -0.83 -0.83
0.0 0.0 0.0 0.0 0.0 0.0 0.0 0.0 0.0 0.0 0.0 0.0 0.0 0.0 0.0 0.0 0.0 0.0 0.0 0.0 0.0 0.0 0.0 1.0 0.0 0.5386 0.8333333333333334 0.887 0.037 0.57 0.16666666666666666 -0.0 0.57 0.3475 1.0 0.988 -0.52 -0.52 0.24360000000000004 0.8333333333333334 0.858 -0.7 0.082 0.524 0.16666666666666666 0.524 0.0 0.524 0.12425000000000003 0.6666666666666666 0.912 -0.69 -0.69
0.0 0.0 0.0 0.0 0.0 0.0 0.0 0.0 0.0 0.0 0.0 0.0 0.0 0.0 0.0 0.0 0.0 0.0 0.0 0.0 0.0 0.0 0.0 1.0 0.0 0.878 0.5 0.878 0.878 0.92 0.5 -0.0 0.92 0.812 0.5 0.812 0.0 0.812 0.984 0.5 0.984 0.0 0.984 -0.93 0.5 0.0 -0.93 -0.93 -0.03600000000000003 1.0 0.838 -0.91 -0.91
0.0 0.0 0.0 0.0 0.0 0.0 0.0 0.0 1.0 0.0 0.0 0.0 0.0 0.0 0.0 0.0 0.0 0.0 0.0 0.0 0.0 0.0 0.0 1.0 0.0 0.5275 0.7272727272727273 0.857 0.716 0.5333333333333333 0.2727272727272727 -0.0 0.02 0.264 0.7272727272727273 0.854 -0.75 0.694 0.032333333333333325 0.8181818181818182 0.955 -0.79 -0.56 0.04849999999999999 0.36363636363636365 0.614 -0.2 -0.2 0.28044444444444444 0.8181818181818182 0.935 -0.88 0.888
0.0 0.0 0.0 0.0 0.0 1.0 0.0 0.0 0.0 0.0 0.0 0.0 0.0 0.0 0.0 0.0 0.0 0.0 0.0 0.0 0.0 0.0 1.0 0.0 0.0 0.0 0.0 0.0 0.0 0.27 1.0 -0.0 0.27 -0.75 1.0 0.0 -0.75 -0.75 0.154 1.0 0.154 0.0 0.154 -0.64 1.0 0.0 -0.64 -0.64 0.142 1.0 0.142 0.0 0.142
0.0 0.0 0.0 0.0 0.0 0.0 0.0 0.0 1.0 1.0 0.0 0.0 0.0 0.0 0.0 0.0 0.0 0.0 0.0 1.0 0.0 0.0 0.0 0.0 0.0 0.6996 0.5555555555555556 0.939 0.789 0.42500000000000004 0.4444444444444444 -0.0 0.04 0.15855555555555553 1.0 0.956 -0.8 0.721 0.5444 0.5555555555555556 0.979 -0.1 0.858 0.33 0.4444444444444444 0.936 -0.12 0.936 -0.12216666666666666 0.6666666666666666 0.914 -0.74 -0.05
0.0 0.0 0.0 0.0 0.0 0.0 0.0 0.0 0.0 0.0 0.0 0.0 0.0 0.0 0.0 0.0 0.0 0.0 0.0 0.0 0.0 0.0 0.0 1.0 0.0 0.855 0.6666666666666666 0.864 0.864 0.97 0.3333333333333333 -0.0 0.97 0.0 0.0 0.0 0.0 0.0 -0.94 0.3333333333333333 0.0 -0.94 -0.94 0.964 0.3333333333333333 0.964 0.0 0.964 0.20933333333333334 1.0 0.864 -0.98 0.864
0.0 0.0 0.0 0.0 0.0 0.0 0.0 0.0 0.0 0.0 0.0 0.0 0.0 1.0 0.0 0.0 0.0 0.0 0.0 0.0 0.0 0.0 0.0 1.0 0.0 0.583 0.75 0.846 0.091 0.8 0.25 -0.0 0.8 0.04933333333333333 0.75 0.868 -0.89 0.17 -0.09199999999999997 0.5 0.756 -0.94 -0.94 0.38599999999999995 0.5 0.691 0.0 0.081 0.03266666666666668 0.75 0.744 -0.83 0.184
0.0 0.0 0.0 0.0 0.0 0.0 0.0 0.0 0.0 0.0 0.0 0.0 0.0 0.0 0.0 0.0 0.0 0.0 0.0 0.0 0.0 0.0 0.0 1.0 0.0 0.067 0.25 0.067 0.067 0.5499999999999999 0.75 -0.0 0.06 -0.34 0.75 0.0 -0.9 -0.08 0.10200000000000001 0.5 0.136 0.0 0.068 -0.013000000000000012 0.75 0.841 -0.75 -0.13 -0.37875000000000003 1.0 0.105 -0.78 -0.11
0.0 0.0 0.0 0.0 1.0 0.0 0.0 0.0 0.0 0.0 0.0 0.0 0.0 0.0 0.0 0.0 0.0 0.0 0.0 0.0 0.0 0.0 0.0 1.0 0.0 0.6473333333333334 0.9 0.943 0.716 0.79 0.1 -0.0 0.79 0.47524999999999995 0.8 0.835 -0.84 0.694 0.1541111111111111 0.9 0.943 -0.79 -0.56 -0.0155 0.2 0.049 -0.08 -0.08 0.4286666666666667 0.6 0.935 -0.74 0.888
0.0 0.0 0.0 0.0 0.0 0.0 0.0 0.0 0.0 0.0 0.0 0.0 0.0 0.0 0.0 0.0 0.0 0.0 0.0 0.0 0.0 0.0 0.0 1.0 0.0 0.0 0.0 0.0 0.0 0.27 1.0 -0.0 0.27 -0.75 1.0 0.0 -0.75 -0.75 0.154 1.0 0.154 0.0 0.154 -0.64 1.0 0.0 -0.64 -0.64 0.142 1.0 0.142 0.0 0.142
0.0 0.0 0.0 0.0 0.0 0.0 0.0 0.0 0.0 0.0 0.0 2.0 0.0 1.0 0.0 0.0 0.0 0.0 0.0 0.0 0.0 0.0 0.0 1.0 0.0 0.5179999999999999 0.8461538461538461 0.935 0.053 0.6950000000000001 0.15384615384615385 -0.0 0.81 0.2942 0.7692307692307693 0.956 -0.95 -0.95 0.1472 0.7692307692307693 0.857 -0.87 0.141 0.25600000000000006 0.38461538461538464 0.721 -0.09 0.721 0.2984545454545455 0.8461538461538461 0.998 -0.75 -0.75
0.0 0.0 0.0 0.0 0.0 1.0 0.0 0.0 0.0 0.0 1.0 0.0 0.0 0.0 0.0 0.0 0.0 0.0 0.0 0.0 0.0 0.0 1.0 0.0 0.0 0.789 0.25 0.789 0.789 0.5800000000000001 0.75 -0.0 0.81 -0.27475 1.0 0.721 -0.95 -0.95 0.858 0.25 0.858 0.0 0.858 0.7955 0.5 0.87 0.0 0.721 -0.59 0.75 0.0 -0.97 -0.75
0.0 0.0 0.0 0.0 0.0 0.0 0.0 0.0 0.0 1.0 0.0 0.0 0.0 0.0 0.0 0.0 0.0 0.0 0.0 1.0 0.0 0.0 0.0 0.0 0.0 0.0 0.0 0.0 0.0 0.8566666666666666 1.0 -0.0 0.82 -0.84 0.3333333333333333 0.0 -0.84 -0.84 0.0 0.0 0.0 0.0 0.0 0.0685 0.6666666666666666 0.937 -0.8 -0.8 -0.82 0.3333333333333333 0.0 -0.82 -0.82
0.0 0.0 0.0 0.0 0.0 0.0 0.0 0.0 0.0 0.0 0.0 0.0 0.0 0.0 0.0 0.0 0.0 0.0 0.0 0.0 0.0 0.0 0.0 1.0 0.0 0.0 0.0 0.0 0.0 0.27 1.0 -0.0 0.27 -0.75 1.0 0.0 -0.75 -0.75 0.154 1.0 0.154 0.0 0.154 -0.64 1.0 0.0 -0.64 -0.64 0.142 1.0 0.142 0.0 0.142
0.0 0.0 0.0 0.0 0.0 1.0 0.0 0.0 1.0 0.0 0.0 0.0 0.0 1.0 0.0 0.0 0.0 0.0 0.0 0.0 0.0 0.0 1.0 0.0 0.0 0.5075000000000001 0.4 0.935 0.08 0.5333333333333333 0.6 -0.0 0.1 -0.1172 1.0 0.956 -0.78 -0.1 0.0 0.0 0.0 0.0 0.0 0.7915 0.4 0.998 0.0 0.585 -0.10624999999999998 0.8 0.914 -0.84 -0.63
0.0 0.0 0.0 0.0 0.0 0.0 1.0 0.0 0.0 0.0 0.0 0.0 0.0 0.0 0.0 0.0 0.0 0.0 0.0 0.0 0.0 1.0 0.0 0.0 0.0 0.0 0.0 0.0 0.0 0.04 1.0 -0.0 0.04 -0.04 1.0 0.0 -0.04 -0.04 0.0 0.0 0.0 0.0 0.0 0.0 0.0 0.0 0.0 0.0 -0.05 1.0 0.0 -0.05 -0.05
0.0 0.0 0.0 0.0 0.0 0.0 0.0 0.0 0.0 0.0 0.0 0.0 0.0 0.0 0.0 0.0 0.0 0.0 0.0 0.0 0.0 0.0 0.0 0.0 0.0 0.44279999999999997 1.0 0.935 0.262 0.0 0.0 -0.0 -0.0 0.48360000000000003 1.0 0.956 -0.04 0.43 0.03900000000000001 0.8 0.657 -0.85 0.657 -0.11550000000000002 0.4 0.049 -0.28 -0.28 0.44699999999999995 1.0 0.914 0.0 0.244
0.0 0.0 0.0 0.0 0.0 0.0 0.0 0.0 0.0 0.0 0.0 0.0 0.0 0.0 0.0 0.0 0.0 0.0 0.0 0.0 0.0 0.0 0.0 1.0 0.0 0.4327142857142858 0.5384615384615384 0.922 0.208 0.585 0.46153846153846156 -0.0 0.8 -0.24212500000000003 0.6153846153846154 0.633 -0.89 -0.89 0.27962499999999996 0.6153846153846154 0.96 -0.63 0.239 0.06125 0.6153846153846154 0.869 -1.0 0.712 0.0974 0.7692307692307693 0.948 -0.92 -0.8
0.0 0.0 0.0 0.0 0.0 0.0 0.0 0.0 0.0 0.0 0.0 0.0 0.0 0.0 0.0 0.0 0.0 0.0 0.0 0.0 0.0 0.0 0.0 1.0 0.0 0.46499999999999997 0.6666666666666666 0.815 0.815 0.3 0.3333333333333333 -0.0 0.3 -0.03633333333333333 1.0 0.702 -0.87 0.702 0.23850000000000002 0.6666666666666666 0.274 0.0 0.274 -0.355 0.6666666666666666 0.0 -0.6 -0.11 0.4106666666666667 1.0 0.928 0.0 0.928
0.0 0.0 0.0 0.0 0.0 0.0 1.0 0.0 0.0 0.0 0.0 0.0 0.0 0.0 0.0 0.0 0.0 0.0 0.0 0.0 0.0 1.0 0.0 0.0 0.0 0.067 0.5 0.067 0.067 0.3 0.5 -0.0 0.3 -0.4185 1.0 0.033 -0.87 0.033 0.1805 1.0 0.203 0.0 0.158 -0.32999999999999996 1.0 0.0 -0.6 -0.06 0.1025 1.0 0.145 0.0 0.145
0.0 0.0 0.0 0.0 0.0 0.0 0.0 0.0 0.0 0.0 0.0 0.0 0.0 0.0 0.0 0.0 0.0 0.0 0.0 0.0 0.0 0.0 0.0 1.0 0.0 0.0 0.0 0.0 0.0 0.47750000000000004 1.0 -0.0 0.66 -0.5666666666666668 0.75 0.0 -0.87 -0.78 0.08650000000000001 0.5 0.203 -0.03 -0.03 -0.23050000000000004 1.0 0.585 -0.93 0.585 -0.3925 1.0 0.06 -0.91 -0.63
0.0 0.0 0.0 0.0 0.0 0.0 0.0 0.0 0.0 0.0 0.0 0.0 0.0 0.0 0.0 0.0 0.0 0.0 0.0 0.0 0.0 0.0 0.0 1.0 0.0 0.5715 0.5 0.935 0.935 0.615 0.5 -0.0 0.93 0.127 0.75 0.956 -0.87 0.956 0.221 0.5 0.239 0.0 0.239 0.14300000000000002 0.75 0.98 -0.6 0.98 0.11000000000000001 1.0 0.914 -0.88 -0.88
0.0 0.0 0.0 0.0 1.0 0.0 0.0 0.0 0.0 0.0 0.0 0.0 0.0 0.0 0.0 0.0 0.0 0.0 0.0 0.0 0.0 0.0 0.0 0.0 1.0 0.066 1.0 0.067 0.067 0.0 0.0 -0.0 -0.0 0.0015000000000000013 1.0 0.033 -0.03 0.033 0.2025 1.0 0.247 0.0 0.158 -0.125 1.0 0.0 -0.19 -0.06 0.1915 1.0 0.238 0.0 0.145
0.0 0.0 0.0 0.0 0.0 0.0 1.0 0.0 0.0 0.0 0.0 0.0 0.0 1.0 0.0 0.0 0.0 0.0 0.0 0.0 0.0 1.0 0.0 0.0 0.0 0.5995 0.6666666666666666 0.892 0.08 0.48 0.3333333333333333 -0.0 0.66 -0.057200000000000015 0.8333333333333334 0.702 -0.87 -0.78 0.004599999999999988 0.8333333333333334 0.892 -0.65 0.228 -0.03833333333333333 0.5 0.585 -0.6 0.585 0.24880000000000005 0.8333333333333334 0.788 -0.63 -0.63
0.0 0.0 0.0 0.0 0.0 0.0 0.0 0.0 0.0 0.0 0.0 0.0 0.0 0.0 0.0 0.0 0.0 0.0 0.0 0.0 0.0 0.0 0.0 0.0 0.0 0.056 0.3333333333333333 0.056 0.056 0.48 0.6666666666666666 -0.0 0.66 -0.825 0.6666666666666666 0.0 -0.87 -0.78 0.134 0.6666666666666666 0.203 0.0 0.065 0.008000000000000007 1.0 0.585 -0.6 0.585 -0.1426666666666667 1.0 0.142 -0.63 -0.63
0.0 0.0 0.0 0.0 0.0 0.0 0.0 0.0 0.0 0.0 0.0 0.0 0.0 0.0 0.0 0.0 0.0 0.0 0.0 0.0 0.0 0.0 0.0 1.0 0.0 0.5688000000000001 0.7142857142857143 0.935 0.935 0.53 0.2857142857142857 -0.0 0.76 0.16249999999999998 0.8571428571428571 0.956 -0.87 -0.72 -0.10425 0.5714285714285714 0.203 -0.79 -0.79 0.07600000000000001 0.2857142857142857 0.752 -0.6 0.752 0.3291428571428572 1.0 0.935 -0.81 -0.81
0.0 0.0 0.0 0.0 0.0 0.0 0.0 0.0 0.0 0.0 0.0 0.0 0.0 0.0 0.0 0.0 0.0 0.0 0.0 0.0 0.0 0.0 0.0 1.0 0.0 0.7021764705882354 0.9444444444444444 0.964 0.951 0.88 0.05555555555555555 -0.0 0.88 0.6019 0.5555555555555556 0.956 -0.1 0.956 0.07466666666666666 0.6666666666666666 0.951 -0.94 0.951 0.24266666666666667 0.16666666666666666 0.948 -0.12 -0.12 0.55 0.7222222222222222 0.964 -0.81 0.914
0.0 0.0 0.0 0.0 0.0 0.0 0.0 0.0 1.0 0.0 0.0 5.0 0.0 0.0 0.0 0.0 0.0 0.0 0.0 0.0 0.0 0.0 0.0 1.0 0.0 0.5058888888888888 0.8181818181818182 0.935 0.772 0.7 0.18181818181818182 -0.0 0.82 0.34311111111111114 0.8181818181818182 0.956 -0.84 0.829 0.3947142857142857 0.6363636363636364 0.768 0.0 0.715 -0.07249999999999998 0.36363636363636365 0.561 -0.8 -0.8 0.27785714285714286 0.6363636363636364 0.959 -0.62 0.959
0.0 0.0 0.0 0.0 0.0 0.0 0.0 0.0 0.0 0.0 0.0 0.0 0.0 0.0 0.0 0.0 0.0 0.0 0.0 0.0 0.0 0.0 0.0 1.0 0.0 0.0 0.0 0.0 0.0 0.3 1.0 -0.0 0.3 -0.87 1.0 0.0 -0.87 -0.87 0.203 1.0 0.203 0.0 0.203 -0.6 1.0 0.0 -0.6 -0.6 0.06 1.0 0.06 0.0 0.06
0.0 0.0 0.0 0.0 0.0 0.0 0.0 0.0 1.0 0.0 0.0 0.0 0.0 0.0 0.0 0.0 0.0 0.0 0.0 0.0 0.0 0.0 0.0 1.0 0.0 0.31062500000000004 0.8 0.935 0.861 0.455 0.2 -0.0 0.87 0.17255555555555555 0.9 0.956 -0.8 0.86 0.029142857142857154 0.7 0.239 -0.79 -0.79 0.003799999999999999 0.5 0.061 -0.1 0.049 0.24422222222222223 0.9 0.93 -0.94 0.93
0.0 0.0 0.0 0.0 0.0 0.0 0.0 0.0 0.0 0.0 0.0 0.0 0.0 0.0 0.0 0.0 0.0 0.0 0.0 0.0 0.0 0.0 0.0 1.0 0.0 0.885 0.6666666666666666 0.922 0.848 0.22 0.3333333333333333 -0.0 0.22 0.29700000000000004 0.6666666666666666 0.884 -0.29 0.884 0.96 0.3333333333333333 0.96 0.0 0.96 -0.16 0.3333333333333333 0.0 -0.16 -0.16 0.49866666666666665 1.0 0.885 -0.2 0.811
0.0 0.0 0.0 0.0 0.0 0.0 0.0 0.0 0.0 0.0 0.0 0.0 0.0 0.0 0.0 0.0 0.0 0.0 0.0 0.0 0.0 0.0 0.0 1.0 0.0 0.5435555555555555 0.6923076923076923 0.833 0.071 0.6174999999999999 0.3076923076923077 -0.0 0.8 0.11981818181818182 0.8461538461538461 0.92 -0.9 0.702 -0.24769999999999998 0.7692307692307693 0.747 -0.88 0.071 0.0030000000000000304 0.3076923076923077 0.761 -0.71 -0.71 0.32433333333333336 0.6923076923076923 0.935 -0.86 0.788
0.0 0.0 0.0 0.0 0.0 0.0 0.0 0.0 0.0 0.0 0.0 0.0 0.0 0.0 0.0 0.0 0.0 0.0 0.0 0.0 0.0 0.0 0.0 1.0 0.0 0.0 0.0 0.0 0.0 0.555 1.0 -0.0 0.81 -0.9099999999999999 1.0 0.0 -0.95 -0.95 0.203 0.5 0.203 0.0 0.203 0.0605 1.0 0.721 -0.6 0.721 -0.345 1.0 0.06 -0.75 -0.75
0.0 0.0 0.0 0.0 0.0 0.0 0.0 0.0 0.0 0.0 0.0 0.0 0.0 0.0 0.0 0.0 0.0 0.0 0.0 0.0 0.0 0.0 0.0 1.0 0.0 0.0 0.0 0.0 0.0 0.3 1.0 -0.0 0.3 -0.87 1.0 0.0 -0.87 -0.87 0.203 1.0 0.203 0.0 0.203 -0.6 1.0 0.0 -0.6 -0.6 0.06 1.0 0.06 0.0 0.06
0.0 0.0 0.0 0.0 0.0 0.0 0.0 0.0 0.0 0.0 0.0 0.0 0.0 0.0 0.0 0.0 0.0 0.0 0.0 0.0 0.0 0.0 0.0 1.0 0.0 0.0 0.0 0.0 0.0 0.88 1.0 -0.0 0.88 -0.98 1.0 0.0 -0.98 -0.98 0.0 0.0 0.0 0.0 0.0 0.983 1.0 0.983 0.0 0.983 -0.7 1.0 0.0 -0.7 -0.7
0.0 0.0 0.0 0.0 0.0 0.0 0.0 0.0 0.0 0.0 0.0 0.0 0.0 0.0 0.0 0.0 0.0 0.0 0.0 0.0 0.0 0.0 0.0 1.0 0.0 0.6018666666666665 0.9375 0.943 0.943 0.66 0.0625 -0.0 0.66 0.43658333333333316 0.75 0.956 -0.78 -0.78 0.18199999999999997 0.8125 0.943 -0.94 0.943 0.03874999999999998 0.25 0.585 -0.23 0.585 0.5086363636363637 0.6875 0.935 -0.63 0.834
0.0 0.0 0.0 0.0 0.0 0.0 0.0 0.0 0.0 0.0 0.0 0.0 0.0 0.0 0.0 0.0 0.0 0.0 0.0 0.0 0.0 0.0 0.0 1.0 0.0 0.4325 1.0 0.772 0.772 0.0 0.0 -0.0 -0.0 0.46449999999999997 1.0 0.829 0.0 0.829 0.39999999999999997 1.0 0.715 0.0 0.715 0.0 0.0 0.0 0.0 0.0 0.093 0.5 0.093 0.0 0.093
0.0 0.0 0.0 0.0 0.0 0.0 0.0 0.0 0.0 0.0 0.0 0.0 0.0 0.0 0.0 0.0 0.0 0.0 0.0 0.0 0.0 0.0 0.0 1.0 0.0 0.587 0.7 0.935 0.935 0.42 0.3 -0.0 0.93 0.41224999999999995 0.8 0.956 -0.87 0.956 0.09885714285714285 0.7 0.864 -0.9 0.239 0.11200000000000002 0.5 0.98 -0.6 0.98 0.21525000000000005 0.8 0.914 -0.88 -0.88
0.0 0.0 0.0 0.0 0.0 0.0 0.0 0.0 0.0 0.0 0.0 0.0 0.0 0.0 0.0 0.0 0.0 0.0 0.0 0.0 0.0 0.0 0.0 0.0 0.0 0.41786956521739127 0.6216216216216216 0.953 0.831 0.6450000000000001 0.3783783783783784 -0.0 0.71 0.007806451612903215 0.8378378378378378 0.956 -0.99 0.84 0.32177777777777783 0.4864864864864865 0.988 -0.87 0.76 0.232304347826087 0.6216216216216216 0.948 -0.6 0.198 -0.047937499999999994 0.8648648648648649 0.914 -0.96 0.894
0.0 0.0 0.0 0.0 0.0 0.0 0.0 0.0 0.0 0.0 0.0 0.0 0.0 0.0 0.0 0.0 0.0 0.0 0.0 0.0 0.0 0.0 0.0 0.0 0.0 0.3136666666666667 1.0 0.829 0.056 0.0 0.0 -0.0 -0.0 0.494 0.6666666666666666 0.928 0.0 0.06 -0.285 1.0 0.065 -0.87 -0.05 0.039 0.3333333333333333 0.039 0.0 0.039 0.41050000000000003 0.6666666666666666 0.679 0.0 0.142
0.0 0.0 0.0 0.0 0.0 0.0 0.0 0.0 0.0 0.0 0.0 0.0 0.0 0.0 0.0 0.0 0.0 0.0 0.0 0.0 0.0 0.0 0.0 1.0 0.0 0.0 0.0 0.0 0.0 0.3 1.0 -0.0 0.3 -0.87 1.0 0.0 -0.87 -0.87 0.203 1.0 0.203 0.0 0.203 -0.6 1.0 0.0 -0.6 -0.6 0.06 1.0 0.06 0.0 0.06
0.0 0.0 0.0 0.0 1.0 0.0 0.0 0.0 0.0 0.0 0.0 1.0 0.0 1.0 0.0 0.0 0.0 0.0 0.0 0.0 0.0 0.0 0.0 0.0 1.0 0.7106666666666667 0.8571428571428571 0.935 0.839 0.3 0.14285714285714285 -0.0 0.3 0.4323333333333333 0.8571428571428571 0.961 -0.87 0.875 0.27999999999999997 0.7142857142857143 0.916 -0.65 0.73 -0.32 0.2857142857142857 0.0 -0.6 -0.04 0.6398571428571428 1.0 0.914 0.0 0.802
0.0 0.0 0.0 0.0 0.0 0.0 1.0 0.0 0.0 0.0 0.0 0.0 0.0 0.0 0.0 0.0 0.0 0.0 0.0 0.0 0.0 1.0 0.0 0.0 0.0 0.4208 0.625 0.935 0.049 0.68 0.375 -0.0 0.94 0.04266666666666666 0.75 0.956 -0.87 0.042 -0.05499999999999999 0.625 0.239 -0.79 -0.13 -0.3104 0.625 0.049 -0.92 0.029 0.2625 0.75 0.935 -0.96 -0.96
0.0 0.0 0.0 0.0 0.0 0.0 0.0 0.0 1.0 0.0 0.0 0.0 0.0 1.0 0.0 0.0 0.0 0.0 0.0 0.0 0.0 0.0 0.0 1.0 0.0 0.7657058823529412 0.8947368421052632 0.935 0.935 0.8200000000000001 0.10526315789473684 -0.0 0.76 0.8282499999999998 0.8421052631578947 0.964 0.0 0.956 0.43981818181818183 0.5789473684210527 0.817 -0.79 0.817 0.10399999999999998 0.10526315789473684 0.948 -0.74 -0.74 0.4592727272727272 0.5789473684210527 0.935 -0.81 0.914
0.0 0.0 0.0 0.0 0.0 0.0 0.0 0.0 0.0 0.0 0.0 0.0 0.0 0.0 0.0 0.0 0.0 0.0 0.0 0.0 0.0 0.0 0.0 1.0 0.0 0.528 0.5 0.848 0.848 0.625 0.5 -0.0 0.95 0.10300000000000002 0.75 0.884 -0.87 0.884 0.221 0.5 0.239 0.0 0.239 -0.49699999999999994 0.75 0.049 -0.94 -0.94 0.06425 1.0 0.811 -0.96 0.811
0.0 0.0 0.0 0.0 0.0 0.0 0.0 0.0 0.0 0.0 0.0 0.0 0.0 0.0 0.0 0.0 0.0 0.0 0.0 0.0 0.0 0.0 0.0 1.0 0.0 0.943 0.5 0.943 0.943 0.3 0.5 -0.0 0.3 -0.87 0.5 0.0 -0.87 -0.87 0.573 1.0 0.943 0.0 0.203 -0.6 0.5 0.0 -0.6 -0.6 0.06 0.5 0.06 0.0 0.06
0.0 0.0 0.0 0.0 0.0 0.0 0.0 0.0 0.0 0.0 0.0 0.0 0.0 0.0 0.0 0.0 0.0 0.0 0.0 0.0 0.0 0.0 0.0 1.0 0.0 0.0 0.0 0.0 0.0 0.55 1.0 -0.0 0.3 -0.835 1.0 0.0 -0.87 -0.87 0.203 0.5 0.203 0.0 0.203 -0.6 0.5 0.0 -0.6 -0.6 0.06 0.5 0.06 0.0 0.06
0.0 0.0 0.0 0.0 0.0 0.0 0.0 0.0 0.0 0.0 0.0 0.0 0.0 0.0 0.0 0.0 0.0 0.0 0.0 0.0 0.0 0.0 0.0 1.0 0.0 0.5005000000000001 0.8 0.91 0.91 0.76 0.2 -0.0 0.76 0.09625 0.8 0.83 -0.72 -0.72 0.08174999999999999 0.8 0.885 -0.99 -0.99 0.27133333333333337 0.6 0.752 0.0 0.752 0.09249999999999997 0.8 0.781 -0.81 -0.81
0.0 0.0 0.0 0.0 0.0 0.0 0.0 0.0 0.0 0.0 0.0 0.0 0.0 1.0 0.0 0.0 0.0 0.0 0.0 0.0 0.0 0.0 0.0 1.0 0.0 0.79 0.7058823529411765 0.947 0.829 0.46799999999999997 0.29411764705882354 -0.0 0.29 0.37730769230769234 0.7647058823529411 0.95 -0.87 -0.39 0.030285714285714242 0.8235294117647058 0.979 -0.87 -0.87 0.1044 0.29411764705882354 0.932 -0.6 0.029 0.3644615384615385 0.7647058823529411 0.947 -0.96 -0.44
0.0 0.0 0.0 0.0 0.0 0.0 0.0 0.0 0.0 0.0 0.0 0.0 0.0 0.0 0.0 0.0 0.0 0.0 0.0 0.0 0.0 0.0 0.0 1.0 0.0 0.0 0.0 0.0 0.0 0.555 1.0 -0.0 0.81 -0.9099999999999999 1.0 0.0 -0.95 -0.95 0.203 0.5 0.203 0.0 0.203 0.0605 1.0 0.721 -0.6 0.721 -0.345 1.0 0.06 -0.75 -0.75
0.0 0.0 0.0 0.0 0.0 0.0 0.0 0.0 0.0 0.0 0.0 0.0 0.0 0.0 0.0 0.0 0.0 0.0 0.0 0.0 0.0 0.0 0.0 1.0 0.0 0.45499999999999996 0.7777777777777778 0.95 0.034 0.545 0.2222222222222222 -0.0 0.79 0.19288888888888892 1.0 0.967 -0.87 0.094 0.48525 0.8888888888888888 0.996 -0.03 -0.03 -0.011499999999999984 0.6666666666666666 0.883 -0.6 0.028 0.30279999999999996 0.5555555555555556 0.862 0.0 0.862
0.0 0.0 0.0 0.0 0.0 0.0 0.0 0.0 0.0 0.0 0.0 0.0 0.0 0.0 0.0 0.0 0.0 0.0 0.0 0.0 0.0 0.0 0.0 1.0 0.0 0.0 0.0 0.0 0.0 0.3 1.0 -0.0 0.3 -0.87 1.0 0.0 -0.87 -0.87 0.203 1.0 0.203 0.0 0.203 -0.6 1.0 0.0 -0.6 -0.6 0.06 1.0 0.06 0.0 0.06
0.0 0.0 0.0 0.0 0.0 0.0 1.0 0.0 0.0 0.0 0.0 0.0 0.0 0.0 0.0 0.0 0.0 0.0 0.0 0.0 0.0 1.0 0.0 0.0 0.0 0.8607142857142855 0.7777777777777778 0.935 0.911 0.71 0.2222222222222222 -0.0 0.66 0.39357142857142857 0.7777777777777778 0.956 -0.78 0.865 -0.319 0.3333333333333333 0.773 -0.94 -0.79 0.585 0.1111111111111111 0.585 0.0 0.585 0.5276666666666666 1.0 0.958 -0.73 0.958
0.0 0.0 0.0 0.0 0.0 0.0 1.0 0.0 0.0 0.0 0.0 0.0 0.0 0.0 0.0 0.0 0.0 0.0 0.0 0.0 0.0 0.0 0.0 1.0 0.0 0.6253636363636363 0.8461538461538461 0.935 0.806 0.345 0.15384615384615385 -0.0 0.03 0.4363333333333333 0.9230769230769231 0.98 -0.74 0.906 0.132235294117647 0.6538461538461539 0.893 -0.99 0.715 0.08528571428571433 0.2692307692307692 0.561 -0.08 -0.08 0.5224545454545454 0.8461538461538461 0.984 -0.74 0.796
0.0 0.0 0.0 0.0 0.0 0.0 0.0 0.0 0.0 0.0 0.0 0.0 0.0 0.0 0.0 0.0 0.0 0.0 0.0 0.0 0.0 0.0 0.0 1.0 0.0 0.66275 0.8 0.935 0.806 0.58 0.2 -0.0 0.58 0.4328 1.0 0.956 -0.58 0.906 0.5336666666666666 0.6 0.776 0.0 0.715 0.561 0.2 0.561 0.0 0.561 0.3015 0.8 0.914 -0.62 0.796
0.0 0.0 0.0 0.0 0.0 1.0 1.0 0.0 0.0 0.0 0.0 0.0 0.0 0.0 0.0 0.0 0.0 0.0 0.0 0.0 0.0 1.0 0.0 0.0 0.0 0.4356874999999999 0.8888888888888888 0.935 0.722 0.62 0.1111111111111111 -0.0 0.58 0.307 0.8888888888888888 0.956 -0.78 0.745 0.08292307692307695 0.7222222222222222 0.778 -0.71 -0.71 0.047 0.4444444444444444 0.585 -0.21 0.561 0.34452941176470586 0.9444444444444444 0.914 -0.63 0.709
0.0 0.0 0.0 0.0 0.0 0.0 1.0 0.0 0.0 0.0 0.0 0.0 0.0 0.0 0.0 0.0 0.0 0.0 0.0 0.0 0.0 1.0 0.0 0.0 0.0 0.451 1.0 0.746 0.258 0.0 0.0 -0.0 -0.0 0.5936666666666667 0.75 0.781 0.0 0.277 0.1345 0.5 0.161 0.0 0.161 0.029 0.25 0.029 0.0 0.029 0.47550000000000003 1.0 0.769 0.0 0.337
0.0 0.0 0.0 0.0 0.0 8.0 0.0 0.0 5.0 0.0 0.0 7.0 0.0 1.0 0.0 0.0 0.0 0.0 0.0 0.0 0.0 0.0 0.0 1.0 0.0 0.4651199999999999 0.8241758241758241 0.943 0.136 0.530625 0.17582417582417584 -0.0 0.8 0.21595000000000014 0.8791208791208791 0.971 -0.99 0.051 0.0963015873015873 0.6923076923076923 0.979 -0.95 0.214 0.08148275862068964 0.31868131868131866 0.854 -0.8 0.854 0.33412676056338025 0.7802197802197802 0.96 -0.98 0.142
0.0 0.0 0.0 0.0 0.0 0.0 0.0 0.0 0.0 0.0 0.0 1.0 0.0 0.0 0.0 0.0 0.0 0.0 0.0 0.0 0.0 0.0 0.0 1.0 0.0 0.42352380952380964 0.8076923076923077 0.943 0.258 0.71 0.19230769230769232 -0.0 0.94 0.25780000000000003 0.7692307692307693 0.956 -0.87 0.277 0.1865625 0.6153846153846154 0.943 -0.79 0.161 -0.2291 0.38461538461538464 0.561 -0.92 -0.92 0.266375 0.9230769230769231 0.935 -0.99 0.337
