0.0 0.0 0.0 0.0 0.0 1.0 0.0 0.0 1.0 0.0 0.0 1.0 0.0 1.0 0.0 0.0 0.0 0.0 0.0 0.0 0.0 0.0 1.0 0.0 0.0 0.08333333333333333 0.0 0.0 0.08333333333333333 0.08333333333333333 0.0 0.8333333333333334 0.438 0.438 0.438 0.3333333333333333 0.0 0.0 0.0 0.0 0.606 0.962 0.962 0.6666666666666666 0.797 0.797 0.797 0.3333333333333333
0.0 0.0 0.0 0.0 0.0 2.0 1.0 0.0 3.0 0.0 0.0 0.0 0.0 2.0 0.0 0.0 0.0 0.0 0.0 0.0 0.0 0.0 1.0 0.0 0.0 0.13333333333333333 0.06666666666666667 0.0 0.13333333333333333 0.06666666666666667 0.0 0.7333333333333333 0.6719999999999999 0.773 0.571 0.4 0.475 0.484 0.466 0.4 0.969 0.969 0.969 0.2 0.5335 0.844 0.223 0.4
0.0 0.0 0.0 0.0 0.0 1.0 0.0 0.0 0.0 0.0 0.0 1.0 0.0 0.0 0.0 0.0 0.0 0.0 0.0 0.0 0.0 0.0 1.0 0.0 0.0 0.058823529411764705 0.058823529411764705 0.0 0.17647058823529413 0.17647058823529413 0.0 0.7647058823529411 0.351 0.351 0.351 0.25 0.288 0.288 0.288 0.25 0.26 0.328 0.226 0.75 0.17433333333333334 0.281 0.121 0.75
0.0 0.0 0.0 0.0 0.0 1.0 0.0 0.0 0.0 0.0 0.0 1.0 0.0 0.0 0.0 0.0 0.0 0.0 0.0 0.0 0.0 0.0 1.0 0.0 0.0 0.15384615384615385 0.0 0.0 0.15384615384615385 0.15384615384615385 0.0 0.7692307692307693 0.4105 0.47 0.47 0.6666666666666666 0.0 0.0 0.0 0.0 0.44300000000000006 0.558 0.558 0.6666666666666666 0.405 0.529 0.529 0.6666666666666666
0.0 0.0 0.0 0.0 0.0 1.0 1.0 0.0 0.0 0.0 0.0 1.0 0.0 0.0 0.0 0.0 0.0 0.0 0.0 0.0 0.0 1.0 0.0 0.0 0.0 0.3333333333333333 0.0 0.0 0.3333333333333333 0.3333333333333333 0.0 0.6666666666666666 0.833 0.833 0.833 1.0 0.0 0.0 0.0 0.0 0.705 0.705 0.705 1.0 0.734 0.734 0.734 1.0
0.0 0.0 1.0 0.0 0.0 0.0 3.0 0.0 0.0 0.0 0.0 3.0 0.0 1.0 0.0 0.0 0.0 0.0 0.0 0.0 0.0 1.0 0.0 0.0 0.0 0.14285714285714285 0.0 0.0 0.14285714285714285 0.14285714285714285 0.0 0.8571428571428571 0.409 0.409 0.409 1.0 0.0 0.0 0.0 0.0 0.672 0.672 0.672 1.0 0.641 0.641 0.641 1.0
0.0 0.0 0.0 0.0 0.0 0.0 0.0 0.0 0.0 0.0 0.0 0.0 0.0 0.0 0.0 0.0 0.0 0.0 0.0 0.0 0.0 0.0 0.0 0.0 0.0 0.5 0.0 0.0 0.0 1.0 0.0 0.0 0.636 0.636 0.636 0.5 0.0 0.0 0.0 0.0 0.34099999999999997 0.484 0.484 1.0 0.0 0.0 0.0 0.0
0.0 0.0 0.0 0.0 0.0 0.0 2.0 0.0 0.0 0.0 0.0 2.0 0.0 0.0 0.0 0.0 0.0 0.0 0.0 0.0 0.0 1.0 0.0 0.0 0.0 0.3333333333333333 0.0 0.0 0.0 0.3333333333333333 0.3333333333333333 0.6666666666666666 0.588 0.588 0.588 1.0 0.0 0.0 0.0 0.0 0.844 0.844 0.844 1.0 0.0 0.0 0.0 0.0
0.0 0.0 0.0 0.0 0.0 0.0 0.0 0.0 0.0 0.0 0.0 0.0 0.0 0.0 0.0 0.0 0.0 0.0 0.0 0.0 0.0 0.0 0.0 1.0 0.0 0.0 0.0 0.0 0.0 0.0 0.0 1.0 0.0 0.0 0.0 0.0 0.0 0.0 0.0 0.0 0.0 0.0 0.0 0.0 0.0 0.0 0.0 0.0
0.0 0.0 0.0 0.0 1.0 1.0 0.0 0.0 0.0 0.0 0.0 0.0 0.0 0.0 0.0 0.0 0.0 0.0 0.0 0.0 0.0 0.0 0.0 1.0 0.0 0.5 0.0 0.0 0.0 0.0 0.0 0.5 0.47 0.47 0.47 0.3333333333333333 0.375 0.375 0.375 0.3333333333333333 0.25 0.25 0.25 0.3333333333333333 0.0 0.0 0.0 0.0
0.0 0.0 0.0 0.0 0.0 0.0 0.0 0.0 0.0 0.0 0.0 0.0 0.0 0.0 0.0 0.0 0.0 0.0 0.0 0.0 0.0 0.0 0.0 0.0 0.0 0.0 0.0 0.0 0.0 0.09090909090909091 0.09090909090909091 0.8181818181818182 0.0 0.0 0.0 0.0 0.156 0.156 0.156 0.3333333333333333 0.2005 0.203 0.203 0.6666666666666666 0.0 0.0 0.0 0.0
0.0 0.0 0.0 0.0 1.0 1.0 0.0 0.0 0.0 0.0 0.0 0.0 0.0 0.0 0.0 0.0 0.0 0.0 0.0 0.0 0.0 0.0 0.0 1.0 0.0 0.125 0.0 0.0 0.0625 0.0625 0.0 0.75 0.5685 0.667 0.47 0.5 0.0 0.0 0.0 0.0 0.188 0.188 0.188 0.25 0.545 0.545 0.545 0.25
0.0 0.0 0.0 0.0 0.0 1.0 0.0 0.0 0.0 0.0 0.0 1.0 0.0 1.0 0.0 0.0 0.0 0.0 0.0 0.0 0.0 0.0 1.0 0.0 0.0 0.0 0.0 0.0 0.07142857142857142 0.14285714285714285 0.07142857142857142 0.7142857142857143 0.515 0.515 0.515 0.2 0.375 0.375 0.375 0.2 0.198 0.198 0.198 0.4 0.25 0.25 0.25 0.2
0.0 0.0 0.0 0.0 0.0 0.0 1.0 0.0 0.0 0.0 0.0 0.0 0.0 0.0 0.0 0.0 0.0 0.0 0.0 0.0 0.0 1.0 0.0 0.0 0.0 1.0 0.0 0.0 0.0 0.0 0.0 0.0 0.52 0.52 0.52 1.0 0.0 0.0 0.0 0.0 0.0 0.0 0.0 0.0 0.0 0.0 0.0 0.0
0.0 0.0 0.0 0.0 0.0 1.0 0.0 0.0 1.0 0.0 0.0 0.0 0.0 1.0 0.0 0.0 0.0 0.0 0.0 0.0 0.0 0.0 0.0 1.0 0.0 0.4 0.0 0.0 0.3 0.4 0.0 0.5 0.46149999999999997 0.735 0.351 0.8 0.0 0.0 0.0 0.0 0.3985 0.672 0.266 0.8 0.401 0.641 0.281 0.6
0.0 0.0 0.0 0.0 0.0 0.0 1.0 0.0 0.0 0.0 0.0 0.0 0.0 0.0 0.0 0.0 0.0 0.0 0.0 0.0 0.0 1.0 0.0 0.0 0.0 0.0625 0.0625 0.0 0.0 0.0 0.0 0.875 0.3755 0.47 0.47 0.6666666666666666 0.621 0.621 0.621 0.3333333333333333 0.0 0.0 0.0 0.0 0.0 0.0 0.0 0.0
0.0 0.0 0.0 0.0 0.0 0.0 0.0 0.0 0.0 0.0 0.0 2.0 0.0 0.0 0.0 0.0 0.0 0.0 0.0 0.0 0.0 0.0 0.0 1.0 0.0 0.0 0.0 0.0 0.1 0.1 0.0 0.9 0.0 0.0 0.0 0.0 0.0 0.0 0.0 0.0 0.594 0.594 0.594 1.0 0.719 0.719 0.719 1.0
0.0 0.0 1.0 0.0 0.0 0.0 2.0 0.0 1.0 0.0 0.0 2.0 0.0 0.0 0.0 0.0 0.0 0.0 0.0 0.0 0.0 0.0 0.0 1.0 0.0 0.16666666666666666 0.16666666666666666 0.0 0.16666666666666666 0.0 0.16666666666666666 0.8333333333333334 0.045 0.045 0.045 1.0 0.234 0.234 0.234 1.0 0.0 0.0 0.0 0.0 0.031 0.031 0.031 1.0
0.0 0.0 0.0 0.0 0.0 2.0 0.0 0.0 2.0 0.0 0.0 1.0 0.0 0.0 0.0 0.0 0.0 0.0 0.0 0.0 0.0 0.0 0.0 0.0 0.0 0.125 0.0 0.0 0.375 0.125 0.0 0.5 0.47 0.47 0.47 0.25 0.0 0.0 0.0 0.0 0.558 0.558 0.558 0.25 0.42766666666666664 0.531 0.529 0.75
0.0 0.0 0.0 0.0 0.0 0.0 1.0 0.0 0.0 0.0 0.0 0.0 0.0 0.0 0.0 0.0 0.0 0.0 0.0 0.0 0.0 0.0 0.0 1.0 0.0 0.3333333333333333 0.0 0.0 0.3333333333333333 0.3333333333333333 0.3333333333333333 0.6666666666666666 0.75 0.75 0.75 1.0 0.0 0.0 0.0 0.0 0.923 0.923 0.923 1.0 0.719 0.719 0.719 1.0
0.0 0.0 0.0 0.0 0.0 0.0 0.0 0.0 0.0 0.0 0.0 0.0 0.0 1.0 0.0 0.0 0.0 0.0 0.0 0.0 0.0 0.0 0.0 1.0 0.0 0.09090909090909091 0.09090909090909091 0.0 0.0 0.09090909090909091 0.09090909090909091 0.7272727272727273 0.742 0.742 0.742 0.2 0.491 0.544 0.544 0.4 0.531 0.734 0.328 0.4 0.348 0.348 0.348 0.2
0.0 0.0 0.0 0.0 0.0 0.0 0.0 0.0 0.0 0.0 0.0 1.0 0.0 1.0 0.0 0.0 0.0 0.0 0.0 0.0 0.0 0.0 0.0 1.0 0.0 0.0 0.0 0.0 0.16666666666666666 0.16666666666666666 0.0 0.8333333333333334 0.0 0.0 0.0 0.0 0.141 0.141 0.141 0.5 0.594 0.594 0.594 0.5 0.719 0.719 0.719 0.5
0.0 0.0 0.0 0.0 0.0 0.0 1.0 0.0 0.0 0.0 0.0 0.0 0.0 1.0 0.0 0.0 0.0 0.0 0.0 0.0 0.0 1.0 0.0 0.0 0.0 0.2 0.0 0.0 0.4 0.2 0.0 0.6 0.561 0.561 0.561 0.5 0.0 0.0 0.0 0.0 0.203 0.203 0.203 0.5 0.445 0.734 0.734 1.0
0.0 0.0 0.0 0.0 0.0 0.0 1.0 0.0 2.0 0.0 0.0 0.0 0.0 0.0 0.0 0.0 0.0 0.0 0.0 0.0 0.0 1.0 0.0 0.0 0.0 0.2 0.2 0.0 0.4 0.6 0.0 0.4 0.828 0.828 0.828 0.3333333333333333 0.545 0.545 0.545 0.3333333333333333 0.2813333333333333 0.484 0.094 1.0 0.547 0.656 0.438 0.6666666666666666
0.0 0.0 0.0 0.0 0.0 2.0 0.0 0.0 3.0 0.0 0.0 2.0 0.0 0.0 0.0 0.0 0.0 0.0 0.0 0.0 0.0 0.0 1.0 0.0 0.0 0.0625 0.0625 0.0 0.0625 0.0 0.125 0.8125 0.0 0.0 0.0 0.5 0.09 0.09 0.09 0.5 0.0 0.0 0.0 0.0 0.758 0.758 0.758 0.5
0.0 0.0 0.0 0.0 0.0 0.0 0.0 0.0 0.0 0.0 0.0 0.0 0.0 0.0 0.0 0.0 0.0 0.0 0.0 0.0 0.0 0.0 0.0 1.0 0.0 0.0 0.0 0.0 0.09090909090909091 0.0 0.0 0.9090909090909091 0.0 0.0 0.0 0.0 0.0 0.0 0.0 0.0 0.0 0.0 0.0 0.0 0.758 0.758 0.758 1.0
0.0 0.0 0.0 0.0 0.0 1.0 0.0 0.0 0.0 0.0 0.0 0.0 0.0 0.0 0.0 0.0 0.0 0.0 0.0 0.0 0.0 0.0 1.0 0.0 0.0 0.0 0.0 0.0 0.0 0.0 0.0 1.0 0.0 0.0 0.0 0.0 0.0 0.0 0.0 0.0 0.0 0.0 0.0 0.0 0.0 0.0 0.0 0.0
0.0 0.0 0.0 0.0 0.0 0.0 0.0 0.0 0.0 0.0 0.0 1.0 0.0 1.0 0.0 0.0 0.0 0.0 0.0 0.0 0.0 0.0 0.0 0.0 0.0 0.0 0.0 0.0 0.0 0.0 0.0 1.0 0.0 0.0 0.0 0.0 0.0 0.0 0.0 0.0 0.0 0.0 0.0 0.0 0.0 0.0 0.0 0.0
0.0 0.0 0.0 0.0 0.0 0.0 0.0 0.0 1.0 0.0 0.0 0.0 0.0 1.0 0.0 0.0 0.0 0.0 0.0 0.0 0.0 0.0 0.0 1.0 0.0 0.14285714285714285 0.0 0.0 0.14285714285714285 0.14285714285714285 0.0 0.8571428571428571 0.828 0.828 0.828 0.5 0.0 0.0 0.0 0.0 0.367 0.484 0.25 1.0 0.656 0.656 0.656 0.5
0.0 0.0 0.0 0.0 0.0 0.0 0.0 0.0 0.0 0.0 0.0 1.0 0.0 1.0 0.0 0.0 0.0 0.0 0.0 0.0 0.0 0.0 0.0 1.0 0.0 0.2 0.2 0.0 0.0 0.4 0.2 0.4 0.742 0.742 0.742 0.25 0.637 0.727 0.547 0.5 0.5155 0.734 0.297 0.5 0.0 0.0 0.0 0.0
0.0 0.0 0.0 0.0 0.0 0.0 1.0 0.0 1.0 0.0 0.0 0.0 0.0 1.0 0.0 0.0 0.0 0.0 0.0 0.0 0.0 0.0 0.0 1.0 0.0 0.14285714285714285 0.0 0.0 0.0 0.14285714285714285 0.0 0.8571428571428571 0.742 0.742 0.742 1.0 0.0 0.0 0.0 0.0 0.734 0.734 0.734 1.0 0.0 0.0 0.0 0.0
0.0 0.0 0.0 0.0 0.0 1.0 1.0 0.0 0.0 0.0 0.0 0.0 0.0 1.0 0.0 0.0 0.0 0.0 0.0 0.0 0.0 0.0 0.0 0.0 0.0 0.0 0.10526315789473684 0.0 0.0 0.0 0.10526315789473684 0.8947368421052632 0.0 0.0 0.0 0.0 0.492 0.5 0.484 1.0 0.0 0.0 0.0 0.0 0.0 0.0 0.0 0.0
0.0 0.0 0.0 0.0 0.0 0.0 0.0 0.0 0.0 0.0 0.0 1.0 0.0 0.0 0.0 0.0 0.0 0.0 0.0 0.0 0.0 0.0 0.0 1.0 0.0 0.0 0.0 0.0 0.0 0.0 0.0 1.0 0.0 0.0 0.0 0.0 0.0 0.0 0.0 0.0 0.25 0.25 0.25 0.5 0.281 0.281 0.281 0.5
0.0 0.0 0.0 0.0 0.0 0.0 0.0 0.0 0.0 0.0 0.0 0.0 0.0 0.0 0.0 0.0 0.0 0.0 0.0 0.0 0.0 0.0 0.0 1.0 0.0 0.3333333333333333 0.0 0.0 0.3333333333333333 0.3333333333333333 0.0 0.6666666666666666 0.828 0.828 0.828 1.0 0.0 0.0 0.0 0.0 0.484 0.484 0.484 1.0 0.656 0.656 0.656 1.0
0.0 0.0 0.0 0.0 0.0 0.0 0.0 0.0 0.0 0.0 0.0 0.0 0.0 1.0 0.0 0.0 0.0 0.0 0.0 0.0 0.0 0.0 0.0 1.0 0.0 0.0 0.0 0.0 0.0 0.14285714285714285 0.0 0.8571428571428571 0.515 0.515 0.515 0.3333333333333333 0.765 0.765 0.765 0.3333333333333333 0.359 0.359 0.359 0.3333333333333333 0.0 0.0 0.0 0.0
0.0 0.0 0.0 0.0 0.0 0.0 0.0 0.0 1.0 0.0 0.0 0.0 0.0 0.0 0.0 0.0 0.0 0.0 0.0 0.0 0.0 0.0 0.0 1.0 0.0 0.0 0.06666666666666667 0.0 0.06666666666666667 0.0 0.0 0.8666666666666667 0.0 0.0 0.0 0.0 0.288 0.288 0.288 0.5 0.0 0.0 0.0 0.0 0.641 0.641 0.641 0.5
0.0 1.0 0.0 0.0 0.0 0.0 0.0 0.0 0.0 0.0 1.0 1.0 0.0 0.0 0.0 0.0 0.0 0.0 0.0 0.0 1.0 0.0 0.0 0.0 0.0 0.25 0.0 0.0 0.25 0.25 0.0 0.75 0.828 0.828 0.828 1.0 0.0 0.0 0.0 0.0 0.484 0.484 0.484 1.0 0.656 0.656 0.656 1.0
0.0 0.0 0.0 0.0 0.0 0.0 0.0 0.0 0.0 0.0 0.0 0.0 0.0 2.0 0.0 0.0 0.0 0.0 0.0 0.0 0.0 0.0 0.0 1.0 0.0 0.0 0.0 0.0 0.0 0.0 0.0 1.0 0.0 0.0 0.0 0.0 0.0 0.0 0.0 0.0 0.0 0.0 0.0 0.0 0.0 0.0 0.0 0.0
0.0 0.0 0.0 0.0 0.0 0.0 0.0 0.0 0.0 0.0 0.0 1.0 0.0 0.0 0.0 0.0 0.0 0.0 0.0 0.0 0.0 0.0 0.0 1.0 0.0 0.2 0.0 0.0 0.4 0.6 0.2 0.4 0.688 0.688 0.688 0.3333333333333333 0.0 0.0 0.0 0.0 0.625 0.734 0.547 1.0 0.5389999999999999 0.578 0.578 0.6666666666666666
0.0 0.0 0.0 0.0 0.0 0.0 1.0 0.0 0.0 0.0 0.0 0.0 0.0 0.0 0.0 0.0 0.0 0.0 0.0 0.0 0.0 1.0 0.0 0.0 0.0 0.0 0.0 0.0 0.25 0.5 0.0 0.5 0.0 0.0 0.0 0.0 0.0 0.0 0.0 0.0 0.5775 0.594 0.594 1.0 0.719 0.719 0.719 0.5
0.0 0.0 0.0 0.0 0.0 1.0 0.0 0.0 0.0 0.0 0.0 1.0 0.0 0.0 0.0 0.0 0.0 0.0 0.0 0.0 0.0 0.0 1.0 0.0 0.0 0.1 0.0 0.0 0.1 0.1 0.0 0.8 0.47 0.47 0.47 0.5 0.0 0.0 0.0 0.0 0.266 0.266 0.266 0.5 0.438 0.438 0.438 0.5
0.0 0.0 0.0 0.0 0.0 0.0 0.0 0.0 0.0 0.0 0.0 0.0 0.0 0.0 0.0 0.0 0.0 0.0 0.0 0.0 0.0 0.0 0.0 1.0 0.0 0.5 0.0 0.0 0.0 0.5 0.0 0.5 0.742 0.742 0.742 0.5 0.375 0.375 0.375 0.5 0.734 0.734 0.734 0.5 0.0 0.0 0.0 0.0
0.0 0.0 0.0 0.0 0.0 2.0 1.0 0.0 1.0 0.0 0.0 0.0 0.0 2.0 0.0 0.0 0.0 0.0 0.0 0.0 0.0 1.0 0.0 0.0 0.0 0.25 0.25 0.0 0.25 0.25 0.0 0.5 0.409 0.409 0.409 0.5 0.5 0.5 0.5 0.5 0.672 0.672 0.672 0.5 0.641 0.641 0.641 0.5
0.0 0.0 0.0 0.0 0.0 1.0 0.0 0.0 1.0 0.0 0.0 1.0 0.0 0.0 0.0 0.0 0.0 0.0 0.0 0.0 0.0 0.0 0.0 1.0 0.0 0.1 0.0 0.0 0.2 0.1 0.0 0.8 0.688 0.688 0.688 0.5 0.0 0.0 0.0 0.0 0.594 0.594 0.594 0.5 0.6094999999999999 0.641 0.641 1.0
0.0 0.0 0.0 0.0 2.0 0.0 1.0 0.0 0.0 0.0 0.0 1.0 0.0 1.0 0.0 0.0 0.0 0.0 0.0 0.0 0.0 1.0 0.0 0.0 0.0 0.125 0.0 0.0 0.125 0.125 0.0 0.875 0.706 0.706 0.706 0.5 0.188 0.188 0.188 0.5 0.833 0.833 0.833 0.5 0.672 0.672 0.672 0.5
0.0 0.0 0.0 0.0 0.0 1.0 0.0 0.0 0.0 0.0 0.0 0.0 0.0 0.0 0.0 0.0 0.0 0.0 0.0 0.0 0.0 0.0 0.0 1.0 0.0 0.3333333333333333 0.0 0.0 0.6666666666666666 0.6666666666666666 0.3333333333333333 0.0 0.688 0.688 0.688 0.5 0.0 0.0 0.0 0.0 0.41 0.594 0.594 1.0 0.3495 0.578 0.578 1.0
0.0 0.0 0.0 0.0 0.0 0.0 0.0 0.0 0.0 0.0 0.0 0.0 0.0 0.0 0.0 0.0 0.0 0.0 0.0 0.0 0.0 0.0 0.0 1.0 0.0 0.0 0.0 0.0 0.5 0.5 0.0 0.5 0.0 0.0 0.0 0.0 0.0 0.0 0.0 0.0 0.594 0.594 0.594 1.0 0.719 0.719 0.719 1.0
0.0 0.0 0.0 0.0 0.0 0.0 0.0 0.0 1.0 0.0 0.0 0.0 0.0 0.0 0.0 0.0 0.0 0.0 0.0 0.0 0.0 0.0 0.0 0.0 0.0 0.0 0.0 0.0 0.0 0.0 0.0 1.0 0.0 0.0 0.0 0.0 0.515 0.515 0.515 1.0 0.0 0.0 0.0 0.0 0.0 0.0 0.0 0.0
0.0 0.0 0.0 0.0 0.0 0.0 0.0 0.0 1.0 0.0 0.0 0.0 0.0 1.0 0.0 0.0 0.0 0.0 0.0 0.0 0.0 0.0 0.0 0.0 0.0 0.5 0.0 0.0 0.25 0.25 0.0 0.5 0.4615 0.47 0.47 1.0 0.0 0.0 0.0 0.0 0.375 0.375 0.375 0.5 0.422 0.422 0.422 0.5
0.0 0.0 0.0 0.0 0.0 0.0 1.0 0.0 0.0 0.0 0.0 0.0 0.0 1.0 0.0 0.0 0.0 0.0 0.0 0.0 0.0 0.0 0.0 1.0 0.0 0.125 0.0 0.0 0.125 0.25 0.125 0.75 0.742 0.742 0.742 0.25 0.544 0.544 0.544 0.5 0.734 0.734 0.734 0.5 0.5 0.5 0.5 0.25
0.0 0.0 0.0 0.0 0.0 0.0 1.0 0.0 5.0 0.0 0.0 1.0 0.0 1.0 0.0 0.0 0.0 0.0 0.0 0.0 0.0 0.0 0.0 0.0 0.0 0.0 0.0 0.0 0.2727272727272727 0.045454545454545456 0.0 0.7272727272727273 0.0 0.0 0.0 0.0 0.0 0.0 0.0 0.0 0.3436666666666666 0.578 0.203 0.375 0.34366666666666673 0.812 0.25 0.75
0.0 0.0 0.0 0.0 0.0 0.0 0.0 0.0 0.0 0.0 0.0 0.0 0.0 2.0 0.0 0.0 0.0 0.0 0.0 0.0 0.0 0.0 0.0 1.0 0.0 0.14285714285714285 0.0 0.0 0.047619047619047616 0.14285714285714285 0.047619047619047616 0.8095238095238095 0.4703333333333333 0.833 0.189 0.75 0.0 0.0 0.0 0.0 0.4746666666666666 0.705 0.594 0.75 0.734 0.734 0.734 0.25
0.0 0.0 0.0 0.0 0.0 0.0 0.0 0.0 0.0 0.0 0.0 1.0 0.0 0.0 0.0 0.0 0.0 0.0 0.0 0.0 0.0 0.0 0.0 1.0 0.0 0.3333333333333333 0.0 0.0 0.3333333333333333 0.3333333333333333 0.0 0.6666666666666666 0.688 0.688 0.688 1.0 0.0 0.0 0.0 0.0 0.594 0.594 0.594 1.0 0.578 0.578 0.578 1.0
0.0 0.0 0.0 0.0 0.0 0.0 1.0 0.0 0.0 0.0 0.0 1.0 0.0 1.0 0.0 0.0 0.0 0.0 0.0 0.0 0.0 0.0 0.0 1.0 0.0 1.0 0.0 0.0 0.0 1.0 0.0 0.0 0.742 0.742 0.742 1.0 0.0 0.0 0.0 0.0 0.734 0.734 0.734 1.0 0.0 0.0 0.0 0.0
0.0 0.0 0.0 0.0 2.0 0.0 1.0 0.0 0.0 0.0 0.0 2.0 0.0 0.0 0.0 0.0 0.0 0.0 0.0 0.0 0.0 1.0 0.0 0.0 0.0 0.0 0.06666666666666667 0.0 0.06666666666666667 0.06666666666666667 0.0 0.8 0.0 0.0 0.0 0.0 0.516 0.516 0.516 0.3333333333333333 0.188 0.188 0.188 0.3333333333333333 0.75 0.75 0.75 0.3333333333333333
0.0 0.0 0.0 0.0 0.0 0.0 0.0 0.0 0.0 0.0 0.0 3.0 0.0 4.0 0.0 0.0 0.0 0.0 0.0 0.0 0.0 0.0 0.0 1.0 0.0 0.0 0.0 0.0 0.3333333333333333 0.3333333333333333 0.0 0.6666666666666666 0.0 0.0 0.0 0.0 0.375 0.375 0.375 0.3333333333333333 0.502 0.594 0.594 0.6666666666666666 0.6639999999999999 0.719 0.719 0.6666666666666666
0.0 0.0 0.0 0.0 0.0 0.0 0.0 0.0 0.0 0.0 0.0 0.0 0.0 0.0 0.0 0.0 0.0 0.0 0.0 0.0 0.0 0.0 0.0 0.0 0.0 0.15384615384615385 0.07692307692307693 0.0 0.07692307692307693 0.23076923076923078 0.0 0.7692307692307693 0.583 0.742 0.424 0.6666666666666666 0.516 0.516 0.516 0.3333333333333333 0.38000000000000006 0.734 0.094 1.0 0.228 0.228 0.228 0.3333333333333333
0.0 0.0 0.0 0.0 0.0 0.0 1.0 0.0 0.0 0.0 0.0 2.0 0.0 1.0 0.0 0.0 0.0 0.0 0.0 0.0 0.0 0.0 0.0 0.0 0.0 0.05555555555555555 0.05555555555555555 0.0 0.2222222222222222 0.16666666666666666 0.05555555555555555 0.6111111111111112 0.742 0.742 0.742 0.14285714285714285 0.109 0.109 0.109 0.14285714285714285 0.474 0.734 0.734 0.42857142857142855 0.33075 0.438 0.157 0.5714285714285714
0.0 0.0 0.0 0.0 0.0 0.0 1.0 0.0 0.0 0.0 0.0 0.0 0.0 1.0 0.0 0.0 0.0 0.0 0.0 0.0 0.0 1.0 0.0 0.0 0.0 0.3333333333333333 0.0 0.0 0.0 0.0 0.0 0.6666666666666666 0.47 0.47 0.47 1.0 0.0 0.0 0.0 0.0 0.0 0.0 0.0 0.0 0.0 0.0 0.0 0.0
0.0 0.0 0.0 0.0 0.0 0.0 1.0 0.0 0.0 0.0 0.0 1.0 0.0 0.0 0.0 0.0 0.0 0.0 0.0 0.0 0.0 1.0 0.0 0.0 0.0 1.0 0.0 0.0 1.0 1.0 0.0 0.0 0.828 0.828 0.828 1.0 0.0 0.0 0.0 0.0 0.484 0.484 0.484 1.0 0.656 0.656 0.656 1.0
0.0 0.0 0.0 0.0 0.0 1.0 0.0 0.0 2.0 0.0 0.0 2.0 0.0 0.0 0.0 0.0 0.0 0.0 0.0 0.0 0.0 0.0 0.0 0.0 0.0 0.1111111111111111 0.0 0.0 0.1111111111111111 0.2222222222222222 0.0 0.7777777777777778 0.828 0.828 0.828 0.3333333333333333 0.0 0.0 0.0 0.0 0.2916666666666667 0.484 0.203 1.0 0.656 0.656 0.656 0.3333333333333333
0.0 0.0 0.0 0.0 0.0 0.0 1.0 0.0 0.0 0.0 0.0 0.0 0.0 0.0 0.0 0.0 0.0 0.0 0.0 0.0 0.0 1.0 0.0 0.0 0.0 0.3333333333333333 0.0 0.0 0.3333333333333333 0.3333333333333333 0.3333333333333333 0.3333333333333333 0.545 0.545 0.545 0.5 0.0 0.0 0.0 0.0 0.594 0.594 0.594 0.5 0.719 0.719 0.719 0.5
0.0 0.0 0.0 0.0 1.0 1.0 0.0 0.0 0.0 0.0 0.0 1.0 1.0 0.0 0.0 0.0 0.0 0.0 0.0 0.0 0.0 0.0 1.0 0.0 0.0 0.034482758620689655 0.0 0.0 0.10344827586206896 0.034482758620689655 0.0 0.896551724137931 0.828 0.828 0.828 0.25 0.141 0.141 0.141 0.25 0.484 0.484 0.484 0.25 0.38533333333333336 0.656 0.25 0.75
0.0 0.0 0.0 0.0 0.0 2.0 1.0 0.0 0.0 0.0 0.0 0.0 0.0 0.0 0.0 0.0 0.0 0.0 0.0 0.0 0.0 0.0 0.0 1.0 0.0 0.16666666666666666 0.0 0.0 0.16666666666666666 0.16666666666666666 0.0 0.8333333333333334 0.688 0.688 0.688 1.0 0.0 0.0 0.0 0.0 0.594 0.594 0.594 1.0 0.578 0.578 0.578 1.0
0.0 0.0 0.0 0.0 0.0 0.0 0.0 0.0 0.0 0.0 0.0 0.0 0.0 1.0 0.0 0.0 0.0 0.0 0.0 0.0 0.0 0.0 0.0 0.0 0.0 0.2 0.0 0.0 0.2 0.2 0.0 0.8 0.828 0.828 0.828 1.0 0.0 0.0 0.0 0.0 0.484 0.484 0.484 1.0 0.656 0.656 0.656 1.0
0.0 0.0 0.0 0.0 0.0 0.0 0.0 0.0 0.0 0.0 0.0 0.0 0.0 0.0 0.0 0.0 0.0 0.0 0.0 0.0 0.0 0.0 0.0 1.0 0.0 0.16666666666666666 0.0 0.0 0.3333333333333333 0.3333333333333333 0.0 0.6666666666666666 0.688 0.688 0.688 0.5 0.0 0.0 0.0 0.0 0.43 0.594 0.266 1.0 0.508 0.578 0.438 1.0
0.0 0.0 0.0 0.0 0.0 0.0 0.0 0.0 0.0 0.0 0.0 0.0 0.0 1.0 0.0 0.0 0.0 0.0 0.0 0.0 0.0 0.0 0.0 1.0 0.0 0.5 0.0 0.0 0.0 0.0 0.0 0.5 0.47 0.47 0.47 1.0 0.0 0.0 0.0 0.0 0.0 0.0 0.0 0.0 0.0 0.0 0.0 0.0
0.0 0.0 0.0 0.0 0.0 0.0 0.0 0.0 2.0 0.0 0.0 0.0 0.0 1.0 0.0 0.0 0.0 0.0 0.0 0.0 0.0 0.0 0.0 1.0 0.0 0.0 0.0 0.0 0.0 0.0 0.0 1.0 0.515 0.515 0.515 1.0 0.0 0.0 0.0 0.0 0.0 0.0 0.0 0.0 0.0 0.0 0.0 0.0
0.0 0.0 0.0 0.0 0.0 0.0 1.0 0.0 0.0 0.0 0.0 0.0 0.0 1.0 0.0 0.0 0.0 0.0 0.0 0.0 0.0 0.0 0.0 1.0 0.0 0.0 0.0 0.0 0.0 0.0 0.0 1.0 0.0 0.0 0.0 0.0 0.0 0.0 0.0 0.0 0.0 0.0 0.0 0.0 0.0 0.0 0.0 0.0
0.0 0.0 0.0 0.0 0.0 1.0 1.0 0.0 1.0 0.0 0.0 1.0 0.0 0.0 0.0 0.0 0.0 0.0 0.0 0.0 0.0 0.0 1.0 0.0 0.0 0.0 0.0 0.0 0.0 0.0 0.0 1.0 0.0 0.0 0.0 0.0 0.515 0.515 0.515 1.0 0.0 0.0 0.0 0.0 0.0 0.0 0.0 0.0
0.0 0.0 0.0 0.0 0.0 0.0 2.0 0.0 0.0 0.0 0.0 0.0 0.0 0.0 0.0 0.0 0.0 0.0 0.0 0.0 0.0 0.0 0.0 1.0 0.0 0.0 0.0 0.0 0.0 0.0 0.0 0.0 0.0 0.0 0.0 0.0 0.0 0.0 0.0 0.0 0.0 0.0 0.0 0.0 0.0 0.0 0.0 0.0
0.0 0.0 0.0 0.0 0.0 0.0 1.0 0.0 0.0 0.0 0.0 1.0 0.0 1.0 0.0 0.0 0.0 0.0 0.0 0.0 0.0 1.0 0.0 0.0 0.0 0.0 0.07142857142857142 0.0 0.0 0.0 0.14285714285714285 0.8571428571428571 0.0 0.0 0.0 0.0 0.32799999999999996 0.484 0.484 0.6666666666666666 0.25 0.25 0.25 0.3333333333333333 0.0 0.0 0.0 0.0
0.0 0.0 0.0 0.0 0.0 0.0 1.0 0.0 0.0 0.0 0.0 0.0 0.0 0.0 0.0 0.0 0.0 0.0 0.0 0.0 0.0 1.0 0.0 0.0 0.0 0.0 1.0 0.0 0.0 0.0 1.0 0.0 0.0 0.0 0.0 0.0 0.5155000000000001 0.547 0.484 1.0 0.0 0.0 0.0 0.0 0.0 0.0 0.0 0.0
0.0 0.0 0.0 0.0 0.0 0.0 2.0 0.0 0.0 0.0 0.0 0.0 0.0 0.0 0.0 0.0 0.0 0.0 0.0 0.0 0.0 1.0 0.0 0.0 0.0 0.0 0.0 0.0 0.0 0.0 0.0 1.0 0.0 0.0 0.0 0.0 0.0 0.0 0.0 0.0 0.0 0.0 0.0 0.0 0.0 0.0 0.0 0.0
0.0 0.0 0.0 0.0 0.0 1.0 0.0 0.0 0.0 0.0 0.0 1.0 0.0 0.0 0.0 0.0 0.0 0.0 0.0 0.0 0.0 0.0 1.0 0.0 0.0 0.0 0.2 0.0 0.0 0.0 0.2 0.8 0.0 0.0 0.0 0.0 0.6435 0.818 0.818 1.0 0.0 0.0 0.0 0.0 0.0 0.0 0.0 0.0
0.0 0.0 0.0 0.0 0.0 0.0 1.0 0.0 0.0 0.0 0.0 0.0 0.0 0.0 0.0 0.0 0.0 0.0 0.0 0.0 0.0 1.0 0.0 0.0 0.0 0.0 0.5 0.0 0.0 0.0 0.0 0.5 0.0 0.0 0.0 0.0 0.812 0.812 0.812 1.0 0.0 0.0 0.0 0.0 0.0 0.0 0.0 0.0
0.0 0.0 0.0 0.0 0.0 0.0 1.0 0.0 1.0 0.0 0.0 0.0 0.0 0.0 0.0 0.0 0.0 0.0 0.0 0.0 0.0 1.0 0.0 0.0 0.0 0.0 0.0 0.0 0.0 0.0 0.0 0.0 0.0 0.0 0.0 0.0 0.0 0.0 0.0 0.0 0.0 0.0 0.0 0.0 0.0 0.0 0.0 0.0
0.0 0.0 0.0 0.0 0.0 0.0 1.0 0.0 0.0 0.0 0.0 0.0 0.0 0.0 0.0 0.0 0.0 0.0 0.0 0.0 0.0 1.0 0.0 0.0 0.0 0.0 0.2857142857142857 0.0 0.0 0.0 0.2857142857142857 0.5714285714285714 0.0 0.0 0.0 0.0 0.43699999999999994 0.586 0.586 0.6666666666666666 0.203 0.203 0.203 0.3333333333333333 0.0 0.0 0.0 0.0
0.0 0.0 0.0 0.0 0.0 2.0 2.0 0.0 1.0 0.0 0.0 1.0 0.0 0.0 0.0 0.0 0.0 0.0 0.0 0.0 0.0 0.0 0.0 0.0 0.0 0.21428571428571427 0.21428571428571427 0.0 0.21428571428571427 0.0 0.0 0.5714285714285714 0.03 0.03 0.03 0.5 0.34833333333333333 0.469 0.469 0.5 0.0 0.0 0.0 0.0 0.04700000000000001 0.047 0.047 0.5
0.0 0.0 0.0 0.0 1.0 0.0 1.0 0.0 0.0 1.0 0.0 2.0 0.0 1.0 0.0 0.0 0.0 0.0 1.0 1.0 0.0 0.0 0.0 0.0 0.0 0.0 0.4 0.0 0.0 0.0 0.2 0.6 0.0 0.0 0.0 0.0 0.4663333333333333 0.586 0.586 0.75 0.203 0.203 0.203 0.25 0.0 0.0 0.0 0.0
0.0 0.0 0.0 0.0 0.0 0.0 0.0 0.0 0.0 0.0 0.0 0.0 0.0 0.0 0.0 0.0 0.0 0.0 0.0 0.0 0.0 0.0 0.0 1.0 0.0 0.0 0.5 0.0 0.0 0.0 0.0 0.5 0.0 0.0 0.0 0.0 0.47650000000000003 0.812 0.141 1.0 0.0 0.0 0.0 0.0 0.0 0.0 0.0 0.0
0.0 0.0 0.0 0.0 0.0 0.0 1.0 0.0 1.0 0.0 0.0 0.0 0.0 0.0 0.0 0.0 0.0 0.0 0.0 0.0 0.0 1.0 0.0 0.0 0.0 0.0 0.07692307692307693 0.0 0.07692307692307693 0.0 0.0 0.8461538461538461 0.0 0.0 0.0 0.0 0.46900000000000003 0.797 0.797 0.6666666666666666 0.0 0.0 0.0 0.0 0.531 0.531 0.531 0.3333333333333333
0.0 0.0 0.0 0.0 0.0 0.0 0.0 0.0 0.0 0.0 0.0 1.0 0.0 0.0 0.0 0.0 0.0 0.0 0.0 0.0 0.0 0.0 0.0 1.0 0.0 0.0 1.0 0.0 0.0 0.0 0.0 0.0 0.0 0.0 0.0 0.0 0.797 0.797 0.797 1.0 0.0 0.0 0.0 0.0 0.0 0.0 0.0 0.0
0.0 0.0 0.0 0.0 0.0 0.0 0.0 0.0 0.0 0.0 0.0 0.0 0.0 0.0 0.0 0.0 0.0 0.0 0.0 0.0 0.0 0.0 0.0 1.0 0.0 0.0 0.0 0.0 0.0 0.0 0.0 1.0 0.0 0.0 0.0 0.0 0.0 0.0 0.0 0.0 0.0 0.0 0.0 0.0 0.0 0.0 0.0 0.0
0.0 0.0 0.0 0.0 0.0 0.0 1.0 0.0 1.0 1.0 0.0 0.0 0.0 0.0 0.0 0.0 0.0 0.0 0.0 1.0 0.0 0.0 0.0 0.0 0.0 0.0 0.3333333333333333 0.0 0.0 0.0 0.0 0.6666666666666666 0.0 0.0 0.0 0.0 0.812 0.812 0.812 1.0 0.0 0.0 0.0 0.0 0.0 0.0 0.0 0.0
0.0 0.0 0.0 0.0 0.0 1.0 1.0 0.0 0.0 0.0 0.0 0.0 0.0 0.0 0.0 0.0 0.0 0.0 0.0 0.0 0.0 1.0 0.0 0.0 0.0 0.0 0.06666666666666667 0.0 0.0 0.0 0.0 0.9333333333333333 0.0 0.0 0.0 0.0 0.469 0.469 0.469 1.0 0.0 0.0 0.0 0.0 0.0 0.0 0.0 0.0
0.0 0.0 0.0 0.0 0.0 2.0 1.0 0.0 1.0 1.0 0.0 0.0 0.0 2.0 0.0 0.0 0.0 0.0 0.0 0.0 0.0 0.0 0.0 0.0 0.0 0.0 0.13333333333333333 0.0 0.0 0.0 0.13333333333333333 0.8666666666666667 0.0 0.0 0.0 0.0 0.8354999999999999 0.853 0.853 1.0 0.0 0.0 0.0 0.0 0.0 0.0 0.0 0.0
0.0 0.0 0.0 0.0 0.0 0.0 0.0 0.0 0.0 0.0 0.0 0.0 0.0 0.0 0.0 0.0 0.0 0.0 0.0 0.0 0.0 0.0 0.0 1.0 0.0 0.0 0.0 0.0 0.0 0.0 0.0 1.0 0.0 0.0 0.0 0.0 0.0 0.0 0.0 0.0 0.203 0.203 0.203 1.0 0.0 0.0 0.0 0.0
0.0 0.0 0.0 0.0 0.0 0.0 1.0 0.0 0.0 0.0 0.0 0.0 0.0 0.0 0.0 0.0 0.0 0.0 0.0 0.0 0.0 1.0 0.0 0.0 0.0 0.0 1.0 0.0 0.0 0.0 1.0 0.0 0.0 0.0 0.0 0.0 0.586 0.586 0.586 0.3333333333333333 0.203 0.203 0.203 0.6666666666666666 0.0 0.0 0.0 0.0
0.0 0.0 0.0 0.0 1.0 0.0 1.0 0.0 0.0 0.0 0.0 0.0 0.0 0.0 0.0 0.0 0.0 0.0 0.0 0.0 0.0 0.0 0.0 0.0 1.0 0.0 0.0 0.0 0.0 0.0 0.0 1.0 0.0 0.0 0.0 0.0 0.141 0.141 0.141 1.0 0.0 0.0 0.0 0.0 0.0 0.0 0.0 0.0
0.0 0.0 0.0 0.0 0.0 0.0 1.0 0.0 0.0 0.0 0.0 0.0 0.0 0.0 0.0 0.0 0.0 0.0 0.0 0.0 0.0 1.0 0.0 0.0 0.0 0.0 0.25 0.0 0.0 0.0 0.25 0.75 0.0 0.0 0.0 0.0 0.7344999999999999 0.833 0.636 1.0 0.0 0.0 0.0 0.0 0.0 0.0 0.0 0.0
0.0 0.0 0.0 0.0 0.0 0.0 1.0 0.0 0.0 0.0 0.0 0.0 0.0 0.0 0.0 0.0 0.0 0.0 0.0 0.0 0.0 1.0 0.0 0.0 0.0 0.0 0.5 0.0 0.0 0.0 0.25 0.5 0.0 0.0 0.0 0.0 0.6134999999999999 0.641 0.586 0.6666666666666666 0.203 0.203 0.203 0.3333333333333333 0.0 0.0 0.0 0.0
0.0 0.0 0.0 0.0 0.0 0.0 1.0 0.0 1.0 0.0 0.0 1.0 0.0 0.0 0.0 0.0 0.0 0.0 0.0 0.0 0.0 1.0 0.0 0.0 0.0 0.0 0.3 0.0 0.0 0.0 0.1 0.7 0.219 0.219 0.219 0.2 0.47866666666666663 0.586 0.586 0.6 0.203 0.203 0.203 0.2 0.0 0.0 0.0 0.0
0.0 0.0 0.0 0.0 0.0 0.0 1.0 0.0 0.0 0.0 0.0 0.0 0.0 0.0 0.0 0.0 0.0 0.0 0.0 0.0 0.0 1.0 0.0 0.0 0.0 0.0 0.6666666666666666 0.0 0.0 0.0 0.0 0.3333333333333333 0.0 0.0 0.0 0.0 0.7965 0.812 0.781 1.0 0.0 0.0 0.0 0.0 0.0 0.0 0.0 0.0
0.0 0.0 0.0 0.0 0.0 0.0 1.0 0.0 0.0 0.0 0.0 0.0 0.0 0.0 0.0 0.0 0.0 0.0 0.0 0.0 0.0 1.0 0.0 0.0 0.0 0.0 0.16666666666666666 0.0 0.16666666666666666 0.0 0.0 0.6666666666666666 0.0 0.0 0.0 0.0 0.812 0.812 0.812 0.5 0.0 0.0 0.0 0.0 0.114 0.114 0.114 0.5
0.0 0.0 0.0 0.0 1.0 0.0 2.0 0.0 0.0 0.0 0.0 2.0 0.0 2.0 0.0 0.0 0.0 0.0 0.0 0.0 0.0 0.0 0.0 1.0 0.0 0.0625 0.0625 0.0 0.0625 0.0625 0.125 0.8125 0.145 0.145 0.145 0.25 0.328 0.547 0.547 0.5 0.328 0.328 0.328 0.25 0.328 0.328 0.328 0.25
0.0 0.0 0.0 0.0 0.0 2.0 0.0 0.0 0.0 1.0 0.0 3.0 0.0 1.0 0.0 0.0 0.0 0.0 0.0 0.0 0.0 0.0 0.0 0.0 0.0 0.0 0.1111111111111111 0.0 0.0 0.0 0.1111111111111111 0.8518518518518519 0.0 0.0 0.0 0.0 0.478 0.897 0.897 1.0 0.0 0.0 0.0 0.0 0.0 0.0 0.0 0.0
0.0 0.0 0.0 0.0 0.0 0.0 0.0 0.0 0.0 1.0 0.0 0.0 0.0 0.0 0.0 0.0 0.0 0.0 0.0 1.0 0.0 0.0 0.0 0.0 0.0 0.0 0.0 0.0 0.0 0.0 0.0 1.0 0.0 0.0 0.0 0.0 0.0 0.0 0.0 0.0 0.0 0.0 0.0 0.0 0.0 0.0 0.0 0.0
0.0 0.0 0.0 0.0 1.0 5.0 2.0 0.0 5.0 0.0 0.0 0.0 1.0 0.0 0.0 0.0 0.0 0.0 0.0 0.0 0.0 1.0 0.0 0.0 0.0 0.045454545454545456 0.09090909090909091 0.0 0.045454545454545456 0.045454545454545456 0.09090909090909091 0.8181818181818182 0.351 0.351 0.351 0.16666666666666666 0.508 0.621 0.547 0.6666666666666666 0.328 0.328 0.328 0.16666666666666666 0.17950000000000002 0.281 0.281 0.3333333333333333
0.0 0.0 0.0 0.0 0.0 0.0 1.0 0.0 1.0 0.0 0.0 0.0 0.0 0.0 0.0 0.0 0.0 0.0 0.0 0.0 0.0 0.0 0.0 1.0 0.0 0.0 0.3333333333333333 0.0 0.0 0.0 0.16666666666666666 0.6666666666666666 0.0 0.0 0.0 0.0 0.6990000000000001 0.812 0.586 1.0 0.0 0.0 0.0 0.0 0.0 0.0 0.0 0.0
0.0 0.0 0.0 0.0 0.0 0.0 1.0 0.0 0.0 0.0 0.0 0.0 0.0 1.0 0.0 0.0 0.0 0.0 0.0 0.0 0.0 1.0 0.0 0.0 0.0 0.0 0.75 0.0 0.0 0.0 0.75 0.25 0.0 0.0 0.0 0.0 0.539 0.586 0.586 0.75 0.203 0.203 0.203 0.25 0.0 0.0 0.0 0.0
0.0 0.0 0.0 0.0 1.0 2.0 3.0 0.0 2.0 0.0 0.0 2.0 0.0 0.0 0.0 0.0 0.0 0.0 0.0 0.0 0.0 0.0 1.0 0.0 0.0 0.0 0.07692307692307693 0.0 0.0 0.0 0.07692307692307693 0.8461538461538461 0.0 0.0 0.0 0.0 0.812 0.812 0.812 1.0 0.0 0.0 0.0 0.0 0.0 0.0 0.0 0.0
0.0 0.0 0.0 0.0 0.0 0.0 1.0 0.0 0.0 0.0 0.0 0.0 0.0 0.0 0.0 0.0 0.0 0.0 0.0 0.0 0.0 1.0 0.0 0.0 0.0 0.0 0.0 0.0 1.0 1.0 0.0 0.0 0.0 0.0 0.0 0.0 0.0 0.0 0.0 0.0 0.578 0.578 0.578 1.0 0.641 0.641 0.641 1.0
0.0 0.0 0.0 0.0 0.0 0.0 1.0 0.0 0.0 0.0 0.0 3.0 0.0 0.0 0.0 0.0 0.0 0.0 0.0 0.0 0.0 1.0 0.0 0.0 0.0 0.0 0.0625 0.0 0.0 0.0 0.0625 0.9375 0.0 0.0 0.0 0.0 0.5429999999999999 0.586 0.586 0.6666666666666666 0.203 0.203 0.203 0.3333333333333333 0.0 0.0 0.0 0.0
0.0 0.0 0.0 0.0 0.0 1.0 1.0 0.0 0.0 0.0 0.0 3.0 0.0 0.0 0.0 0.0 0.0 0.0 0.0 0.0 0.0 0.0 1.0 0.0 0.0 0.0 0.0 0.0 0.0 0.2222222222222222 0.0 0.7777777777777778 0.0 0.0 0.0 0.0 0.0 0.0 0.0 0.0 0.641 0.844 0.844 1.0 0.0 0.0 0.0 0.0
0.0 0.0 0.0 0.0 0.0 0.0 0.0 0.0 0.0 0.0 0.0 5.0 0.0 0.0 0.0 0.0 0.0 0.0 0.0 0.0 0.0 0.0 0.0 0.0 0.0 0.26666666666666666 0.0 0.0 0.2 0.2 0.0 0.6 0.4445 0.545 0.545 0.6666666666666666 0.0 0.0 0.0 0.0 0.50525 0.828 0.266 0.6666666666666666 0.5226666666666666 0.621 0.438 0.5
0.0 0.0 0.0 0.0 0.0 0.0 0.0 0.0 2.0 0.0 0.0 0.0 0.0 0.0 0.0 0.0 0.0 0.0 0.0 0.0 0.0 0.0 0.0 1.0 0.0 0.0 0.0 0.0 0.1111111111111111 0.1111111111111111 0.0 0.8888888888888888 0.0 0.0 0.0 0.0 0.0 0.0 0.0 0.0 0.266 0.266 0.266 1.0 0.438 0.438 0.438 1.0
0.0 0.0 0.0 0.0 0.0 1.0 0.0 0.0 0.0 0.0 0.0 2.0 0.0 0.0 0.0 0.0 0.0 0.0 0.0 0.0 0.0 0.0 1.0 0.0 0.0 0.5 0.0 0.0 0.5 1.0 0.5 0.0 0.261 0.261 0.261 0.5 0.0 0.0 0.0 0.0 0.6174999999999999 0.844 0.391 1.0 0.509 0.509 0.509 0.5
0.0 0.0 0.0 0.0 0.0 0.0 1.0 0.0 0.0 0.0 0.0 1.0 0.0 1.0 0.0 0.0 0.0 0.0 0.0 0.0 0.0 1.0 0.0 0.0 0.0 0.0 0.0 0.0 0.14285714285714285 0.0 0.14285714285714285 0.7142857142857143 0.0 0.0 0.0 0.0 0.156 0.156 0.156 0.5 0.466 0.466 0.466 0.5 0.621 0.621 0.621 0.5
0.0 0.0 0.0 0.0 0.0 1.0 0.0 0.0 2.0 0.0 0.0 2.0 0.0 0.0 0.0 0.0 0.0 0.0 0.0 0.0 0.0 0.0 0.0 1.0 0.0 0.0 0.0 0.0 0.0 0.0 0.0 1.0 0.0 0.0 0.0 0.0 0.0 0.0 0.0 0.0 0.508 0.766 0.766 1.0 0.0 0.0 0.0 0.0
0.0 0.0 0.0 0.0 0.0 0.0 1.0 0.0 0.0 0.0 0.0 0.0 0.0 0.0 0.0 0.0 0.0 0.0 0.0 0.0 0.0 1.0 0.0 0.0 0.0 0.0 0.0 0.0 0.0 0.0 0.0 1.0 0.0 0.0 0.0 0.0 0.0 0.0 0.0 0.0 0.0 0.0 0.0 0.0 0.0 0.0 0.0 0.0
0.0 0.0 0.0 0.0 1.0 0.0 2.0 0.0 2.0 0.0 0.0 2.0 0.0 1.0 0.0 0.0 0.0 0.0 0.0 0.0 0.0 1.0 0.0 0.0 0.0 0.0 0.11764705882352941 0.0 0.0 0.0 0.058823529411764705 0.8823529411764706 0.0 0.0 0.0 0.0 0.43699999999999994 0.586 0.586 0.5 0.203 0.203 0.203 0.5 0.0 0.0 0.0 0.0
0.0 0.0 0.0 0.0 0.0 0.0 1.0 0.0 1.0 1.0 0.0 0.0 0.0 0.0 0.0 0.0 0.0 0.0 0.0 1.0 0.0 0.0 0.0 0.0 0.0 0.0 1.0 0.0 0.0 0.0 0.0 0.0 0.0 0.0 0.0 0.0 0.812 0.812 0.812 1.0 0.0 0.0 0.0 0.0 0.0 0.0 0.0 0.0
0.0 0.0 0.0 0.0 0.0 0.0 0.0 0.0 0.0 0.0 0.0 0.0 0.0 0.0 0.0 0.0 0.0 0.0 0.0 0.0 0.0 0.0 0.0 1.0 0.0 0.0 0.0 0.0 0.0 0.0 0.0 1.0 0.0 0.0 0.0 0.0 0.851 0.851 0.851 1.0 0.0 0.0 0.0 0.0 0.0 0.0 0.0 0.0
0.0 0.0 1.0 0.0 3.0 0.0 3.0 0.0 1.0 2.0 0.0 0.0 1.0 1.0 0.0 0.0 0.0 0.0 0.0 0.0 0.0 0.0 0.0 0.0 1.0 0.058823529411764705 0.11764705882352941 0.0 0.0 0.058823529411764705 0.11764705882352941 0.8235294117647058 0.242 0.242 0.242 0.3333333333333333 0.5665 0.586 0.547 0.6666666666666666 0.565 0.565 0.565 0.3333333333333333 0.0 0.0 0.0 0.0
0.0 0.0 0.0 0.0 0.0 0.0 1.0 0.0 0.0 1.0 0.0 0.0 0.0 0.0 0.0 0.0 0.0 0.0 0.0 0.0 0.0 1.0 0.0 0.0 0.0 0.0 0.0 0.0 0.0 0.0 0.0 1.0 0.0 0.0 0.0 0.0 0.0 0.0 0.0 0.0 0.0 0.0 0.0 0.0 0.0 0.0 0.0 0.0
0.0 0.0 0.0 0.0 0.0 0.0 0.0 0.0 0.0 0.0 0.0 0.0 0.0 0.0 0.0 0.0 0.0 0.0 0.0 0.0 0.0 0.0 0.0 1.0 0.0 0.0 0.5 0.0 0.0 0.0 0.25 0.5 0.0 0.0 0.0 0.0 0.6990000000000001 0.812 0.586 1.0 0.0 0.0 0.0 0.0 0.0 0.0 0.0 0.0
0.0 0.0 0.0 0.0 0.0 0.0 1.0 0.0 0.0 0.0 0.0 0.0 0.0 0.0 0.0 0.0 0.0 0.0 0.0 0.0 0.0 0.0 0.0 1.0 0.0 0.0 0.25 0.0 0.0 0.0 0.0 0.75 0.0 0.0 0.0 0.0 0.812 0.812 0.812 1.0 0.0 0.0 0.0 0.0 0.0 0.0 0.0 0.0
0.0 0.0 0.0 0.0 0.0 0.0 0.0 0.0 0.0 1.0 0.0 3.0 0.0 1.0 0.0 0.0 0.0 0.0 0.0 0.0 0.0 0.0 0.0 0.0 0.0 0.0 0.1111111111111111 0.0 0.0 0.0 0.0 0.8888888888888888 0.0 0.0 0.0 0.0 0.688 0.688 0.688 0.3333333333333333 0.203 0.203 0.203 0.3333333333333333 0.281 0.281 0.281 0.3333333333333333
0.0 0.0 0.0 0.0 1.0 0.0 2.0 0.0 0.0 0.0 0.0 3.0 0.0 0.0 0.0 0.0 0.0 0.0 0.0 0.0 0.0 0.0 0.0 0.0 0.0 0.16666666666666666 0.3333333333333333 0.0 0.16666666666666666 0.3333333333333333 0.3333333333333333 0.5 0.109 0.109 0.109 0.2 0.3155 0.544 0.109 0.8 0.1485 0.188 0.109 0.4 0.141 0.141 0.141 0.2
0.0 0.0 0.0 0.0 0.0 1.0 0.0 0.0 1.0 0.0 0.0 0.0 0.0 0.0 0.0 0.0 0.0 0.0 0.0 0.0 0.0 0.0 1.0 0.0 0.0 0.0 0.1111111111111111 0.0 0.0 0.0 0.0 0.8888888888888888 0.0 0.0 0.0 0.0 0.828 0.828 0.828 1.0 0.0 0.0 0.0 0.0 0.0 0.0 0.0 0.0
0.0 0.0 0.0 0.0 0.0 0.0 0.0 0.0 0.0 0.0 0.0 0.0 0.0 0.0 0.0 0.0 0.0 0.0 0.0 0.0 0.0 0.0 0.0 1.0 0.0 0.0 1.0 0.0 0.0 0.0 0.0 0.0 0.0 0.0 0.0 0.0 0.812 0.812 0.812 1.0 0.0 0.0 0.0 0.0 0.0 0.0 0.0 0.0
0.0 0.0 0.0 0.0 0.0 0.0 1.0 0.0 1.0 0.0 0.0 1.0 0.0 0.0 0.0 0.0 0.0 0.0 0.0 0.0 0.0 1.0 0.0 0.0 0.0 0.0 0.6 0.0 0.0 0.0 0.6 0.4 0.0 0.0 0.0 0.0 0.526 0.547 0.484 1.0 0.0 0.0 0.0 0.0 0.0 0.0 0.0 0.0
0.0 0.0 0.0 0.0 0.0 0.0 1.0 0.0 0.0 0.0 0.0 1.0 0.0 0.0 0.0 0.0 0.0 0.0 0.0 0.0 0.0 1.0 0.0 0.0 0.0 0.0 0.0 0.0 0.0 0.0 0.0 0.0 0.0 0.0 0.0 0.0 0.0 0.0 0.0 0.0 0.0 0.0 0.0 0.0 0.0 0.0 0.0 0.0
0.0 0.0 0.0 0.0 0.0 0.0 0.0 0.0 2.0 0.0 0.0 0.0 0.0 0.0 0.0 0.0 0.0 0.0 0.0 0.0 0.0 0.0 0.0 1.0 0.0 0.0 0.0 0.0 0.2 0.0 0.0 0.8 0.0 0.0 0.0 0.0 0.258 0.258 0.258 0.3333333333333333 0.25 0.25 0.25 0.3333333333333333 0.531 0.531 0.531 0.3333333333333333
0.0 0.0 1.0 0.0 0.0 0.0 2.0 0.0 0.0 0.0 0.0 0.0 0.0 0.0 0.0 0.0 0.0 0.0 0.0 0.0 0.0 0.0 0.0 0.0 0.0 0.3333333333333333 0.6666666666666666 0.0 0.3333333333333333 0.0 0.3333333333333333 0.3333333333333333 0.045 0.045 0.045 0.5 0.523 0.812 0.234 1.0 0.0 0.0 0.0 0.0 0.031 0.031 0.031 0.5
0.0 0.0 0.0 0.0 1.0 0.0 1.0 0.0 0.0 0.0 0.0 1.0 0.0 0.0 0.0 0.0 0.0 0.0 0.0 0.0 0.0 0.0 0.0 0.0 1.0 0.0 0.2 0.0 0.0 0.0 0.0 0.8 0.0 0.0 0.0 0.0 0.828 0.828 0.828 1.0 0.0 0.0 0.0 0.0 0.0 0.0 0.0 0.0
0.0 0.0 0.0 0.0 1.0 0.0 2.0 0.0 0.0 0.0 0.0 0.0 0.0 0.0 0.0 0.0 0.0 0.0 0.0 0.0 0.0 1.0 0.0 0.0 0.0 0.0 1.0 0.0 0.0 0.0 0.0 0.0 0.0 0.0 0.0 0.0 0.812 0.812 0.812 0.5 0.203 0.203 0.203 0.5 0.0 0.0 0.0 0.0
0.0 0.0 1.0 0.0 0.0 0.0 2.0 0.0 0.0 0.0 0.0 0.0 0.0 0.0 0.0 0.0 0.0 0.0 0.0 0.0 0.0 0.0 0.0 1.0 0.0 0.0 0.5 0.0 0.0 0.0 0.0 0.5 0.0 0.0 0.0 0.0 0.828 0.828 0.828 1.0 0.0 0.0 0.0 0.0 0.0 0.0 0.0 0.0
1.0 0.0 1.0 0.0 0.0 0.0 3.0 0.0 0.0 4.0 0.0 0.0 0.0 0.0 0.0 0.0 0.0 0.0 0.0 1.0 0.0 0.0 0.0 0.0 0.0 0.0 0.0 0.0 0.0 0.0 0.0 0.0 0.0 0.0 0.0 0.0 0.0 0.0 0.0 0.0 0.0 0.0 0.0 0.0 0.0 0.0 0.0 0.0
0.0 0.0 0.0 0.0 0.0 1.0 1.0 0.0 0.0 0.0 0.0 1.0 0.0 0.0 0.0 0.0 0.0 0.0 0.0 0.0 0.0 1.0 0.0 0.0 0.0 0.0 0.2 0.0 0.0 0.0 0.0 0.8 0.0 0.0 0.0 0.0 0.39849999999999997 0.422 0.422 1.0 0.0 0.0 0.0 0.0 0.0 0.0 0.0 0.0
0.0 0.0 0.0 0.0 0.0 1.0 0.0 0.0 1.0 0.0 0.0 0.0 0.0 0.0 0.0 0.0 0.0 0.0 0.0 0.0 0.0 0.0 0.0 1.0 0.0 0.07142857142857142 0.21428571428571427 0.0 0.0 0.0 0.07142857142857142 0.7142857142857143 0.219 0.219 0.219 0.2 0.68725 0.891 0.891 0.8 0.0 0.0 0.0 0.0 0.0 0.0 0.0 0.0
0.0 0.0 0.0 0.0 0.0 0.0 1.0 0.0 1.0 0.0 0.0 0.0 0.0 1.0 0.0 0.0 0.0 0.0 0.0 0.0 0.0 0.0 0.0 1.0 0.0 0.0 0.3333333333333333 0.0 0.0 0.0 0.16666666666666666 0.6666666666666666 0.0 0.0 0.0 0.0 0.726 0.853 0.853 1.0 0.0 0.0 0.0 0.0 0.0 0.0 0.0 0.0
0.0 0.0 0.0 0.0 0.0 0.0 1.0 0.0 0.0 0.0 0.0 1.0 0.0 0.0 0.0 0.0 0.0 0.0 0.0 0.0 0.0 0.0 0.0 1.0 0.0 0.0 0.25 0.0 0.0 0.0 0.0 0.75 0.219 0.219 0.219 0.5 0.812 0.812 0.812 0.5 0.0 0.0 0.0 0.0 0.0 0.0 0.0 0.0
0.0 0.0 0.0 0.0 0.0 1.0 1.0 0.0 0.0 0.0 0.0 0.0 0.0 0.0 0.0 0.0 0.0 0.0 0.0 0.0 0.0 0.0 1.0 0.0 0.0 0.0 0.0 0.0 0.0 0.0 0.0 1.0 0.0 0.0 0.0 0.0 0.0 0.0 0.0 0.0 0.0 0.0 0.0 0.0 0.0 0.0 0.0 0.0
0.0 0.0 0.0 0.0 0.0 0.0 1.0 0.0 0.0 0.0 0.0 1.0 0.0 0.0 0.0 0.0 0.0 0.0 0.0 0.0 0.0 0.0 0.0 1.0 0.0 0.0 0.0 0.0 0.0 0.0 0.0 0.0 0.0 0.0 0.0 0.0 0.0 0.0 0.0 0.0 0.0 0.0 0.0 0.0 0.0 0.0 0.0 0.0
0.0 0.0 0.0 0.0 0.0 0.0 0.0 0.0 0.0 0.0 0.0 0.0 0.0 0.0 0.0 0.0 0.0 0.0 0.0 0.0 0.0 0.0 0.0 1.0 0.0 0.0 0.3333333333333333 0.0 0.0 0.0 0.0 0.6666666666666666 0.0 0.0 0.0 0.0 0.812 0.812 0.812 1.0 0.0 0.0 0.0 0.0 0.0 0.0 0.0 0.0
0.0 0.0 0.0 0.0 0.0 0.0 1.0 0.0 0.0 0.0 0.0 0.0 0.0 0.0 0.0 0.0 0.0 0.0 0.0 0.0 0.0 1.0 0.0 0.0 0.0 0.0 0.3333333333333333 0.0 0.3333333333333333 0.3333333333333333 0.3333333333333333 0.3333333333333333 0.0 0.0 0.0 0.0 0.547 0.547 0.547 0.5 0.578 0.578 0.578 0.5 0.641 0.641 0.641 0.5
0.0 0.0 0.0 0.0 1.0 1.0 2.0 0.0 1.0 0.0 0.0 1.0 0.0 1.0 0.0 0.0 0.0 0.0 0.0 0.0 0.0 1.0 0.0 0.0 0.0 0.0 0.16666666666666666 0.0 0.0 0.05555555555555555 0.05555555555555555 0.8333333333333334 0.0 0.0 0.0 0.0 0.6093333333333334 0.812 0.375 1.0 0.188 0.188 0.188 0.3333333333333333 0.0 0.0 0.0 0.0
0.0 0.0 0.0 0.0 0.0 0.0 1.0 0.0 0.0 0.0 0.0 0.0 0.0 0.0 0.0 0.0 0.0 0.0 0.0 0.0 0.0 0.0 0.0 0.0 0.0 0.0 0.2 0.0 0.0 0.0 0.0 0.8 0.0 0.0 0.0 0.0 0.812 0.812 0.812 1.0 0.0 0.0 0.0 0.0 0.0 0.0 0.0 0.0
0.0 0.0 0.0 0.0 0.0 0.0 2.0 0.0 0.0 0.0 0.0 0.0 0.0 0.0 0.0 0.0 0.0 0.0 0.0 0.0 0.0 1.0 0.0 0.0 0.0 0.0 0.0 0.0 0.0 0.0 0.0 0.0 0.0 0.0 0.0 0.0 0.0 0.0 0.0 0.0 0.0 0.0 0.0 0.0 0.0 0.0 0.0 0.0
0.0 0.0 0.0 0.0 0.0 0.0 1.0 0.0 0.0 0.0 0.0 0.0 0.0 0.0 0.0 0.0 0.0 0.0 0.0 0.0 0.0 1.0 0.0 0.0 0.0 0.0 0.0 0.0 0.0 0.0 0.0 0.0 0.0 0.0 0.0 0.0 0.0 0.0 0.0 0.0 0.0 0.0 0.0 0.0 0.0 0.0 0.0 0.0
0.0 0.0 0.0 0.0 0.0 0.0 1.0 0.0 0.0 0.0 0.0 0.0 0.0 0.0 0.0 0.0 0.0 0.0 0.0 0.0 0.0 0.0 0.0 1.0 0.0 0.0 0.2 0.0 0.0 0.0 0.0 0.8 0.0 0.0 0.0 0.0 0.812 0.812 0.812 0.5 0.25 0.25 0.25 0.5 0.0 0.0 0.0 0.0
0.0 0.0 0.0 0.0 0.0 0.0 1.0 0.0 0.0 0.0 0.0 0.0 0.0 0.0 0.0 0.0 0.0 0.0 0.0 0.0 0.0 1.0 0.0 0.0 0.0 0.0 1.0 0.0 0.0 0.0 1.0 0.0 0.0 0.0 0.0 0.0 0.586 0.586 0.586 0.5 0.203 0.203 0.203 0.5 0.0 0.0 0.0 0.0
0.0 0.0 0.0 0.0 0.0 0.0 1.0 0.0 0.0 1.0 0.0 0.0 0.0 0.0 0.0 0.0 0.0 0.0 0.0 1.0 0.0 0.0 0.0 0.0 0.0 0.0 0.0 0.0 0.0 0.0 0.3333333333333333 0.6666666666666666 0.0 0.0 0.0 0.0 0.0 0.0 0.0 0.0 0.0 0.0 0.0 0.0 0.0 0.0 0.0 0.0
0.0 0.0 0.0 0.0 0.0 0.0 1.0 0.0 0.0 0.0 0.0 1.0 0.0 0.0 0.0 0.0 0.0 0.0 0.0 0.0 0.0 1.0 0.0 0.0 0.0 0.0 0.0 0.0 0.0 0.0 0.0 0.0 0.0 0.0 0.0 0.0 0.0 0.0 0.0 0.0 0.0 0.0 0.0 0.0 0.0 0.0 0.0 0.0
0.0 0.0 1.0 0.0 0.0 2.0 2.0 0.0 0.0 0.0 0.0 0.0 1.0 1.0 0.0 0.0 0.0 0.0 0.0 0.0 0.0 1.0 0.0 0.0 0.0 0.0 0.0 0.0 0.0 0.0 0.0 1.0 0.0 0.0 0.0 0.0 0.0 0.0 0.0 0.0 0.203 0.203 0.203 0.5 0.281 0.281 0.281 0.5
0.0 0.0 0.0 0.0 0.0 0.0 1.0 0.0 0.0 0.0 0.0 0.0 0.0 0.0 0.0 0.0 0.0 0.0 0.0 0.0 0.0 1.0 0.0 0.0 0.0 0.0 1.0 0.0 0.0 0.0 0.0 0.0 0.0 0.0 0.0 0.0 0.812 0.812 0.812 1.0 0.0 0.0 0.0 0.0 0.0 0.0 0.0 0.0
0.0 0.0 0.0 0.0 0.0 0.0 1.0 0.0 0.0 0.0 0.0 0.0 0.0 0.0 0.0 0.0 0.0 0.0 0.0 0.0 0.0 1.0 0.0 0.0 0.0 0.0 1.0 0.0 0.0 0.0 0.0 0.0 0.0 0.0 0.0 0.0 0.812 0.812 0.812 1.0 0.0 0.0 0.0 0.0 0.0 0.0 0.0 0.0
0.0 0.0 1.0 0.0 0.0 0.0 2.0 0.0 0.0 0.0 0.0 0.0 0.0 0.0 0.0 0.0 0.0 0.0 0.0 0.0 0.0 1.0 0.0 0.0 0.0 0.0 0.5 0.0 0.0 0.0 0.0 0.5 0.0 0.0 0.0 0.0 0.422 0.422 0.422 1.0 0.0 0.0 0.0 0.0 0.0 0.0 0.0 0.0
0.0 0.0 0.0 0.0 0.0 0.0 1.0 0.0 0.0 0.0 0.0 0.0 0.0 0.0 0.0 0.0 0.0 0.0 0.0 0.0 0.0 0.0 0.0 0.0 0.0 0.0 0.5 0.0 0.0 0.0 0.0 0.5 0.0 0.0 0.0 0.0 0.422 0.422 0.422 1.0 0.0 0.0 0.0 0.0 0.0 0.0 0.0 0.0
0.0 0.0 0.0 0.0 0.0 0.0 0.0 0.0 0.0 1.0 0.0 0.0 0.0 0.0 0.0 0.0 0.0 0.0 0.0 1.0 0.0 0.0 0.0 0.0 0.0 0.0 1.0 0.0 0.0 0.0 0.0 0.0 0.0 0.0 0.0 0.0 0.781 0.781 0.781 1.0 0.0 0.0 0.0 0.0 0.0 0.0 0.0 0.0
0.0 0.0 0.0 0.0 0.0 0.0 0.0 0.0 0.0 0.0 0.0 0.0 0.0 0.0 0.0 0.0 0.0 0.0 0.0 0.0 0.0 0.0 0.0 1.0 0.0 0.0 1.0 0.0 0.0 0.0 0.0 0.0 0.0 0.0 0.0 0.0 0.6405000000000001 0.812 0.812 1.0 0.0 0.0 0.0 0.0 0.0 0.0 0.0 0.0
0.0 0.0 0.0 0.0 0.0 0.0 0.0 0.0 1.0 0.0 0.0 0.0 0.0 0.0 0.0 0.0 0.0 0.0 0.0 0.0 0.0 0.0 0.0 1.0 0.0 0.0 0.25 0.0 0.0 0.25 0.0 0.5 0.0 0.0 0.0 0.0 0.812 0.812 0.812 0.5 0.198 0.198 0.198 0.5 0.0 0.0 0.0 0.0
0.0 0.0 0.0 0.0 0.0 0.0 1.0 0.0 0.0 0.0 0.0 0.0 0.0 0.0 0.0 0.0 0.0 0.0 0.0 0.0 0.0 1.0 0.0 0.0 0.0 0.0 0.0 0.0 0.0 0.0 0.0 0.0 0.0 0.0 0.0 0.0 0.0 0.0 0.0 0.0 0.203 0.203 0.203 1.0 0.0 0.0 0.0 0.0
0.0 0.0 0.0 0.0 0.0 0.0 1.0 0.0 0.0 0.0 0.0 0.0 0.0 0.0 0.0 0.0 0.0 0.0 0.0 0.0 0.0 1.0 0.0 0.0 0.0 0.0 0.0 0.0 0.0 0.0 0.0 1.0 0.0 0.0 0.0 0.0 0.0 0.0 0.0 0.0 0.203 0.203 0.203 1.0 0.0 0.0 0.0 0.0
0.0 0.0 0.0 0.0 0.0 0.0 1.0 0.0 0.0 0.0 0.0 0.0 0.0 1.0 0.0 0.0 0.0 0.0 0.0 0.0 0.0 1.0 0.0 0.0 0.0 0.0 0.3333333333333333 0.0 0.0 0.0 0.3333333333333333 0.6666666666666666 0.0 0.0 0.0 0.0 0.547 0.547 0.547 1.0 0.0 0.0 0.0 0.0 0.0 0.0 0.0 0.0
0.0 0.0 0.0 0.0 0.0 0.0 1.0 0.0 0.0 0.0 0.0 0.0 0.0 0.0 0.0 0.0 0.0 0.0 0.0 0.0 0.0 1.0 0.0 0.0 0.0 0.0 0.0 0.0 0.0 0.0 0.0 0.0 0.0 0.0 0.0 0.0 0.0 0.0 0.0 0.0 0.0 0.0 0.0 0.0 0.0 0.0 0.0 0.0
0.0 0.0 0.0 0.0 0.0 0.0 1.0 0.0 0.0 0.0 0.0 0.0 0.0 0.0 0.0 0.0 0.0 0.0 0.0 0.0 0.0 1.0 0.0 0.0 0.0 0.0 0.6666666666666666 0.0 0.0 0.0 0.6666666666666666 0.3333333333333333 0.0 0.0 0.0 0.0 0.5155000000000001 0.547 0.484 1.0 0.0 0.0 0.0 0.0 0.0 0.0 0.0 0.0
0.0 0.0 0.0 0.0 0.0 0.0 1.0 0.0 0.0 0.0 0.0 1.0 0.0 0.0 0.0 0.0 0.0 0.0 0.0 0.0 0.0 1.0 0.0 0.0 0.0 0.0 0.6666666666666666 0.0 0.0 0.0 0.0 0.3333333333333333 0.219 0.219 0.219 0.3333333333333333 0.506 0.812 0.2 0.6666666666666666 0.0 0.0 0.0 0.0 0.0 0.0 0.0 0.0
0.0 0.0 0.0 0.0 0.0 0.0 1.0 0.0 0.0 0.0 0.0 0.0 2.0 0.0 0.0 0.0 0.0 0.0 0.0 0.0 0.0 1.0 0.0 0.0 0.0 0.0 0.0 0.0 0.0 0.0 0.0 0.0 0.0 0.0 0.0 0.0 0.0 0.0 0.0 0.0 0.0 0.0 0.0 0.0 0.0 0.0 0.0 0.0
0.0 0.0 0.0 0.0 0.0 0.0 2.0 0.0 1.0 0.0 0.0 0.0 0.0 0.0 0.0 0.0 0.0 0.0 0.0 0.0 0.0 1.0 0.0 0.0 0.0 0.0 0.1111111111111111 0.0 0.0 0.1111111111111111 0.0 0.7777777777777778 0.0 0.0 0.0 0.0 0.586 0.828 0.828 0.6666666666666666 0.406 0.406 0.406 0.3333333333333333 0.0 0.0 0.0 0.0
0.0 0.0 0.0 0.0 0.0 0.0 0.0 0.0 0.0 0.0 0.0 2.0 0.0 0.0 0.0 0.0 0.0 0.0 0.0 0.0 0.0 0.0 0.0 1.0 0.0 0.0 0.2 0.0 0.0 0.0 0.1 0.8 0.0 0.0 0.0 0.0 0.6795 0.812 0.547 1.0 0.0 0.0 0.0 0.0 0.0 0.0 0.0 0.0
0.0 0.0 0.0 0.0 1.0 0.0 1.0 0.0 0.0 0.0 0.0 0.0 0.0 0.0 0.0 0.0 0.0 0.0 0.0 0.0 0.0 0.0 0.0 0.0 1.0 0.0 0.3333333333333333 0.0 0.0 0.0 0.0 0.6666666666666666 0.0 0.0 0.0 0.0 0.812 0.812 0.812 1.0 0.0 0.0 0.0 0.0 0.0 0.0 0.0 0.0
0.0 0.0 0.0 0.0 0.0 0.0 1.0 0.0 0.0 0.0 0.0 0.0 0.0 0.0 0.0 0.0 0.0 0.0 0.0 0.0 0.0 1.0 0.0 0.0 0.0 0.0 0.0 0.0 0.0 0.0 0.0 0.0 0.0 0.0 0.0 0.0 0.0 0.0 0.0 0.0 0.0 0.0 0.0 0.0 0.0 0.0 0.0 0.0
0.0 0.0 0.0 0.0 0.0 0.0 0.0 0.0 1.0 0.0 0.0 0.0 0.0 0.0 0.0 0.0 0.0 0.0 0.0 0.0 0.0 0.0 0.0 1.0 0.0 0.0 0.5 0.0 0.0 0.0 0.0 0.5 0.0 0.0 0.0 0.0 0.812 0.812 0.812 1.0 0.0 0.0 0.0 0.0 0.0 0.0 0.0 0.0
0.0 0.0 2.0 0.0 0.0 0.0 5.0 0.0 0.0 0.0 0.0 0.0 0.0 0.0 0.0 0.0 0.0 0.0 0.0 0.0 0.0 1.0 0.0 0.0 0.0 0.0 0.0 0.0 0.0 0.0 0.0 1.0 0.0 0.0 0.0 0.0 0.0 0.0 0.0 0.0 0.0 0.0 0.0 0.0 0.0 0.0 0.0 0.0
0.0 0.0 0.0 0.0 0.0 0.0 2.0 0.0 3.0 0.0 0.0 2.0 0.0 1.0 0.0 0.0 0.0 0.0 0.0 0.0 0.0 1.0 0.0 0.0 0.0 0.0 0.0 0.0 0.0 0.15 0.15 0.7 0.0 0.0 0.0 0.0 0.0 0.0 0.0 0.0 0.19800000000000004 0.198 0.198 1.0 0.0 0.0 0.0 0.0
0.0 0.0 0.0 0.0 0.0 0.0 0.0 0.0 0.0 0.0 0.0 0.0 0.0 0.0 0.0 0.0 0.0 0.0 0.0 0.0 0.0 0.0 0.0 1.0 0.0 0.0 0.3333333333333333 0.0 0.3333333333333333 0.3333333333333333 0.0 0.3333333333333333 0.219 0.219 0.219 0.3333333333333333 0.812 0.812 0.812 0.3333333333333333 0.094 0.094 0.094 0.3333333333333333 0.228 0.228 0.228 0.3333333333333333
0.0 0.0 0.0 0.0 0.0 0.0 1.0 0.0 0.0 1.0 0.0 0.0 0.0 0.0 0.0 0.0 0.0 0.0 0.0 1.0 0.0 0.0 0.0 0.0 0.0 0.0 0.0 0.0 0.0 0.0 0.0 0.0 0.0 0.0 0.0 0.0 0.0 0.0 0.0 0.0 0.0 0.0 0.0 0.0 0.0 0.0 0.0 0.0
0.0 0.0 0.0 0.0 0.0 0.0 1.0 0.0 1.0 0.0 0.0 0.0 0.0 0.0 0.0 0.0 0.0 0.0 0.0 0.0 0.0 1.0 0.0 0.0 0.0 0.0 0.0 0.0 0.0 0.0 0.0 1.0 0.0 0.0 0.0 0.0 0.0 0.0 0.0 0.0 0.0 0.0 0.0 0.0 0.0 0.0 0.0 0.0
0.0 0.0 0.0 0.0 0.0 0.0 1.0 0.0 1.0 0.0 0.0 0.0 0.0 0.0 0.0 0.0 0.0 0.0 0.0 0.0 0.0 1.0 0.0 0.0 0.0 0.03125 0.0 0.0 0.03125 0.0625 0.0 0.9375 0.351 0.351 0.351 0.3333333333333333 0.188 0.188 0.188 0.3333333333333333 0.263 0.328 0.328 0.6666666666666666 0.281 0.281 0.281 0.3333333333333333
0.0 0.0 0.0 0.0 0.0 0.0 2.0 0.0 1.0 0.0 0.0 0.0 0.0 0.0 0.0 0.0 0.0 0.0 0.0 0.0 0.0 1.0 0.0 0.0 0.0 0.09090909090909091 0.18181818181818182 0.0 0.09090909090909091 0.09090909090909091 0.0 0.7272727272727273 0.917 0.917 0.917 0.2 0.57725 0.812 0.141 0.8 0.844 0.844 0.844 0.2 0.859 0.859 0.859 0.2
0.0 0.0 0.0 0.0 0.0 0.0 1.0 0.0 1.0 0.0 0.0 2.0 0.0 1.0 0.0 0.0 0.0 0.0 0.0 0.0 0.0 1.0 0.0 0.0 0.0 0.0 0.0 0.0 0.0 0.0 0.0 1.0 0.0 0.0 0.0 0.0 0.0 0.0 0.0 0.0 0.0 0.0 0.0 0.0 0.0 0.0 0.0 0.0
0.0 0.0 0.0 0.0 0.0 0.0 1.0 0.0 0.0 0.0 0.0 0.0 0.0 0.0 0.0 0.0 0.0 0.0 0.0 0.0 0.0 0.0 0.0 1.0 0.0 0.0 0.5 0.0 0.0 0.0 0.0 0.5 0.0 0.0 0.0 0.0 0.812 0.812 0.812 1.0 0.0 0.0 0.0 0.0 0.0 0.0 0.0 0.0
0.0 0.0 0.0 0.0 0.0 0.0 2.0 0.0 0.0 0.0 0.0 0.0 0.0 0.0 0.0 0.0 0.0 0.0 0.0 0.0 0.0 1.0 0.0 0.0 0.0 0.0 1.0 0.0 0.0 0.0 0.5 0.0 0.0 0.0 0.0 0.0 0.683 0.897 0.897 0.6666666666666666 0.203 0.203 0.203 0.3333333333333333 0.0 0.0 0.0 0.0
0.0 0.0 0.0 0.0 0.0 0.0 1.0 0.0 0.0 1.0 0.0 2.0 0.0 1.0 0.0 0.0 0.0 0.0 0.0 0.0 0.0 1.0 0.0 0.0 0.0 0.0 0.0 0.0 0.0 0.0 0.0 1.0 0.0 0.0 0.0 0.0 0.344 0.344 0.344 1.0 0.0 0.0 0.0 0.0 0.0 0.0 0.0 0.0
0.0 0.0 0.0 0.0 0.0 0.0 1.0 0.0 0.0 1.0 0.0 1.0 0.0 0.0 0.0 0.0 0.0 0.0 0.0 1.0 0.0 0.0 0.0 0.0 0.0 0.0 0.0 0.0 0.0 0.0 0.0 1.0 0.0 0.0 0.0 0.0 0.0 0.0 0.0 0.0 0.0 0.0 0.0 0.0 0.0 0.0 0.0 0.0
0.0 0.0 0.0 0.0 0.0 1.0 3.0 0.0 1.0 0.0 0.0 1.0 0.0 0.0 0.0 0.0 0.0 0.0 0.0 0.0 0.0 0.0 0.0 0.0 0.0 0.0 0.0 0.0 0.0 0.0 0.06666666666666667 0.9333333333333333 0.0 0.0 0.0 0.0 0.851 0.851 0.851 1.0 0.0 0.0 0.0 0.0 0.0 0.0 0.0 0.0
0.0 0.0 0.0 0.0 0.0 0.0 1.0 0.0 0.0 0.0 0.0 2.0 0.0 0.0 0.0 0.0 0.0 0.0 0.0 0.0 0.0 1.0 0.0 0.0 0.0 0.0 0.0 0.0 0.0 0.0 0.0 1.0 0.0 0.0 0.0 0.0 0.0 0.0 0.0 0.0 0.0 0.0 0.0 0.0 0.0 0.0 0.0 0.0
0.0 0.0 0.0 0.0 1.0 0.0 1.0 0.0 0.0 0.0 0.0 1.0 0.0 0.0 0.0 0.0 0.0 0.0 0.0 0.0 0.0 0.0 0.0 0.0 0.0 0.0 0.0 0.0 0.0 0.0 0.0 1.0 0.0 0.0 0.0 0.0 0.609 0.609 0.609 0.5 0.203 0.203 0.203 0.5 0.0 0.0 0.0 0.0
0.0 0.0 0.0 0.0 0.0 0.0 1.0 0.0 0.0 1.0 0.0 0.0 0.0 0.0 0.0 0.0 0.0 0.0 0.0 1.0 0.0 0.0 0.0 0.0 0.0 0.0 0.0 0.0 0.0 0.0 0.0 0.0 0.0 0.0 0.0 0.0 0.0 0.0 0.0 0.0 0.0 0.0 0.0 0.0 0.0 0.0 0.0 0.0
0.0 0.0 0.0 0.0 0.0 0.0 1.0 0.0 0.0 1.0 0.0 0.0 0.0 0.0 0.0 0.0 0.0 0.0 0.0 0.0 0.0 1.0 0.0 0.0 0.0 0.0 0.6666666666666666 0.0 0.0 0.0 0.0 0.3333333333333333 0.0 0.0 0.0 0.0 0.6485 0.859 0.438 1.0 0.0 0.0 0.0 0.0 0.0 0.0 0.0 0.0
0.0 0.0 0.0 0.0 0.0 2.0 1.0 0.0 0.0 1.0 0.0 2.0 0.0 0.0 0.0 0.0 0.0 0.0 0.0 0.0 0.0 0.0 0.0 0.0 0.0 0.0 0.1 0.0 0.0 0.1 0.1 0.9 0.0 0.0 0.0 0.0 0.375 0.375 0.375 1.0 0.188 0.188 0.188 1.0 0.0 0.0 0.0 0.0
0.0 0.0 0.0 0.0 0.0 0.0 1.0 0.0 0.0 0.0 0.0 0.0 0.0 1.0 0.0 0.0 0.0 0.0 0.0 0.0 0.0 0.0 0.0 1.0 0.0 0.0 1.0 0.0 0.0 0.0 0.0 0.0 0.0 0.0 0.0 0.0 0.812 0.812 0.812 1.0 0.0 0.0 0.0 0.0 0.0 0.0 0.0 0.0
0.0 0.0 0.0 0.0 0.0 0.0 0.0 0.0 1.0 0.0 0.0 1.0 0.0 0.0 0.0 0.0 0.0 0.0 0.0 0.0 0.0 0.0 0.0 1.0 0.0 0.0 0.14285714285714285 0.0 0.0 0.14285714285714285 0.0 0.7142857142857143 0.0 0.0 0.0 0.0 0.812 0.812 0.812 0.5 0.198 0.198 0.198 0.5 0.0 0.0 0.0 0.0
0.0 0.0 0.0 0.0 0.0 0.0 1.0 0.0 0.0 0.0 0.0 1.0 0.0 0.0 0.0 0.0 0.0 0.0 0.0 0.0 0.0 1.0 0.0 0.0 0.0 0.0 0.0 0.0 0.0 0.0 0.0 1.0 0.0 0.0 0.0 0.0 0.0 0.0 0.0 0.0 0.0 0.0 0.0 0.0 0.0 0.0 0.0 0.0
0.0 0.0 0.0 0.0 0.0 0.0 1.0 0.0 0.0 0.0 0.0 0.0 0.0 1.0 0.0 0.0 0.0 0.0 0.0 0.0 0.0 1.0 0.0 0.0 0.0 0.0 0.3333333333333333 0.0 0.0 0.0 0.16666666666666666 0.6666666666666666 0.0 0.0 0.0 0.0 0.6795 0.812 0.547 1.0 0.0 0.0 0.0 0.0 0.0 0.0 0.0 0.0
0.0 0.0 0.0 0.0 0.0 0.0 1.0 0.0 0.0 0.0 0.0 0.0 0.0 0.0 0.0 0.0 0.0 0.0 0.0 0.0 0.0 0.0 0.0 1.0 0.0 0.0 0.0 0.0 0.0 0.0 0.0 1.0 0.0 0.0 0.0 0.0 0.0 0.0 0.0 0.0 0.0 0.0 0.0 0.0 0.0 0.0 0.0 0.0
0.0 0.0 0.0 0.0 0.0 0.0 1.0 0.0 0.0 0.0 0.0 0.0 0.0 1.0 0.0 0.0 0.0 0.0 0.0 0.0 0.0 1.0 0.0 0.0 0.0 0.0 0.0 0.0 0.0 0.5 0.0 0.5 0.0 0.0 0.0 0.0 0.0 0.0 0.0 0.0 0.844 0.844 0.844 1.0 0.0 0.0 0.0 0.0
0.0 0.0 1.0 0.0 2.0 0.0 3.0 0.0 0.0 0.0 0.0 0.0 0.0 0.0 0.0 0.0 0.0 0.0 2.0 0.0 0.0 1.0 0.0 0.0 0.0 0.0 0.0 0.0 0.0 0.0 0.0 0.0 0.0 0.0 0.0 0.0 0.0 0.0 0.0 0.0 0.0 0.0 0.0 0.0 0.0 0.0 0.0 0.0
0.0 0.0 0.0 0.0 0.0 0.0 0.0 0.0 0.0 1.0 0.0 0.0 1.0 0.0 0.0 0.0 0.0 0.0 0.0 1.0 0.0 0.0 0.0 0.0 0.0 0.0 0.0 0.0 0.0 0.0 0.0 1.0 0.0 0.0 0.0 0.0 0.0 0.0 0.0 0.0 0.0 0.0 0.0 0.0 0.0 0.0 0.0 0.0
0.0 0.0 0.0 0.0 0.0 0.0 1.0 0.0 0.0 0.0 0.0 2.0 0.0 0.0 0.0 0.0 0.0 0.0 0.0 0.0 0.0 0.0 0.0 1.0 0.0 0.0 0.25 0.0 0.125 0.125 0.125 0.625 0.0 0.0 0.0 0.0 0.4035 0.547 0.26 0.6666666666666666 0.094 0.094 0.094 0.3333333333333333 0.228 0.228 0.228 0.3333333333333333
0.0 0.0 0.0 0.0 0.0 0.0 1.0 0.0 0.0 0.0 0.0 1.0 0.0 0.0 0.0 0.0 0.0 0.0 0.0 0.0 0.0 0.0 0.0 1.0 0.0 0.0 0.125 0.0 0.0 0.0 0.0 0.875 0.0 0.0 0.0 0.0 0.812 0.812 0.812 1.0 0.0 0.0 0.0 0.0 0.0 0.0 0.0 0.0
0.0 0.0 0.0 0.0 0.0 0.0 0.0 0.0 0.0 0.0 0.0 0.0 0.0 1.0 0.0 0.0 0.0 0.0 0.0 0.0 0.0 0.0 0.0 1.0 0.0 0.08333333333333333 0.08333333333333333 0.0 0.16666666666666666 0.16666666666666666 0.0 0.75 0.431 0.431 0.431 0.3333333333333333 0.828 0.828 0.828 0.3333333333333333 0.5934999999999999 0.609 0.578 0.6666666666666666 0.5660000000000001 0.641 0.641 0.6666666666666666
0.0 0.0 0.0 0.0 0.0 0.0 1.0 0.0 0.0 0.0 0.0 3.0 0.0 0.0 0.0 0.0 0.0 0.0 0.0 0.0 0.0 1.0 0.0 0.0 0.0 0.0 0.0625 0.0 0.0 0.0 0.0 0.9375 0.0 0.0 0.0 0.0 0.3345 0.469 0.469 0.6666666666666666 0.25 0.25 0.25 0.3333333333333333 0.0 0.0 0.0 0.0
0.0 0.0 0.0 0.0 0.0 0.0 1.0 0.0 0.0 0.0 0.0 0.0 0.0 0.0 0.0 0.0 0.0 0.0 0.0 0.0 0.0 0.0 0.0 1.0 0.0 0.0 0.0 0.0 0.0 0.0 0.0 0.0 0.0 0.0 0.0 0.0 0.0 0.0 0.0 0.0 0.0 0.0 0.0 0.0 0.0 0.0 0.0 0.0
0.0 0.0 0.0 0.0 0.0 0.0 1.0 0.0 0.0 0.0 0.0 0.0 0.0 0.0 0.0 0.0 0.0 0.0 0.0 0.0 0.0 1.0 0.0 0.0 0.0 0.0 0.0 0.0 0.0 0.0 0.0 0.0 0.0 0.0 0.0 0.0 0.0 0.0 0.0 0.0 0.0 0.0 0.0 0.0 0.0 0.0 0.0 0.0
0.0 0.0 0.0 0.0 0.0 3.0 1.0 0.0 1.0 0.0 0.0 0.0 0.0 0.0 0.0 0.0 0.0 0.0 0.0 0.0 0.0 0.0 1.0 0.0 0.0 0.0 0.125 0.0 0.0 0.0 0.0 0.875 0.0 0.0 0.0 0.0 0.812 0.812 0.812 1.0 0.0 0.0 0.0 0.0 0.0 0.0 0.0 0.0
0.0 0.0 0.0 0.0 0.0 0.0 1.0 0.0 0.0 0.0 0.0 0.0 0.0 0.0 0.0 0.0 0.0 0.0 0.0 0.0 0.0 0.0 0.0 0.0 0.0 0.0 0.0 0.0 0.0 0.0 0.0 1.0 0.0 0.0 0.0 0.0 0.359 0.359 0.359 1.0 0.0 0.0 0.0 0.0 0.0 0.0 0.0 0.0
0.0 0.0 0.0 0.0 0.0 0.0 2.0 0.0 0.0 0.0 0.0 0.0 0.0 0.0 0.0 0.0 0.0 0.0 0.0 0.0 0.0 1.0 0.0 0.0 0.0 0.0 0.0 0.0 0.0 0.0 0.0 1.0 0.0 0.0 0.0 0.0 0.0 0.0 0.0 0.0 0.0 0.0 0.0 0.0 0.0 0.0 0.0 0.0
0.0 0.0 0.0 0.0 1.0 1.0 0.0 0.0 1.0 0.0 0.0 3.0 0.0 0.0 0.0 0.0 0.0 0.0 0.0 0.0 0.0 0.0 1.0 0.0 0.0 0.0 0.3 0.0 0.0 0.0 0.1 0.7 0.0 0.0 0.0 0.0 0.6032 0.828 0.438 1.0 0.0 0.0 0.0 0.0 0.0 0.0 0.0 0.0
0.0 0.0 0.0 0.0 0.0 0.0 1.0 0.0 0.0 0.0 0.0 0.0 0.0 2.0 0.0 0.0 0.0 0.0 0.0 0.0 0.0 0.0 0.0 1.0 0.0 0.0 0.5 0.0 0.25 0.25 0.25 0.25 0.0 0.0 0.0 0.0 0.6795 0.812 0.547 0.6666666666666666 0.094 0.094 0.094 0.3333333333333333 0.228 0.228 0.228 0.3333333333333333
0.0 0.0 0.0 0.0 0.0 1.0 2.0 0.0 1.0 0.0 0.0 0.0 0.0 1.0 0.0 0.0 0.0 0.0 0.0 0.0 0.0 1.0 0.0 0.0 0.0 0.0 0.125 0.0 0.0 0.0 0.125 0.875 0.0 0.0 0.0 0.0 0.897 0.897 0.897 1.0 0.0 0.0 0.0 0.0 0.0 0.0 0.0 0.0
0.0 0.0 1.0 0.0 0.0 0.0 3.0 0.0 0.0 0.0 0.0 0.0 0.0 0.0 0.0 0.0 0.0 0.0 0.0 0.0 0.0 1.0 0.0 0.0 0.0 0.0 0.25 0.0 0.0 0.0 0.25 0.75 0.0 0.0 0.0 0.0 0.547 0.547 0.547 1.0 0.0 0.0 0.0 0.0 0.0 0.0 0.0 0.0
0.0 0.0 0.0 0.0 0.0 0.0 1.0 0.0 1.0 0.0 0.0 1.0 0.0 2.0 0.0 0.0 0.0 0.0 0.0 0.0 0.0 0.0 0.0 0.0 0.0 0.0 0.2 0.0 0.1 0.1 0.2 0.7 0.0 0.0 0.0 0.0 0.7415 0.897 0.897 0.5 0.14850000000000002 0.203 0.094 0.5 0.228 0.228 0.228 0.25
0.0 0.0 0.0 0.0 0.0 0.0 1.0 0.0 0.0 0.0 0.0 0.0 0.0 0.0 0.0 0.0 0.0 0.0 0.0 0.0 0.0 1.0 0.0 0.0 0.0 0.0 0.3333333333333333 0.0 0.0 0.0 0.0 0.6666666666666666 0.0 0.0 0.0 0.0 0.422 0.422 0.422 1.0 0.0 0.0 0.0 0.0 0.0 0.0 0.0 0.0
0.0 1.0 0.0 0.0 0.0 0.0 0.0 0.0 0.0 0.0 1.0 0.0 0.0 0.0 0.0 0.0 0.0 0.0 0.0 0.0 1.0 0.0 0.0 0.0 0.0 0.0 0.0 0.0 0.0 0.0 0.0 0.0 0.0 0.0 0.0 0.0 0.0 0.0 0.0 0.0 0.0 0.0 0.0 0.0 0.844 0.844 0.844 1.0
0.0 0.0 0.0 0.0 0.0 0.0 1.0 0.0 0.0 0.0 0.0 0.0 0.0 1.0 0.0 0.0 0.0 0.0 0.0 0.0 0.0 1.0 0.0 0.0 0.0 0.0 0.0 0.0 0.0 0.5 0.0 0.5 0.0 0.0 0.0 0.0 0.0 0.0 0.0 0.0 0.844 0.844 0.844 1.0 0.0 0.0 0.0 0.0
0.0 1.0 0.0 0.0 0.0 0.0 0.0 0.0 0.0 0.0 1.0 0.0 0.0 0.0 0.0 0.0 0.0 0.0 0.0 0.0 1.0 0.0 0.0 0.0 0.0 0.0 0.0 0.0 0.0 0.0 0.0 0.0 0.0 0.0 0.0 0.0 0.0 0.0 0.0 0.0 0.0 0.0 0.0 0.0 0.0 0.0 0.0 0.0
0.0 1.0 0.0 0.0 0.0 0.0 0.0 0.0 0.0 0.0 1.0 0.0 0.0 0.0 0.0 0.0 0.0 0.0 0.0 0.0 1.0 0.0 0.0 0.0 0.0 0.0 0.0 0.0 0.0 0.0 0.0 1.0 0.0 0.0 0.0 0.0 0.0 0.0 0.0 0.0 0.0 0.0 0.0 0.0 0.0 0.0 0.0 0.0
0.0 0.0 0.0 0.0 0.0 0.0 0.0 0.0 1.0 0.0 0.0 0.0 0.0 0.0 0.0 0.0 0.0 0.0 0.0 0.0 0.0 0.0 0.0 1.0 0.0 0.0 0.0 0.0 0.3333333333333333 0.6666666666666666 0.0 0.3333333333333333 0.0 0.0 0.0 0.0 0.0 0.0 0.0 0.0 0.396 0.594 0.198 0.6666666666666666 0.723 0.727 0.719 0.6666666666666666
0.0 0.0 0.0 0.0 0.0 0.0 0.0 0.0 0.0 0.0 1.0 0.0 1.0 1.0 0.0 0.0 0.0 0.0 0.0 0.0 0.0 0.0 0.0 1.0 0.0 0.5 0.0 0.0 0.5 1.0 0.0 0.0 0.351 0.351 0.351 0.5 0.0 0.0 0.0 0.0 0.586 0.844 0.328 1.0 0.281 0.281 0.281 0.5
0.0 0.0 0.0 0.0 0.0 1.0 0.0 0.0 0.0 0.0 0.0 0.0 0.0 1.0 0.0 0.0 0.0 0.0 0.0 0.0 0.0 0.0 0.0 0.0 0.0 0.0 0.058823529411764705 0.0 0.0 0.058823529411764705 0.0 0.8823529411764706 0.0 0.0 0.0 0.0 0.688 0.688 0.688 0.5 0.844 0.844 0.844 0.5 0.0 0.0 0.0 0.0
0.0 1.0 0.0 0.0 0.0 0.0 0.0 0.0 0.0 0.0 1.0 0.0 0.0 0.0 0.0 0.0 0.0 0.0 0.0 0.0 1.0 0.0 0.0 0.0 0.0 0.0 0.0 0.0 0.0 0.0 0.0 1.0 0.0 0.0 0.0 0.0 0.0 0.0 0.0 0.0 0.0 0.0 0.0 0.0 0.844 0.844 0.844 1.0
0.0 0.0 0.0 0.0 0.0 1.0 0.0 0.0 0.0 0.0 0.0 0.0 0.0 0.0 0.0 0.0 0.0 0.0 0.0 0.0 0.0 0.0 1.0 0.0 0.0 0.0 0.0 0.0 0.25 0.0 0.0 0.75 0.0 0.0 0.0 0.0 0.0 0.0 0.0 0.0 0.0 0.0 0.0 0.0 0.5469999999999999 0.844 0.844 1.0
0.0 0.0 0.0 0.0 0.0 0.0 0.0 0.0 0.0 0.0 0.0 0.0 0.0 1.0 0.0 0.0 0.0 0.0 0.0 0.0 0.0 0.0 0.0 1.0 0.0 0.0 0.0 0.0 0.0 0.05263157894736842 0.0 0.9473684210526315 0.0 0.0 0.0 0.0 0.0 0.0 0.0 0.0 0.844 0.844 0.844 1.0 0.0 0.0 0.0 0.0
0.0 0.0 0.0 0.0 0.0 0.0 0.0 0.0 0.0 0.0 0.0 0.0 0.0 1.0 0.0 0.0 0.0 0.0 0.0 0.0 0.0 0.0 0.0 1.0 0.0 0.0 0.0 0.0 0.0 0.3333333333333333 0.0 0.6666666666666666 0.0 0.0 0.0 0.0 0.0 0.0 0.0 0.0 0.844 0.844 0.844 1.0 0.0 0.0 0.0 0.0
0.0 0.0 0.0 0.0 0.0 0.0 0.0 0.0 1.0 0.0 0.0 0.0 0.0 0.0 0.0 0.0 0.0 0.0 0.0 0.0 0.0 0.0 0.0 1.0 0.0 0.0 0.1 0.0 0.0 0.0 0.1 0.9 0.0 0.0 0.0 0.0 0.157 0.157 0.157 0.5 0.0 0.0 0.0 0.0 0.844 0.844 0.844 0.5
0.0 0.0 0.0 0.0 1.0 0.0 1.0 0.0 0.0 0.0 0.0 0.0 0.0 1.0 0.0 0.0 0.0 0.0 0.0 0.0 0.0 1.0 0.0 0.0 0.0 0.0 0.0 0.0 0.0 0.25 0.0 0.75 0.0 0.0 0.0 0.0 0.0 0.0 0.0 0.0 0.844 0.844 0.844 1.0 0.0 0.0 0.0 0.0
0.0 0.0 0.0 0.0 0.0 0.0 0.0 0.0 0.0 0.0 0.0 1.0 0.0 0.0 0.0 0.0 0.0 0.0 0.0 0.0 0.0 0.0 0.0 1.0 0.0 0.0 0.0 0.0 0.1111111111111111 0.0 0.0 0.8888888888888888 0.0 0.0 0.0 0.0 0.0 0.0 0.0 0.0 0.0 0.0 0.0 0.0 0.5645 0.75 0.379 1.0
0.0 0.0 0.0 0.0 0.0 0.0 0.0 0.0 0.0 0.0 0.0 0.0 0.0 1.0 0.0 0.0 0.0 0.0 0.0 0.0 0.0 0.0 0.0 1.0 0.0 0.09090909090909091 0.0 0.0 0.0 0.18181818181818182 0.0 0.7272727272727273 0.545 0.545 0.545 0.3333333333333333 0.0 0.0 0.0 0.0 0.521 0.844 0.198 0.6666666666666666 0.0 0.0 0.0 0.0
0.0 0.0 0.0 0.0 1.0 0.0 0.0 0.0 0.0 0.0 0.0 2.0 0.0 0.0 0.0 0.0 0.0 0.0 0.0 0.0 0.0 0.0 0.0 0.0 1.0 0.5 0.0 0.0 0.5 0.0 0.0 0.5 0.591 0.591 0.591 1.0 0.0 0.0 0.0 0.0 0.0 0.0 0.0 0.0 0.609 0.609 0.609 1.0
0.0 0.0 0.0 0.0 0.0 0.0 1.0 0.0 0.0 0.0 0.0 0.0 0.0 0.0 0.0 0.0 0.0 0.0 0.0 0.0 0.0 0.0 0.0 1.0 0.0 0.16666666666666666 0.0 0.0 0.16666666666666666 0.16666666666666666 0.0 0.8333333333333334 0.426 0.426 0.426 1.0 0.0 0.0 0.0 0.0 0.844 0.844 0.844 1.0 0.75 0.75 0.75 1.0
0.0 1.0 0.0 0.0 1.0 1.0 0.0 0.0 5.0 0.0 1.0 1.0 0.0 1.0 0.0 0.0 0.0 0.0 0.0 0.0 0.0 0.0 1.0 0.0 0.0 0.06666666666666667 0.0 0.0 0.1 0.06666666666666667 0.03333333333333333 0.8666666666666667 0.359 0.359 0.359 0.3333333333333333 0.156 0.156 0.156 0.16666666666666666 0.531 0.531 0.531 0.3333333333333333 0.5478 0.844 0.594 0.8333333333333334
