0.0 0.0 0.0 0.0 0.0 0.0 1.0 0.0 0.0 0.0 0.0 0.0 0.0 0.0 0.0 0.0 0.0 0.0 0.0 0.0 0.0 1.0 0.0 0.0 0.0 0.727 0.8333333333333334 0.935 0.889 0.71 0.16666666666666666 -0.0 0.71 0.4926666666666666 1.0 0.956 -0.8 0.877 0.638 0.5 0.902 0.0 0.902 0.28550000000000003 0.3333333333333333 0.522 0.0 0.522 0.4182 0.8333333333333334 0.914 -0.83 -0.83
0.0 0.0 0.0 0.0 0.0 0.0 0.0 0.0 0.0 0.0 0.0 0.0 0.0 0.0 0.0 0.0 0.0 0.0 0.0 0.0 0.0 0.0 0.0 0.0 0.0 0.53975 1.0 0.846 0.316 0.0 0.0 -0.0 -0.0 0.5986666666666666 0.75 0.723 0.0 0.703 0.09333333333333338 0.75 0.686 -0.94 0.534 -0.245 0.5 0.0 -0.28 -0.21 0.49724999999999997 1.0 0.769 0.0 0.243
0.0 0.0 0.0 0.0 0.0 0.0 1.0 0.0 0.0 0.0 0.0 0.0 0.0 0.0 0.0 0.0 0.0 0.0 0.0 0.0 0.0 1.0 0.0 0.0 0.0 0.477 0.6666666666666666 0.746 0.208 0.81 0.3333333333333333 -0.0 0.81 0.08266666666666667 1.0 0.723 -0.77 -0.77 0.239 0.3333333333333333 0.239 0.0 0.239 0.4325 0.6666666666666666 0.816 0.0 0.816 0.08833333333333333 1.0 0.769 -0.85 -0.85
0.0 0.0 0.0 0.0 0.0 0.0 1.0 0.0 0.0 0.0 0.0 0.0 0.0 0.0 0.0 0.0 0.0 0.0 0.0 0.0 0.0 1.0 0.0 0.0 0.0 0.746 0.5 0.746 0.746 0.81 0.5 -0.0 0.81 -0.11349999999999999 1.0 0.723 -0.95 0.723 0.0 0.0 0.0 0.0 0.0 0.721 0.5 0.721 0.0 0.721 0.009500000000000008 1.0 0.769 -0.75 0.769
0.0 0.0 0.0 0.0 0.0 0.0 0.0 0.0 0.0 0.0 0.0 1.0 0.0 0.0 0.0 0.0 0.0 0.0 0.0 0.0 0.0 0.0 0.0 0.0 0.0 0.5161333333333336 0.7142857142857143 0.935 0.778 0.48499999999999993 0.2857142857142857 -0.0 0.06 0.25726666666666664 0.7142857142857143 0.956 -0.9 0.614 -0.16799999999999998 0.5238095238095238 0.96 -0.95 -0.95 0.001875000000000012 0.38095238095238093 0.561 -0.71 -0.09 0.304 0.9523809523809523 0.935 -0.8 -0.04
0.0 0.0 0.0 0.0 0.0 0.0 1.0 0.0 0.0 0.0 0.0 0.0 0.0 0.0 0.0 0.0 0.0 0.0 0.0 0.0 0.0 1.0 0.0 0.0 0.0 0.59975 1.0 0.815 0.746 0.0 0.0 -0.0 -0.0 0.525 1.0 0.723 0.0 0.723 -0.46 0.5 0.0 -0.79 -0.13 0.029 0.25 0.029 0.0 0.029 0.8773333333333334 0.75 0.935 0.0 0.769
0.0 0.0 0.0 0.0 0.0 0.0 0.0 0.0 0.0 0.0 0.0 0.0 0.0 0.0 0.0 0.0 0.0 0.0 0.0 0.0 0.0 0.0 0.0 1.0 0.0 0.318 0.6 0.746 0.746 0.45 0.4 -0.0 0.09 -0.05700000000000001 1.0 0.723 -0.95 0.723 0.192 0.4 0.193 0.0 0.191 0.367 0.4 0.721 0.0 0.013 0.042000000000000016 1.0 0.769 -0.75 0.769
0.0 0.0 0.0 0.0 0.0 0.0 1.0 0.0 0.0 0.0 0.0 0.0 0.0 0.0 0.0 0.0 0.0 0.0 0.0 0.0 0.0 1.0 0.0 0.0 0.0 0.416 0.6666666666666666 0.746 0.746 0.58 0.3333333333333333 -0.0 0.58 0.07150000000000001 0.6666666666666666 0.723 -0.58 0.723 0.196 0.3333333333333333 0.196 0.0 0.196 0.21550000000000002 0.6666666666666666 0.561 -0.13 -0.13 0.11366666666666668 1.0 0.769 -0.62 0.769
0.0 0.0 0.0 0.0 0.0 0.0 0.0 0.0 0.0 0.0 0.0 0.0 0.0 0.0 0.0 0.0 0.0 0.0 0.0 0.0 0.0 0.0 0.0 0.0 0.0 0.7805 1.0 0.815 0.746 0.0 0.0 -0.0 -0.0 0.7124999999999999 1.0 0.723 0.0 0.723 0.0 0.0 0.0 0.0 0.0 0.0 0.0 0.0 0.0 0.0 0.8485 1.0 0.928 0.0 0.769
0.0 0.0 0.0 0.0 0.0 0.0 1.0 0.0 0.0 0.0 0.0 0.0 0.0 0.0 0.0 0.0 0.0 0.0 0.0 0.0 0.0 1.0 0.0 0.0 0.0 0.42057142857142854 1.0 0.882 0.882 0.0 0.0 -0.0 -0.0 0.40114285714285713 1.0 0.99 -0.11 0.99 0.12816666666666665 0.8571428571428571 0.821 -0.81 0.821 -0.067 0.42857142857142855 0.049 -0.16 -0.16 0.5164285714285713 1.0 0.903 0.0 0.836
0.0 0.0 0.0 0.0 0.0 0.0 0.0 0.0 0.0 0.0 0.0 1.0 0.0 0.0 0.0 0.0 0.0 0.0 0.0 0.0 0.0 0.0 0.0 1.0 0.0 0.6433333333333334 0.8571428571428571 0.935 0.935 0.58 0.14285714285714285 -0.0 0.58 0.5111666666666667 0.8571428571428571 0.956 -0.58 -0.58 0.15224999999999997 0.5714285714285714 0.964 -0.79 0.239 0.16 0.42857142857142855 0.561 -0.13 0.561 0.45416666666666666 0.8571428571428571 0.958 -0.62 -0.62
0.0 0.0 0.0 0.0 0.0 0.0 0.0 0.0 1.0 0.0 0.0 0.0 0.0 0.0 0.0 0.0 0.0 0.0 0.0 0.0 0.0 0.0 0.0 1.0 0.0 0.579875 0.7272727272727273 0.964 0.097 0.49333333333333335 0.2727272727272727 -0.0 0.58 0.263 0.9090909090909091 1.0 -0.96 0.633 0.11414285714285713 0.6363636363636364 0.982 -0.79 -0.79 -0.11474999999999999 0.36363636363636365 0.561 -0.81 0.561 0.20487500000000003 0.7272727272727273 0.935 -0.85 0.097
0.0 0.0 0.0 0.0 0.0 0.0 0.0 0.0 0.0 1.0 0.0 0.0 0.0 0.0 0.0 0.0 0.0 0.0 0.0 1.0 0.0 0.0 0.0 0.0 0.0 0.448125 1.0 0.846 0.8 0.0 0.0 -0.0 -0.0 0.37099999999999994 0.875 0.825 -0.04 0.825 -0.03628571428571427 0.875 0.775 -0.94 0.775 -0.07033333333333334 0.375 0.049 -0.2 -0.2 0.4482857142857143 0.875 0.769 0.0 0.615
0.0 0.0 0.0 0.0 0.0 0.0 0.0 0.0 0.0 0.0 0.0 1.0 0.0 0.0 0.0 0.0 0.0 0.0 0.0 0.0 0.0 0.0 0.0 1.0 0.0 0.6027692307692307 0.8666666666666667 0.935 0.258 0.10500000000000001 0.13333333333333333 -0.0 0.08 0.5077142857142857 0.9333333333333333 0.956 -0.28 0.277 -0.19430000000000006 0.6666666666666666 0.715 -0.94 0.161 -0.037333333333333336 0.2 0.049 -0.19 -0.19 0.5179285714285714 0.9333333333333333 0.935 -0.1 0.337
0.0 0.0 0.0 0.0 0.0 0.0 1.0 0.0 0.0 0.0 0.0 0.0 0.0 0.0 0.0 0.0 0.0 0.0 0.0 0.0 0.0 1.0 0.0 0.0 0.0 0.7805 1.0 0.815 0.746 0.0 0.0 -0.0 -0.0 0.7124999999999999 1.0 0.723 0.0 0.723 0.0 0.0 0.0 0.0 0.0 0.0 0.0 0.0 0.0 0.0 0.8485 1.0 0.928 0.0 0.769
0.0 0.0 0.0 0.0 0.0 1.0 0.0 0.0 1.0 0.0 0.0 1.0 0.0 0.0 0.0 0.0 0.0 0.0 0.0 0.0 0.0 0.0 0.0 0.0 0.0 0.46263333333333334 0.9375 0.939 0.838 0.47000000000000003 0.0625 -0.0 0.9 0.36008 0.78125 0.956 -0.89 0.939 0.011120000000000012 0.78125 0.979 -0.94 0.707 -0.13800000000000004 0.3125 0.049 -0.91 -0.06 0.46858620689655167 0.90625 0.979 -0.04 0.737
0.0 0.0 0.0 0.0 0.0 0.0 1.0 0.0 0.0 0.0 0.0 0.0 0.0 0.0 0.0 0.0 0.0 0.0 0.0 0.0 0.0 0.0 0.0 0.0 0.0 0.4635 0.8 0.935 0.746 0.555 0.2 -0.0 0.81 0.16988888888888887 0.9 0.956 -0.95 0.723 0.04700000000000001 0.6 0.294 -0.79 -0.79 -0.0185 0.6 0.721 -0.6 0.721 0.3842 1.0 0.935 -0.75 0.769
0.0 0.0 0.0 0.0 0.0 0.0 0.0 0.0 0.0 0.0 0.0 0.0 0.0 0.0 0.0 0.0 0.0 0.0 0.0 0.0 0.0 0.0 0.0 1.0 0.0 0.8795 1.0 0.953 0.953 0.0 0.0 -0.0 -0.0 0.7955 1.0 0.918 0.0 0.918 0.3116666666666667 0.75 0.988 -0.96 0.988 0.0 0.0 0.0 0.0 0.0 0.8843333333333333 0.75 0.958 0.0 0.805
0.0 0.0 0.0 0.0 0.0 1.0 0.0 0.0 0.0 0.0 0.0 0.0 0.0 0.0 0.0 0.0 0.0 0.0 0.0 0.0 0.0 0.0 0.0 0.0 0.0 0.6062666666666667 0.8333333333333334 0.939 0.746 0.5433333333333333 0.16666666666666666 -0.0 0.82 0.47482352941176476 0.9444444444444444 0.982 -0.74 0.723 -0.04655555555555556 0.5 0.979 -0.87 0.109 -0.08 0.2222222222222222 0.0 -0.11 -0.07 0.43800000000000006 0.8888888888888888 0.935 -0.82 0.769
0.0 0.0 0.0 0.0 0.0 0.0 0.0 0.0 0.0 0.0 0.0 1.0 0.0 0.0 0.0 0.0 0.0 0.0 0.0 0.0 0.0 0.0 0.0 1.0 0.0 0.5024545454545456 0.8461538461538461 0.935 0.157 0.33499999999999996 0.15384615384615385 -0.0 0.09 0.39866666666666667 0.9230769230769231 0.967 -0.58 -0.14 0.16414285714285715 0.5384615384615384 0.795 -0.65 0.191 0.13725000000000004 0.3076923076923077 0.561 -0.11 0.049 0.4153076923076923 1.0 0.928 -0.62 -0.05
0.0 0.0 0.0 0.0 0.0 0.0 1.0 0.0 0.0 0.0 0.0 0.0 0.0 0.0 0.0 0.0 0.0 0.0 0.0 0.0 0.0 1.0 0.0 0.0 0.0 0.46466666666666673 0.8571428571428571 0.961 0.746 0.58 0.14285714285714285 -0.0 0.58 0.1504 0.7142857142857143 0.723 -0.58 0.723 -0.22066666666666665 0.42857142857142855 0.182 -0.94 -0.94 0.25050000000000006 0.2857142857142857 0.561 -0.06 0.561 0.34314285714285714 1.0 0.961 -0.62 0.769
0.0 0.0 0.0 0.0 0.0 0.0 0.0 0.0 0.0 0.0 0.0 0.0 0.0 0.0 0.0 0.0 0.0 0.0 0.0 0.0 0.0 0.0 0.0 1.0 0.0 0.5955555555555557 1.0 0.935 0.16 0.0 0.0 -0.0 -0.0 0.60325 0.8888888888888888 0.956 0.0 0.577 -0.13140000000000002 0.5555555555555556 0.964 -0.94 -0.94 0.039 0.2222222222222222 0.049 0.0 0.049 0.6724285714285715 0.7777777777777778 0.935 0.0 0.16
0.0 0.0 0.0 0.0 0.0 0.0 0.0 0.0 0.0 0.0 0.0 0.0 0.0 0.0 0.0 0.0 0.0 0.0 0.0 0.0 0.0 0.0 0.0 1.0 0.0 0.5890000000000001 0.6 0.935 0.086 0.69 0.4 -0.0 0.8 0.04974999999999993 0.8 0.956 -0.9 -0.9 0.196 0.2 0.196 0.0 0.196 -0.09299999999999997 0.6 0.561 -0.71 -0.71 0.31375000000000003 0.8 0.914 -0.62 0.192
0.0 0.0 0.0 0.0 0.0 0.0 1.0 0.0 0.0 0.0 0.0 0.0 0.0 0.0 0.0 0.0 0.0 0.0 0.0 0.0 0.0 1.0 0.0 0.0 0.0 0.7805 0.6666666666666666 0.815 0.746 0.09 0.3333333333333333 -0.0 0.09 0.435 1.0 0.723 -0.12 0.723 0.0 0.0 0.0 0.0 0.0 0.0 0.0 0.0 0.0 0.0 0.5456666666666666 1.0 0.928 -0.06 0.769
0.0 0.0 0.0 0.0 0.0 0.0 0.0 0.0 0.0 0.0 0.0 0.0 0.0 0.0 0.0 0.0 0.0 0.0 0.0 0.0 0.0 0.0 0.0 1.0 0.0 0.5531250000000001 1.0 0.931 0.16 0.0 0.0 -0.0 -0.0 0.5528571428571428 0.875 0.898 0.0 0.577 -0.13140000000000002 0.625 0.964 -0.94 -0.94 0.039 0.25 0.049 0.0 0.049 0.6321666666666667 0.75 0.935 0.0 0.16
0.0 0.0 0.0 0.0 0.0 0.0 1.0 0.0 0.0 0.0 0.0 0.0 0.0 0.0 0.0 0.0 0.0 0.0 0.0 0.0 0.0 1.0 0.0 0.0 0.0 0.59725 1.0 0.815 0.746 0.0 0.0 -0.0 -0.0 0.5465 1.0 0.723 0.0 0.723 -0.188 0.5 0.274 -0.65 0.274 -0.11 0.25 0.0 -0.11 -0.11 0.68225 1.0 0.928 0.0 0.769
0.0 0.0 0.0 0.0 0.0 2.0 1.0 0.0 1.0 0.0 0.0 0.0 0.0 1.0 0.0 0.0 0.0 0.0 0.0 0.0 0.0 0.0 0.0 0.0 0.0 0.5084705882352942 0.8947368421052632 0.935 0.07 0.735 0.10526315789473684 -0.0 0.89 0.34833333333333333 0.7894736842105263 0.964 -0.95 0.295 -0.050727272727272725 0.5789473684210527 0.728 -0.94 0.239 0.17885714285714283 0.3684210526315789 0.733 -0.06 0.049 0.3730555555555555 0.9473684210526315 0.914 -0.98 0.07
0.0 0.0 0.0 0.0 0.0 0.0 0.0 0.0 0.0 0.0 0.0 0.0 0.0 0.0 0.0 0.0 0.0 0.0 0.0 0.0 0.0 0.0 0.0 1.0 0.0 0.624 1.0 0.815 0.727 0.0 0.0 -0.0 -0.0 0.5742499999999999 1.0 0.723 0.0 0.577 -0.3505 0.5 0.239 -0.94 -0.94 0.049 0.25 0.049 0.0 0.049 0.6745000000000001 1.0 0.928 0.0 0.655
0.0 0.0 0.0 0.0 0.0 0.0 0.0 0.0 0.0 0.0 0.0 0.0 0.0 0.0 0.0 0.0 0.0 0.0 0.0 0.0 0.0 0.0 0.0 1.0 0.0 0.746 1.0 0.746 0.746 0.0 0.0 -0.0 -0.0 0.723 1.0 0.723 0.0 0.723 0.0 0.0 0.0 0.0 0.0 0.0 0.0 0.0 0.0 0.0 0.769 1.0 0.769 0.0 0.769
0.0 0.0 0.0 0.0 0.0 0.0 0.0 0.0 0.0 0.0 0.0 0.0 0.0 0.0 0.0 0.0 0.0 0.0 0.0 0.0 0.0 0.0 0.0 1.0 0.0 0.6084 1.0 0.935 0.806 0.0 0.0 -0.0 -0.0 0.6123000000000001 1.0 0.956 -0.04 0.906 0.5506666666666666 0.6 0.776 0.0 0.715 0.013 0.1 0.013 0.0 0.013 0.5695 0.8 0.914 0.0 0.796
0.0 0.0 0.0 0.0 0.0 1.0 0.0 0.0 0.0 0.0 0.0 0.0 0.0 0.0 0.0 0.0 0.0 0.0 0.0 0.0 0.0 0.0 0.0 1.0 0.0 0.4181 0.8333333333333334 0.935 0.746 0.41500000000000004 0.16666666666666666 -0.0 0.02 0.1632 0.8333333333333334 0.956 -0.95 0.723 0.13887499999999997 0.6666666666666666 0.96 -0.96 -0.96 0.08216666666666668 0.5 0.721 -0.11 -0.1 0.3610909090909091 0.9166666666666666 0.914 -0.75 0.769
0.0 0.0 0.0 0.0 0.0 0.0 0.0 0.0 0.0 0.0 0.0 0.0 0.0 0.0 0.0 0.0 0.0 0.0 0.0 0.0 0.0 0.0 0.0 1.0 0.0 0.789 1.0 0.789 0.789 0.0 0.0 -0.0 -0.0 0.818 1.0 0.818 0.0 0.818 0.76 1.0 0.76 0.0 0.76 0.0 0.0 0.0 0.0 0.0 0.0 0.0 0.0 0.0 0.0
0.0 0.0 0.0 0.0 0.0 0.0 1.0 0.0 0.0 0.0 0.0 0.0 0.0 0.0 0.0 0.0 0.0 0.0 0.0 0.0 0.0 1.0 0.0 0.0 0.0 0.5586666666666666 1.0 0.815 0.746 0.0 0.0 -0.0 -0.0 0.49466666666666664 1.0 0.723 0.0 0.723 0.274 0.3333333333333333 0.274 0.0 0.274 -0.11 0.3333333333333333 0.0 -0.11 -0.11 0.6470000000000001 1.0 0.928 0.0 0.769
0.0 0.0 0.0 0.0 1.0 1.0 1.0 0.0 0.0 0.0 0.0 1.0 0.0 1.0 0.0 0.0 0.0 0.0 0.0 0.0 0.0 1.0 0.0 0.0 0.0 0.4523333333333334 0.8181818181818182 0.933 0.746 0.6950000000000001 0.18181818181818182 -0.0 0.81 0.16844444444444442 0.8181818181818182 0.962 -0.77 0.723 0.04087499999999997 0.7272727272727273 0.96 -0.9 0.96 0.329 0.36363636363636365 0.816 -0.11 0.816 0.2217 0.9090909090909091 0.885 -0.85 0.769
0.0 0.0 0.0 0.0 0.0 2.0 0.0 0.0 3.0 1.0 0.0 4.0 0.0 1.0 0.0 0.0 0.0 0.0 0.0 1.0 0.0 0.0 0.0 0.0 0.0 0.5410769230769233 0.7738095238095238 0.939 0.84 0.5910526315789472 0.2261904761904762 -0.0 0.93 0.32577941176470593 0.8095238095238095 0.971 -0.99 -0.96 0.16868518518518508 0.6428571428571429 0.979 -0.94 -0.81 0.08162068965517238 0.34523809523809523 0.948 -0.97 0.88 0.2114 0.7738095238095238 0.935 -0.98 -0.94
0.0 0.0 0.0 0.0 0.0 0.0 2.0 0.0 3.0 0.0 0.0 9.0 0.0 7.0 0.0 0.0 0.0 0.0 0.0 0.0 0.0 0.0 0.0 1.0 0.0 0.4988758620689657 0.8682634730538922 0.964 0.753 0.7577272727272729 0.1317365269461078 -0.0 0.03 0.29631034482758634 0.8682634730538922 0.979 -0.98 0.541 0.09117886178861788 0.7365269461077845 0.979 -0.99 -0.86 0.03898611111111111 0.4311377245508982 0.99 -0.82 -0.13 0.3661127819548874 0.7964071856287425 0.964 -0.87 0.85
0.0 0.0 0.0 0.0 0.0 1.0 0.0 0.0 1.0 0.0 0.0 0.0 0.0 0.0 0.0 0.0 0.0 0.0 0.0 0.0 0.0 0.0 0.0 0.0 0.0 0.4608181818181818 0.6875 0.849 0.047 0.45199999999999996 0.3125 -0.0 0.06 0.17173333333333338 0.9375 0.928 -0.94 -0.04 0.17070000000000002 0.625 0.776 -0.87 0.119 0.13685714285714287 0.4375 0.678 -0.23 0.035 0.11964285714285716 0.875 0.796 -0.83 -0.11
0.0 0.0 0.0 0.0 0.0 0.0 0.0 0.0 0.0 0.0 0.0 0.0 0.0 0.0 0.0 0.0 0.0 0.0 0.0 0.0 0.0 0.0 0.0 1.0 0.0 0.5215714285714286 0.875 0.986 0.846 0.76 0.125 -0.0 0.76 0.2245714285714286 0.875 0.986 -0.61 0.633 -0.26139999999999997 0.625 0.146 -0.94 -0.94 0.383 0.25 0.856 -0.09 0.856 0.32428571428571434 0.875 0.98 -0.82 0.744
0.0 0.0 0.0 0.0 0.0 1.0 0.0 0.0 1.0 0.0 0.0 0.0 0.0 2.0 0.0 0.0 0.0 0.0 0.0 0.0 0.0 0.0 0.0 0.0 0.0 0.636764705882353 0.68 0.935 0.034 0.6462500000000001 0.32 -0.0 0.03 0.3532222222222222 0.72 0.956 -0.92 0.094 -0.057000000000000016 0.56 0.964 -0.94 -0.03 -0.006666666666666654 0.48 0.932 -0.92 0.028 0.29747368421052633 0.76 0.935 -0.97 0.769
0.0 0.0 0.0 0.0 0.0 0.0 0.0 0.0 0.0 0.0 0.0 1.0 0.0 0.0 0.0 0.0 0.0 0.0 0.0 0.0 0.0 0.0 0.0 1.0 0.0 0.511 0.75 0.935 0.086 0.6533333333333333 0.25 -0.0 0.8 0.13666666666666666 0.75 0.956 -0.9 -0.9 0.10416666666666664 0.5 0.96 -0.79 0.196 0.027714285714285754 0.5833333333333334 0.561 -0.71 -0.71 0.3614 0.8333333333333334 0.935 -0.62 0.192
0.0 0.0 0.0 0.0 0.0 0.0 0.0 0.0 0.0 0.0 0.0 0.0 0.0 0.0 0.0 0.0 0.0 0.0 0.0 0.0 0.0 0.0 0.0 0.0 0.0 0.80575 0.8 0.935 0.713 0.81 0.2 -0.0 0.81 0.4718 1.0 0.956 -0.95 0.702 -0.76 0.4 0.0 -0.87 -0.65 0.721 0.2 0.721 0.0 0.721 0.4800000000000001 1.0 0.914 -0.75 0.788
0.0 0.0 0.0 0.0 0.0 0.0 0.0 0.0 1.0 0.0 0.0 5.0 0.0 1.0 0.0 0.0 0.0 0.0 0.0 0.0 0.0 0.0 0.0 0.0 0.0 0.4540571428571429 0.813953488372093 0.943 0.875 0.7562500000000001 0.18604651162790697 -0.0 0.07 0.11033333333333334 0.7674418604651163 0.963 -0.96 -0.07 0.12617241379310348 0.6744186046511628 0.986 -0.94 -0.88 -0.2867272727272728 0.5116279069767442 0.049 -0.81 -0.21 0.2729473684210527 0.8837209302325582 0.989 -0.85 -0.07
0.0 0.0 0.0 0.0 0.0 0.0 0.0 0.0 1.0 0.0 0.0 0.0 0.0 0.0 0.0 0.0 0.0 0.0 0.0 0.0 0.0 0.0 0.0 1.0 0.0 0.4916666666666667 0.75 0.778 0.636 0.82 0.25 -0.0 0.82 0.7 0.5 0.705 0.0 0.695 -0.2845 0.5 0.061 -0.63 -0.63 0.828 0.25 0.828 0.0 0.828 0.496 0.75 0.851 0.0 0.576
0.0 0.0 0.0 0.0 0.0 0.0 0.0 0.0 0.0 0.0 0.0 0.0 0.0 0.0 0.0 0.0 0.0 0.0 0.0 0.0 0.0 0.0 0.0 1.0 0.0 0.5053333333333333 0.9 0.935 0.806 0.82 0.1 -0.0 0.82 0.38480000000000003 1.0 0.956 -0.84 0.906 0.4064 0.5 0.776 0.0 0.715 -0.195 0.4 0.081 -0.8 -0.8 0.4692857142857143 0.7 0.914 0.0 0.796
0.0 0.0 0.0 0.0 0.0 1.0 1.0 0.0 0.0 0.0 0.0 0.0 0.0 1.0 0.0 0.0 0.0 0.0 0.0 0.0 0.0 0.0 0.0 1.0 0.0 0.47651851851851856 0.8709677419354839 0.939 0.097 0.5725 0.12903225806451613 -0.0 0.8 0.2938148148148148 0.8709677419354839 0.956 -0.75 -0.74 0.24091666666666667 0.7741935483870968 0.979 -0.94 0.142 0.11425 0.3870967741935484 0.752 -0.25 0.741 0.2726800000000001 0.8064516129032258 0.935 -0.92 -0.92
0.0 0.0 0.0 0.0 0.0 0.0 0.0 0.0 0.0 0.0 0.0 0.0 0.0 0.0 0.0 0.0 0.0 0.0 0.0 0.0 0.0 0.0 0.0 1.0 0.0 0.6275 1.0 0.829 0.829 0.0 0.0 -0.0 -0.0 0.63075 1.0 0.928 0.0 0.928 -0.5236666666666666 0.75 0.239 -0.94 -0.87 0.049 0.25 0.049 0.0 0.049 0.61225 1.0 0.769 0.0 0.679
0.0 0.0 0.0 0.0 0.0 0.0 0.0 0.0 0.0 0.0 0.0 0.0 0.0 0.0 0.0 0.0 0.0 0.0 0.0 0.0 0.0 0.0 0.0 0.0 0.0 0.6296666666666667 0.75 0.935 0.935 0.58 0.25 -0.0 0.58 0.34850000000000003 1.0 0.956 -0.58 -0.58 0.239 0.25 0.239 0.0 0.239 0.30500000000000005 0.5 0.561 0.0 0.561 0.35224999999999995 1.0 0.914 -0.62 -0.62
0.0 0.0 0.0 0.0 0.0 0.0 0.0 0.0 0.0 0.0 0.0 0.0 0.0 0.0 0.0 0.0 0.0 0.0 0.0 0.0 0.0 0.0 0.0 1.0 0.0 0.62975 0.6666666666666666 0.917 0.917 0.615 0.3333333333333333 -0.0 0.65 -0.01419999999999999 0.8333333333333334 0.776 -0.86 -0.86 0.079 0.5 0.917 -0.79 0.917 0.585 0.3333333333333333 0.609 0.0 0.609 0.13200000000000003 0.8333333333333334 0.935 -0.62 -0.5
0.0 0.0 0.0 0.0 0.0 0.0 1.0 0.0 0.0 0.0 0.0 0.0 0.0 0.0 0.0 0.0 0.0 0.0 0.0 0.0 0.0 0.0 0.0 1.0 0.0 0.76725 1.0 0.815 0.719 0.0 0.0 -0.0 -0.0 0.6964999999999999 1.0 0.728 0.0 0.728 -0.038500000000000034 0.5 0.713 -0.79 0.713 0.0 0.0 0.0 0.0 0.0 0.83675 1.0 0.935 0.0 0.715
0.0 0.0 0.0 0.0 0.0 0.0 0.0 0.0 0.0 0.0 0.0 0.0 0.0 0.0 0.0 0.0 0.0 0.0 0.0 0.0 0.0 0.0 0.0 0.0 0.0 0.746 1.0 0.746 0.746 0.0 0.0 -0.0 -0.0 0.723 1.0 0.723 0.0 0.723 0.0 0.0 0.0 0.0 0.0 0.0 0.0 0.0 0.0 0.0 0.769 1.0 0.769 0.0 0.769
0.0 0.0 0.0 0.0 0.0 0.0 1.0 0.0 0.0 0.0 0.0 0.0 0.0 0.0 0.0 0.0 0.0 0.0 0.0 0.0 0.0 1.0 0.0 0.0 0.0 0.6861999999999999 1.0 0.935 0.727 0.0 0.0 -0.0 -0.0 0.6506 1.0 0.956 0.0 0.577 -0.3505 0.4 0.239 -0.94 -0.94 0.049 0.2 0.049 0.0 0.049 0.7224 1.0 0.928 0.0 0.655
0.0 0.0 0.0 0.0 0.0 0.0 2.0 0.0 0.0 0.0 0.0 0.0 0.0 0.0 0.0 0.0 0.0 0.0 0.0 0.0 0.0 1.0 0.0 0.0 0.0 0.7574285714285715 0.875 0.935 0.931 0.58 0.125 -0.0 0.58 0.5588749999999999 1.0 0.956 -0.58 0.898 -0.059250000000000025 0.5 0.964 -0.79 0.964 0.30500000000000005 0.25 0.561 0.0 0.561 0.6070000000000001 0.875 0.958 -0.62 0.935
0.0 0.0 0.0 0.0 0.0 0.0 1.0 0.0 0.0 0.0 0.0 0.0 0.0 0.0 0.0 0.0 0.0 0.0 0.0 0.0 0.0 1.0 0.0 0.0 0.0 0.7805 0.6666666666666666 0.815 0.746 0.58 0.3333333333333333 -0.0 0.58 0.2816666666666667 1.0 0.723 -0.58 0.723 0.0 0.0 0.0 0.0 0.0 0.561 0.3333333333333333 0.561 0.0 0.561 0.359 1.0 0.928 -0.62 0.769
0.0 0.0 0.0 0.0 0.0 0.0 0.0 0.0 0.0 0.0 0.0 0.0 0.0 0.0 0.0 0.0 0.0 0.0 0.0 0.0 0.0 0.0 0.0 1.0 0.0 0.7805 0.6666666666666666 0.815 0.746 0.09 0.3333333333333333 -0.0 0.09 0.435 1.0 0.723 -0.12 0.723 0.0 0.0 0.0 0.0 0.0 0.0 0.0 0.0 0.0 0.0 0.5456666666666666 1.0 0.928 -0.06 0.769
0.0 0.0 0.0 0.0 0.0 0.0 1.0 0.0 0.0 0.0 0.0 0.0 0.0 0.0 0.0 0.0 0.0 0.0 0.0 0.0 0.0 1.0 0.0 0.0 0.0 0.5586666666666666 1.0 0.815 0.746 0.0 0.0 -0.0 -0.0 0.49466666666666664 1.0 0.723 0.0 0.723 0.274 0.3333333333333333 0.274 0.0 0.274 -0.11 0.3333333333333333 0.0 -0.11 -0.11 0.6470000000000001 1.0 0.928 0.0 0.769
0.0 0.0 0.0 0.0 1.0 0.0 0.0 0.0 0.0 0.0 0.0 0.0 0.0 1.0 0.0 0.0 0.0 0.0 0.0 0.0 0.0 0.0 0.0 1.0 0.0 0.516 1.0 0.922 0.746 0.0 0.0 -0.0 -0.0 0.457 0.75 0.723 0.0 0.723 0.5553333333333333 0.75 0.96 0.0 0.109 -0.15000000000000002 0.5 0.0 -0.23 -0.07 0.54975 1.0 0.885 0.0 0.769
0.0 0.0 0.0 0.0 0.0 0.0 1.0 0.0 0.0 0.0 0.0 0.0 0.0 0.0 0.0 0.0 0.0 0.0 0.0 0.0 0.0 1.0 0.0 0.0 0.0 0.758 1.0 0.815 0.746 0.0 0.0 -0.0 -0.0 0.709 1.0 0.723 0.0 0.723 -0.65 0.3333333333333333 0.0 -0.65 -0.65 0.0 0.0 0.0 0.0 0.0 0.8283333333333335 1.0 0.928 0.0 0.769
0.0 0.0 0.0 0.0 0.0 0.0 1.0 0.0 0.0 0.0 0.0 1.0 0.0 0.0 0.0 0.0 0.0 0.0 0.0 0.0 0.0 1.0 0.0 0.0 0.0 0.592 0.8571428571428571 0.935 0.746 0.81 0.14285714285714285 -0.0 0.81 0.318 1.0 0.956 -0.95 0.723 -0.248 0.42857142857142855 0.141 -0.96 0.075 0.3155 0.2857142857142857 0.721 -0.09 -0.09 0.4414285714285714 1.0 0.914 -0.75 0.769
0.0 0.0 0.0 0.0 0.0 0.0 0.0 0.0 0.0 0.0 0.0 0.0 0.0 0.0 0.0 0.0 0.0 0.0 0.0 0.0 0.0 0.0 0.0 1.0 0.0 0.906 0.8 0.959 0.959 0.09 0.2 -0.0 0.09 0.527 0.6 0.934 -0.12 0.934 0.9783333333333334 0.6 0.992 0.0 0.983 0.0 0.0 0.0 0.0 0.0 0.5630000000000001 0.6 0.885 -0.06 -0.06
0.0 0.0 0.0 0.0 0.0 0.0 0.0 0.0 0.0 0.0 0.0 0.0 0.0 1.0 0.0 0.0 0.0 0.0 0.0 0.0 0.0 0.0 0.0 1.0 0.0 0.6957 0.7692307692307693 0.935 0.034 0.5066666666666667 0.23076923076923078 -0.0 0.79 0.36519999999999997 0.7692307692307693 0.956 -0.75 0.094 -0.2102222222222222 0.6923076923076923 0.812 -0.94 -0.03 0.39725 0.3076923076923077 0.883 0.0 0.028 0.48133333333333334 0.6923076923076923 0.935 -0.74 0.935
0.0 0.0 0.0 0.0 0.0 0.0 0.0 0.0 0.0 0.0 0.0 0.0 0.0 0.0 0.0 0.0 0.0 0.0 0.0 0.0 0.0 0.0 0.0 1.0 0.0 0.6606666666666666 0.75 0.935 0.935 0.76 0.25 -0.0 0.76 0.3465 1.0 0.956 -0.74 -0.74 0.239 0.25 0.239 0.0 0.239 -0.3705 0.5 0.049 -0.79 -0.79 0.6873333333333335 0.75 0.914 0.0 0.914
0.0 0.0 0.0 0.0 0.0 0.0 0.0 0.0 0.0 0.0 0.0 0.0 0.0 0.0 0.0 0.0 0.0 0.0 0.0 0.0 0.0 0.0 0.0 1.0 0.0 0.867 1.0 0.957 0.789 0.0 0.0 -0.0 -0.0 0.7802 0.625 0.956 0.0 0.633 0.15242857142857139 0.875 0.969 -0.94 -0.79 0.0 0.0 0.0 0.0 0.0 0.8946000000000002 0.625 0.945 0.0 0.935
0.0 0.0 0.0 0.0 0.0 0.0 0.0 0.0 0.0 0.0 0.0 0.0 0.0 0.0 0.0 0.0 0.0 0.0 0.0 0.0 0.0 0.0 0.0 1.0 0.0 0.4485 0.2857142857142857 0.789 0.108 0.5079999999999999 0.7142857142857143 -0.0 0.07 -0.4678333333333333 0.8571428571428571 0.633 -0.87 -0.83 -0.2255 0.5714285714285714 0.345 -0.79 -0.66 0.0252 0.7142857142857143 0.98 -0.88 -0.88 -0.04666666666666664 0.8571428571428571 0.935 -0.84 -0.07
0.0 0.0 0.0 0.0 0.0 0.0 0.0 0.0 0.0 0.0 0.0 1.0 0.0 1.0 0.0 0.0 0.0 0.0 0.0 0.0 0.0 0.0 0.0 1.0 0.0 0.467 0.6 0.713 0.074 0.555 0.4 -0.0 0.81 -0.10139999999999998 1.0 0.702 -0.95 0.05 -0.25525000000000003 0.8 0.203 -0.74 0.166 0.016999999999999998 0.6 0.721 -0.6 -0.07 0.15660000000000004 1.0 0.788 -0.75 0.152
0.0 0.0 0.0 0.0 0.0 0.0 0.0 0.0 1.0 0.0 0.0 0.0 0.0 0.0 0.0 0.0 0.0 0.0 0.0 0.0 0.0 0.0 0.0 1.0 0.0 0.41979999999999995 0.7142857142857143 0.935 0.02 0.53 0.2857142857142857 -0.0 0.3 -0.05650000000000003 0.8571428571428571 0.956 -0.87 0.03 -0.05919999999999999 0.7142857142857143 0.239 -0.94 -0.01 0.056 0.5714285714285714 0.752 -0.6 0.023 0.19999999999999998 1.0 0.914 -0.81 0.053
0.0 0.0 0.0 0.0 0.0 0.0 0.0 0.0 0.0 0.0 0.0 0.0 0.0 2.0 0.0 0.0 0.0 0.0 0.0 0.0 0.0 0.0 0.0 1.0 0.0 0.6362727272727273 0.7857142857142857 0.939 0.789 0.5733333333333333 0.21428571428571427 -0.0 0.84 0.28374999999999995 0.8571428571428571 0.956 -0.87 0.633 -0.094 0.5714285714285714 0.979 -0.94 -0.79 0.1685 0.2857142857142857 0.833 -0.6 0.833 0.48116666666666674 0.8571428571428571 0.935 -0.62 0.935
0.0 0.0 0.0 0.0 0.0 0.0 0.0 0.0 0.0 0.0 0.0 0.0 0.0 1.0 0.0 0.0 0.0 0.0 0.0 0.0 0.0 0.0 0.0 1.0 0.0 0.473125 0.64 0.935 0.105 0.7477777777777778 0.36 -0.0 0.86 0.011952380952380957 0.84 0.956 -0.95 -0.79 -0.04728571428571428 0.56 0.769 -0.94 0.094 0.24100000000000005 0.56 0.99 -0.75 0.974 0.11738095238095239 0.84 0.959 -0.87 -0.83
0.0 0.0 0.0 0.0 3.0 1.0 0.0 0.0 0.0 1.0 0.0 0.0 0.0 1.0 0.0 0.0 0.0 0.0 0.0 1.0 0.0 0.0 0.0 0.0 0.0 0.39420000000000005 0.6666666666666666 0.935 0.08 0.5519999999999999 0.3333333333333333 -0.0 0.87 0.08535714285714283 0.9333333333333333 0.956 -0.96 -0.03 0.24335294117647055 0.5666666666666667 0.964 -0.57 0.201 0.1398235294117647 0.5666666666666667 0.882 -0.6 -0.04 0.08289285714285712 0.9333333333333333 0.914 -0.79 0.201
0.0 0.0 0.0 0.0 0.0 0.0 0.0 0.0 0.0 0.0 0.0 0.0 0.0 1.0 0.0 0.0 0.0 0.0 0.0 0.0 0.0 0.0 0.0 1.0 0.0 0.7866666666666667 0.42857142857142855 0.819 0.756 0.325 0.5714285714285714 -0.0 0.03 0.25216666666666665 0.8571428571428571 0.945 -0.87 -0.02 0.034000000000000016 0.7142857142857143 0.747 -0.73 -0.03 -0.38225000000000003 0.5714285714285714 0.061 -0.91 0.061 0.12940000000000002 0.7142857142857143 0.858 -0.98 -0.07
0.0 0.0 0.0 0.0 0.0 0.0 0.0 0.0 0.0 0.0 0.0 0.0 0.0 0.0 0.0 0.0 0.0 0.0 0.0 0.0 0.0 0.0 0.0 1.0 0.0 0.0 0.0 0.0 0.0 0.04 1.0 -0.0 0.04 -0.04 1.0 0.0 -0.04 -0.04 0.0 0.0 0.0 0.0 0.0 0.0 0.0 0.0 0.0 0.0 -0.05 1.0 0.0 -0.05 -0.05
0.0 0.0 1.0 0.0 0.0 0.0 2.0 0.0 0.0 0.0 0.0 0.0 0.0 0.0 0.0 0.0 0.0 0.0 0.0 0.0 0.0 0.0 0.0 0.0 0.0 0.607625 0.6666666666666666 0.935 0.707 0.55625 0.3333333333333333 -0.0 0.8 0.05276470588235294 0.7083333333333334 0.964 -0.95 -0.69 -0.05433333333333334 0.625 0.728 -0.94 0.707 0.361125 0.3333333333333333 0.941 -0.6 0.941 0.18063157894736845 0.7916666666666666 0.935 -0.98 -0.75
0.0 0.0 0.0 0.0 0.0 0.0 0.0 0.0 0.0 0.0 0.0 0.0 0.0 0.0 0.0 0.0 0.0 0.0 0.0 0.0 0.0 0.0 0.0 1.0 0.0 0.0 0.0 0.0 0.0 0.3 1.0 -0.0 0.3 -0.87 1.0 0.0 -0.87 -0.87 0.203 1.0 0.203 0.0 0.203 -0.6 1.0 0.0 -0.6 -0.6 0.06 1.0 0.06 0.0 0.06
0.0 0.0 0.0 0.0 0.0 0.0 0.0 0.0 0.0 0.0 0.0 0.0 0.0 1.0 0.0 0.0 0.0 0.0 0.0 0.0 0.0 0.0 0.0 1.0 0.0 0.0 0.0 0.0 0.0 0.3 1.0 -0.0 0.3 -0.87 1.0 0.0 -0.87 -0.87 0.203 1.0 0.203 0.0 0.203 -0.6 1.0 0.0 -0.6 -0.6 0.06 1.0 0.06 0.0 0.06
0.0 0.0 0.0 0.0 0.0 0.0 0.0 0.0 0.0 0.0 0.0 0.0 0.0 0.0 0.0 0.0 0.0 0.0 0.0 0.0 0.0 0.0 0.0 1.0 0.0 0.0 0.0 0.0 0.0 0.3 1.0 -0.0 0.3 -0.87 1.0 0.0 -0.87 -0.87 0.203 1.0 0.203 0.0 0.203 -0.6 1.0 0.0 -0.6 -0.6 0.06 1.0 0.06 0.0 0.06
0.0 0.0 0.0 0.0 0.0 1.0 0.0 0.0 0.0 0.0 0.0 1.0 0.0 1.0 0.0 0.0 0.0 0.0 0.0 0.0 0.0 0.0 1.0 0.0 0.0 0.44342857142857145 0.5833333333333334 0.933 0.846 0.554 0.4166666666666667 -0.0 0.07 -0.11122222222222218 0.75 0.922 -0.87 0.112 0.007000000000000006 0.6666666666666666 0.945 -0.94 -0.94 0.24857142857142858 0.5833333333333334 0.99 -0.6 -0.07 0.009299999999999998 0.8333333333333334 0.744 -0.88 0.744
0.0 0.0 0.0 0.0 0.0 0.0 0.0 0.0 0.0 0.0 0.0 0.0 0.0 0.0 0.0 0.0 0.0 0.0 0.0 0.0 0.0 0.0 0.0 1.0 0.0 0.85775 0.5 0.935 0.935 0.565 0.5 -0.0 0.89 0.15924999999999997 1.0 0.956 -0.78 -0.78 -0.041666666666666685 0.375 0.715 -0.79 -0.05 0.5775000000000001 0.5 0.915 0.0 0.915 0.03900000000000002 0.875 0.935 -0.99 -0.99
0.0 0.0 0.0 0.0 0.0 0.0 0.0 0.0 1.0 1.0 0.0 0.0 0.0 1.0 0.0 0.0 0.0 0.0 0.0 1.0 0.0 0.0 0.0 0.0 0.0 0.46499999999999997 1.0 0.846 0.846 0.0 0.0 -0.0 -0.0 -0.04 0.5 0.0 -0.04 -0.04 -0.4095 1.0 0.121 -0.94 -0.94 0.0 0.0 0.0 0.0 0.0 0.46099999999999997 1.0 0.744 0.0 0.744
0.0 0.0 0.0 0.0 0.0 0.0 0.0 0.0 0.0 0.0 0.0 2.0 0.0 0.0 0.0 0.0 0.0 0.0 0.0 0.0 0.0 0.0 0.0 1.0 0.0 0.276 0.5714285714285714 0.789 0.789 0.37333333333333335 0.42857142857142855 -0.0 0.79 -0.13142857142857142 1.0 0.633 -0.87 -0.74 0.027666666666666655 0.8571428571428571 0.344 -0.79 -0.79 0.014600000000000012 0.7142857142857143 0.991 -0.6 0.991 0.1407142857142857 1.0 0.935 -0.64 -0.64
0.0 0.0 0.0 0.0 0.0 0.0 0.0 0.0 0.0 0.0 0.0 0.0 0.0 0.0 0.0 0.0 0.0 0.0 0.0 0.0 0.0 0.0 0.0 1.0 0.0 0.208 0.5 0.208 0.208 0.3 0.5 -0.0 0.3 -0.2875 1.0 0.295 -0.87 0.295 0.221 1.0 0.239 0.0 0.239 -0.27549999999999997 1.0 0.049 -0.6 0.049 0.20299999999999999 1.0 0.346 0.0 0.346
0.0 0.0 0.0 0.0 0.0 0.0 0.0 0.0 0.0 0.0 0.0 0.0 0.0 0.0 0.0 0.0 0.0 0.0 0.0 0.0 0.0 0.0 0.0 1.0 0.0 0.5715 0.5 0.935 0.935 0.22499999999999998 0.5 -0.0 0.15 0.0027500000000000024 1.0 0.956 -0.87 -0.37 0.20866666666666667 0.75 0.239 0.0 0.184 -0.297 0.75 0.049 -0.6 -0.34 0.315 1.0 0.914 -0.06 -0.06
0.0 0.0 0.0 0.0 0.0 0.0 0.0 0.0 0.0 0.0 0.0 1.0 0.0 1.0 0.0 0.0 0.0 0.0 0.0 0.0 0.0 0.0 0.0 1.0 0.0 0.35450000000000004 0.6666666666666666 0.935 0.055 0.33199999999999996 0.3333333333333333 -0.0 0.09 0.002416666666666664 0.8 0.956 -0.87 -0.12 0.06211111111111113 0.6 0.239 -0.94 0.154 0.03712500000000002 0.5333333333333333 0.561 -0.6 0.076 0.17379999999999998 1.0 0.914 -0.62 0.088
0.0 0.0 0.0 0.0 0.0 0.0 0.0 0.0 0.0 0.0 0.0 0.0 0.0 1.0 0.0 0.0 0.0 0.0 0.0 0.0 0.0 0.0 0.0 1.0 0.0 0.713 0.5 0.713 0.713 0.3 0.5 -0.0 0.3 -0.08400000000000002 1.0 0.702 -0.87 0.702 -0.2235 1.0 0.203 -0.65 -0.65 -0.6 0.5 0.0 -0.6 -0.6 0.42400000000000004 1.0 0.788 0.0 0.788
0.0 0.0 0.0 0.0 0.0 0.0 0.0 0.0 1.0 0.0 0.0 0.0 0.0 2.0 0.0 0.0 0.0 0.0 0.0 0.0 0.0 0.0 0.0 1.0 0.0 0.5342 0.8333333333333334 0.846 0.103 0.76 0.16666666666666666 -0.0 0.76 0.04399999999999999 0.6666666666666666 0.702 -0.72 0.098 -0.4138 0.8333333333333334 0.296 -0.94 0.165 0.15733333333333333 0.5 0.752 -0.15 -0.13 0.3615 1.0 0.788 -0.81 0.284
0.0 0.0 0.0 0.0 0.0 0.0 0.0 0.0 0.0 0.0 0.0 0.0 0.0 1.0 0.0 0.0 0.0 0.0 0.0 0.0 0.0 0.0 0.0 1.0 0.0 0.6089 0.7692307692307693 0.939 0.935 0.3466666666666667 0.23076923076923078 -0.0 0.84 0.30727272727272725 0.8461538461538461 0.968 -0.91 -0.91 0.10355555555555553 0.6923076923076923 0.979 -0.79 -0.74 -0.158 0.38461538461538464 0.081 -0.75 -0.75 0.33799999999999997 0.7692307692307693 0.947 -0.87 -0.87
0.0 0.0 0.0 0.0 0.0 1.0 0.0 0.0 0.0 0.0 0.0 1.0 0.0 0.0 0.0 0.0 0.0 0.0 0.0 0.0 0.0 0.0 1.0 0.0 0.0 0.6755000000000001 0.8 0.935 0.097 0.84 0.2 -0.0 0.84 0.265 0.8 0.971 -0.95 0.083 0.594 0.6 0.843 0.0 0.179 -0.13 0.2 0.0 -0.13 -0.13 0.30175 0.8 0.914 -0.73 0.256
0.0 0.0 0.0 0.0 0.0 0.0 0.0 0.0 0.0 0.0 0.0 1.0 0.0 1.0 0.0 0.0 0.0 0.0 0.0 0.0 0.0 0.0 0.0 0.0 0.0 0.306 0.6 0.789 0.034 0.825 0.4 -0.0 0.85 -0.26675000000000004 0.8 0.633 -0.8 -0.8 -0.158 0.6 0.171 -0.79 0.171 -0.2813333333333334 0.6 0.056 -0.8 -0.8 0.08550000000000002 0.8 0.935 -0.96 -0.96
0.0 0.0 0.0 0.0 0.0 0.0 1.0 0.0 0.0 0.0 0.0 0.0 0.0 0.0 0.0 0.0 0.0 0.0 0.0 0.0 0.0 1.0 0.0 0.0 0.0 0.4258 0.8333333333333334 0.931 0.157 0.3 0.16666666666666666 -0.0 0.3 0.16500000000000006 0.8333333333333334 0.898 -0.87 -0.87 0.1506666666666667 1.0 0.964 -0.79 0.203 -0.27199999999999996 0.3333333333333333 0.056 -0.6 -0.6 0.3176 0.8333333333333334 0.935 0.0 0.06
0.0 0.0 0.0 0.0 0.0 0.0 0.0 0.0 0.0 0.0 0.0 0.0 0.0 0.0 0.0 0.0 0.0 0.0 0.0 0.0 0.0 0.0 0.0 1.0 0.0 0.24675 0.8 0.846 0.846 0.76 0.2 -0.0 0.76 -0.20325 0.8 0.057 -0.72 -0.72 -0.11249999999999999 0.8 0.178 -0.94 -0.94 0.118 0.8 0.752 -0.12 0.752 0.08159999999999998 1.0 0.744 -0.81 -0.81
0.0 0.0 0.0 0.0 2.0 0.0 1.0 0.0 0.0 0.0 0.0 2.0 0.0 1.0 0.0 0.0 0.0 0.0 0.0 0.0 0.0 1.0 0.0 0.0 0.0 0.611125 0.5714285714285714 0.935 0.766 0.6833333333333332 0.42857142857142855 -0.0 0.71 0.0648846153846154 0.9285714285714286 0.956 -0.97 0.719 0.29838461538461536 0.4642857142857143 0.945 -0.79 0.812 0.20825000000000002 0.42857142857142855 0.9 -0.8 0.612 -0.042045454545454525 0.7857142857142857 0.935 -0.97 0.768
0.0 0.0 0.0 0.0 0.0 0.0 0.0 0.0 1.0 0.0 0.0 0.0 0.0 0.0 0.0 0.0 0.0 0.0 0.0 0.0 0.0 0.0 0.0 1.0 0.0 0.5388 0.7692307692307693 0.939 0.854 0.7766666666666667 0.23076923076923078 -0.0 0.76 0.17054545454545456 0.8461538461538461 0.899 -0.96 0.899 0.21830000000000002 0.7692307692307693 0.979 -0.94 0.809 0.101 0.38461538461538464 0.752 -0.81 -0.1 -0.0027777777777777896 0.6923076923076923 0.935 -0.85 0.212
0.0 0.0 0.0 0.0 0.0 0.0 0.0 0.0 0.0 0.0 0.0 0.0 0.0 0.0 0.0 0.0 0.0 0.0 0.0 0.0 0.0 0.0 0.0 1.0 0.0 0.39625 0.8888888888888888 0.943 0.113 0.81 0.1111111111111111 -0.0 0.8 0.16728571428571426 0.7777777777777778 0.956 -0.85 0.068 0.42600000000000005 0.7222222222222222 0.979 0.0 0.129 0.2773333333333333 0.16666666666666666 0.983 -0.2 0.983 0.1366923076923077 0.7222222222222222 0.914 -0.79 0.143
0.0 0.0 0.0 0.0 0.0 0.0 0.0 0.0 0.0 0.0 0.0 0.0 0.0 0.0 0.0 0.0 0.0 0.0 0.0 0.0 0.0 0.0 0.0 1.0 0.0 0.863 0.8 0.935 0.758 0.88 0.2 -0.0 0.88 0.8250000000000001 0.6 0.956 0.0 0.618 0.3236666666666667 0.6 0.904 -0.75 -0.75 0.948 0.2 0.948 0.0 0.948 0.47550000000000003 0.8 0.914 -0.81 0.902
0.0 0.0 0.0 0.0 0.0 0.0 0.0 0.0 0.0 0.0 0.0 0.0 0.0 0.0 0.0 0.0 0.0 0.0 0.0 0.0 0.0 0.0 0.0 1.0 0.0 0.0 0.0 0.0 0.0 0.53 1.0 -0.0 0.76 -0.835 1.0 0.0 -0.87 -0.8 0.203 0.5 0.203 0.0 0.203 -0.6 0.5 0.0 -0.6 -0.6 -0.32999999999999996 1.0 0.06 -0.72 -0.72
0.0 0.0 0.0 0.0 0.0 0.0 0.0 0.0 0.0 0.0 0.0 0.0 0.0 0.0 0.0 0.0 0.0 0.0 0.0 0.0 0.0 0.0 0.0 1.0 0.0 0.5085 1.0 0.943 0.074 0.0 0.0 -0.0 -0.0 0.057 0.5 0.057 0.0 0.057 0.5419999999999999 1.0 0.943 0.0 0.141 -0.06 0.5 0.0 -0.06 -0.06 0.162 0.5 0.162 0.0 0.162
0.0 0.0 0.0 0.0 0.0 0.0 0.0 0.0 0.0 0.0 0.0 0.0 0.0 0.0 0.0 0.0 0.0 0.0 0.0 0.0 0.0 0.0 0.0 1.0 0.0 0.5612 1.0 0.935 0.084 0.0 0.0 -0.0 -0.0 0.5568000000000001 1.0 0.956 -0.11 -0.11 -0.11933333333333335 0.6 0.283 -0.88 0.283 -0.0555 0.4 0.049 -0.16 -0.16 0.611 1.0 0.914 0.0 0.331
0.0 0.0 0.0 0.0 0.0 0.0 0.0 0.0 0.0 0.0 0.0 0.0 0.0 0.0 0.0 0.0 0.0 0.0 0.0 0.0 0.0 0.0 0.0 1.0 0.0 0.5721999999999999 1.0 0.853 0.853 0.0 0.0 -0.0 -0.0 0.6122 1.0 0.955 0.0 0.955 0.18466666666666662 0.6 0.776 -0.79 -0.79 -0.22 0.2 0.0 -0.22 -0.22 0.5317500000000001 0.8 0.935 0.0 0.751
0.0 0.0 1.0 0.0 0.0 0.0 2.0 0.0 0.0 0.0 0.0 0.0 0.0 0.0 0.0 0.0 0.0 0.0 0.0 0.0 0.0 1.0 0.0 0.0 0.0 0.11299999999999999 1.0 0.123 0.103 0.0 0.0 -0.0 -0.0 0.147 0.5 0.147 0.0 0.147 0.1095 1.0 0.126 0.0 0.093 -0.09 0.5 0.0 -0.09 -0.09 0.2135 1.0 0.314 0.0 0.113
0.0 0.0 0.0 0.0 0.0 0.0 0.0 0.0 0.0 0.0 0.0 0.0 0.0 0.0 0.0 0.0 0.0 0.0 0.0 0.0 0.0 0.0 0.0 1.0 0.0 0.688 0.625 0.935 0.806 0.42 0.375 -0.0 0.65 0.23212500000000003 1.0 0.956 -0.86 -0.86 0.1776 0.625 0.776 -0.79 0.715 0.36333333333333334 0.375 0.609 -0.08 0.609 0.2735 0.75 0.935 -0.62 -0.5
0.0 0.0 0.0 0.0 0.0 0.0 0.0 0.0 0.0 0.0 0.0 0.0 0.0 0.0 0.0 0.0 0.0 0.0 0.0 0.0 0.0 0.0 0.0 0.0 0.0 0.572 1.0 0.849 0.806 0.0 0.0 -0.0 -0.0 0.596 1.0 0.922 -0.04 0.906 0.5336666666666666 1.0 0.776 0.0 0.715 0.0 0.0 0.0 0.0 0.0 0.456 0.6666666666666666 0.796 0.0 0.796
0.0 0.0 1.0 0.0 0.0 0.0 35.0 0.0 0.0 0.0 0.0 0.0 0.0 0.0 0.0 0.0 0.0 0.0 0.0 0.0 0.0 1.0 0.0 0.0 0.0 0.9 0.3333333333333333 0.9 0.9 0.77 0.6666666666666666 -0.0 0.66 -0.013000000000000012 0.6666666666666666 0.754 -0.78 -0.78 0.981 0.3333333333333333 0.981 0.0 0.981 0.585 0.3333333333333333 0.585 0.0 0.585 -0.18133333333333335 1.0 0.966 -0.88 -0.63
0.0 0.0 0.0 0.0 0.0 1.0 0.0 0.0 0.0 1.0 0.0 0.0 0.0 0.0 0.0 0.0 0.0 0.0 0.0 1.0 0.0 0.0 0.0 0.0 0.0 0.6475 0.8 0.833 0.208 0.58 0.2 -0.0 0.58 0.40099999999999997 1.0 0.92 -0.58 0.295 -0.5527500000000001 0.8 0.239 -0.88 0.239 0.30500000000000005 0.4 0.561 0.0 0.049 0.33899999999999997 0.8 0.935 -0.62 0.346
0.0 0.0 0.0 0.0 0.0 0.0 0.0 0.0 0.0 0.0 0.0 0.0 0.0 0.0 0.0 0.0 0.0 0.0 0.0 0.0 0.0 0.0 0.0 1.0 0.0 0.572 0.75 0.849 0.806 0.58 0.25 -0.0 0.58 0.30200000000000005 1.0 0.922 -0.58 0.906 0.5336666666666666 0.75 0.776 0.0 0.715 0.561 0.25 0.561 0.0 0.561 0.09733333333333334 0.75 0.796 -0.62 0.796
0.0 0.0 0.0 0.0 0.0 0.0 0.0 0.0 0.0 0.0 0.0 0.0 0.0 0.0 0.0 0.0 0.0 0.0 0.0 0.0 0.0 0.0 0.0 1.0 0.0 0.8015 1.0 0.857 0.746 0.0 0.0 -0.0 -0.0 0.8140000000000001 1.0 0.905 0.0 0.723 0.773 0.5 0.773 0.0 0.773 0.0 0.0 0.0 0.0 0.0 0.8305 1.0 0.892 0.0 0.769
0.0 0.0 0.0 0.0 0.0 0.0 1.0 0.0 0.0 0.0 0.0 2.0 0.0 0.0 0.0 0.0 0.0 0.0 0.0 0.0 0.0 1.0 0.0 0.0 0.0 0.42160000000000003 0.8333333333333334 0.746 0.744 0.06 0.16666666666666666 -0.0 0.06 0.405 1.0 0.805 -0.08 0.805 0.037799999999999986 0.8333333333333334 0.597 -0.72 -0.72 -0.09033333333333333 0.5 0.049 -0.23 0.049 0.37716666666666665 1.0 0.769 -0.14 0.699
0.0 0.0 0.0 0.0 0.0 0.0 0.0 0.0 0.0 0.0 0.0 1.0 0.0 1.0 0.0 0.0 0.0 0.0 0.0 0.0 0.0 0.0 0.0 1.0 0.0 0.5825 1.0 0.907 0.75 0.0 0.0 -0.0 -0.0 0.506 1.0 0.922 -0.04 0.519 0.21279999999999996 0.8333333333333334 0.858 -0.99 -0.99 -0.11 0.16666666666666666 0.0 -0.11 -0.11 0.524 0.6666666666666666 0.959 0.0 0.741
0.0 0.0 0.0 0.0 0.0 0.0 0.0 0.0 0.0 0.0 0.0 0.0 0.0 0.0 0.0 0.0 0.0 0.0 0.0 0.0 0.0 0.0 0.0 1.0 0.0 0.62625 0.8 0.849 0.806 0.65 0.2 -0.0 0.65 0.3122000000000001 1.0 0.922 -0.86 -0.86 0.20274999999999999 0.8 0.776 -0.79 0.715 0.609 0.2 0.609 0.0 0.609 0.33675000000000005 0.8 0.935 -0.5 -0.5
0.0 0.0 0.0 0.0 0.0 0.0 1.0 0.0 0.0 0.0 0.0 0.0 0.0 0.0 0.0 0.0 0.0 0.0 0.0 0.0 0.0 1.0 0.0 0.0 0.0 0.6154999999999999 1.0 0.849 0.806 0.0 0.0 -0.0 -0.0 0.62775 1.0 0.922 -0.04 0.906 0.5336666666666666 0.75 0.776 0.0 0.715 0.0 0.0 0.0 0.0 0.0 0.5603333333333333 0.75 0.796 0.0 0.796
0.0 0.0 0.0 0.0 0.0 0.0 0.0 0.0 0.0 0.0 0.0 0.0 0.0 0.0 0.0 0.0 0.0 0.0 0.0 0.0 0.0 0.0 0.0 0.0 0.0 0.422 0.6666666666666666 0.746 0.746 0.66 0.3333333333333333 -0.0 0.66 -0.0050000000000000044 1.0 0.723 -0.78 0.723 0.338 0.3333333333333333 0.338 0.0 0.338 0.1875 0.6666666666666666 0.585 -0.21 -0.21 0.12366666666666666 1.0 0.769 -0.63 0.769
0.0 0.0 0.0 0.0 0.0 0.0 0.0 0.0 0.0 0.0 0.0 0.0 0.0 0.0 0.0 0.0 0.0 0.0 0.0 0.0 0.0 0.0 0.0 1.0 0.0 0.8061428571428572 0.875 0.968 0.768 0.93 0.125 -0.0 0.93 0.7715 0.75 0.956 0.0 0.62 -0.301 0.625 0.946 -0.99 -0.91 -0.4305 0.25 0.049 -0.91 -0.91 0.5585714285714286 0.875 0.99 -0.95 0.766
0.0 0.0 0.0 0.0 0.0 0.0 0.0 0.0 0.0 0.0 0.0 0.0 0.0 0.0 0.0 0.0 0.0 0.0 0.0 0.0 0.0 0.0 0.0 1.0 0.0 0.42400000000000004 0.9375 0.849 0.125 0.58 0.0625 -0.0 0.58 0.3471666666666667 0.75 0.922 -0.58 -0.06 0.23791666666666667 0.75 0.858 -0.79 0.211 0.010166666666666666 0.375 0.561 -0.14 -0.12 0.30125 0.75 0.935 -0.62 0.286
0.0 0.0 0.0 0.0 0.0 0.0 1.0 0.0 0.0 0.0 0.0 0.0 0.0 0.0 0.0 0.0 0.0 0.0 0.0 0.0 0.0 1.0 0.0 0.0 0.0 0.297 0.5 0.297 0.297 0.78 0.5 -0.0 0.78 -0.1175 1.0 0.515 -0.75 0.515 0.568 0.5 0.568 0.0 0.568 0.3 1.0 0.82 -0.22 -0.22 0.331 0.5 0.331 0.0 0.331
0.0 0.0 0.0 0.0 0.0 0.0 0.0 0.0 0.0 0.0 0.0 0.0 0.0 0.0 0.0 0.0 0.0 0.0 0.0 0.0 0.0 0.0 0.0 1.0 0.0 0.49559999999999993 0.7142857142857143 0.849 0.806 0.725 0.2857142857142857 -0.0 0.87 0.12514285714285714 1.0 0.922 -0.99 0.906 0.48519999999999996 0.7142857142857143 0.776 0.0 0.715 -0.07966666666666665 0.42857142857142855 0.561 -0.74 -0.06 0.23959999999999998 0.7142857142857143 0.796 -0.62 0.796
0.0 0.0 0.0 0.0 0.0 0.0 0.0 0.0 0.0 0.0 0.0 0.0 0.0 0.0 0.0 0.0 0.0 0.0 0.0 0.0 0.0 0.0 0.0 1.0 0.0 0.5597200000000001 0.8333333333333334 0.947 0.032 0.512 0.16666666666666666 -0.0 0.31 0.3778214285714285 0.9333333333333333 0.984 -0.94 -0.05 0.12205555555555556 0.6 0.972 -0.99 0.082 0.20758333333333334 0.4 0.904 -0.27 0.672 0.36192592592592593 0.9 0.941 -0.75 0.073
0.0 0.0 0.0 0.0 0.0 0.0 1.0 0.0 0.0 0.0 0.0 0.0 0.0 0.0 0.0 0.0 0.0 0.0 0.0 0.0 0.0 1.0 0.0 0.0 0.0 0.66275 0.8 0.935 0.806 0.58 0.2 -0.0 0.58 0.4328 1.0 0.956 -0.58 0.906 0.5336666666666666 0.6 0.776 0.0 0.715 0.561 0.2 0.561 0.0 0.561 0.3015 0.8 0.914 -0.62 0.796
0.0 0.0 0.0 0.0 0.0 0.0 1.0 0.0 0.0 0.0 0.0 0.0 0.0 0.0 0.0 0.0 0.0 0.0 0.0 0.0 0.0 1.0 0.0 0.0 0.0 0.422 0.6666666666666666 0.746 0.098 0.66 0.3333333333333333 -0.0 0.66 -0.005000000000000016 1.0 0.723 -0.78 0.042 0.338 0.3333333333333333 0.338 0.0 0.338 0.1875 0.6666666666666666 0.585 -0.21 -0.21 0.12366666666666666 1.0 0.769 -0.63 0.232
0.0 0.0 0.0 0.0 0.0 0.0 0.0 0.0 0.0 0.0 0.0 0.0 0.0 0.0 0.0 0.0 0.0 0.0 0.0 0.0 0.0 0.0 0.0 1.0 0.0 0.5926666666666667 1.0 0.857 0.072 0.0 0.0 -0.0 -0.0 0.6196666666666667 1.0 0.907 0.0 0.047 0.453 0.6666666666666666 0.773 0.0 0.133 -0.11 0.3333333333333333 0.0 -0.11 -0.11 0.634 1.0 0.892 0.0 0.22
0.0 0.0 0.0 0.0 0.0 0.0 1.0 0.0 0.0 1.0 0.0 0.0 0.0 0.0 0.0 0.0 0.0 0.0 0.0 1.0 0.0 0.0 0.0 0.0 0.0 0.746 1.0 0.746 0.746 0.0 0.0 -0.0 -0.0 0.723 1.0 0.723 0.0 0.723 0.0 0.0 0.0 0.0 0.0 0.0 0.0 0.0 0.0 0.0 0.769 1.0 0.769 0.0 0.769
0.0 0.0 0.0 0.0 0.0 0.0 0.0 0.0 0.0 0.0 0.0 0.0 0.0 0.0 0.0 0.0 0.0 0.0 0.0 0.0 0.0 0.0 0.0 1.0 0.0 0.5603750000000001 0.6666666666666666 0.935 0.089 0.6625 0.3333333333333333 -0.0 0.65 0.12774999999999995 1.0 0.956 -0.86 -0.86 0.19733333333333328 0.5 0.776 -0.79 0.134 0.3488 0.4166666666666667 0.609 -0.06 0.609 0.1406363636363637 0.9166666666666666 0.935 -0.73 -0.5
0.0 0.0 0.0 0.0 0.0 0.0 1.0 0.0 0.0 0.0 0.0 0.0 0.0 0.0 0.0 0.0 0.0 0.0 0.0 0.0 0.0 1.0 0.0 0.0 0.0 0.5551666666666667 0.8571428571428571 0.857 0.746 0.3 0.14285714285714285 -0.0 0.3 0.3651666666666667 0.8571428571428571 0.905 -0.87 0.723 -0.016 0.8571428571428571 0.773 -0.79 0.165 -0.27999999999999997 0.42857142857142855 0.0 -0.6 -0.13 0.5725714285714286 1.0 0.935 0.0 0.769
0.0 0.0 0.0 0.0 0.0 0.0 1.0 0.0 0.0 0.0 0.0 1.0 0.0 0.0 0.0 0.0 0.0 0.0 0.0 0.0 0.0 1.0 0.0 0.0 0.0 0.63025 0.8 0.853 0.853 0.87 0.2 -0.0 0.87 0.3452 1.0 0.955 -0.91 0.955 0.776 0.2 0.776 0.0 0.776 -0.72 0.2 0.0 -0.72 -0.72 0.16 0.8 0.769 -0.99 0.751
0.0 0.0 0.0 0.0 0.0 0.0 1.0 0.0 0.0 0.0 0.0 0.0 0.0 0.0 0.0 0.0 0.0 0.0 0.0 0.0 0.0 0.0 0.0 1.0 0.0 0.4931333333333334 0.7142857142857143 0.935 0.091 0.4000000000000001 0.2857142857142857 -0.0 0.78 0.2622941176470588 0.8095238095238095 0.956 -0.78 0.17 0.283 0.5238095238095238 0.884 -0.79 0.713 0.22879999999999998 0.47619047619047616 0.82 -0.11 0.081 0.2904375 0.7619047619047619 0.958 -0.63 0.184
0.0 0.0 0.0 0.0 0.0 0.0 1.0 0.0 0.0 0.0 0.0 1.0 0.0 0.0 0.0 0.0 0.0 0.0 0.0 0.0 0.0 0.0 0.0 0.0 0.0 0.5633333333333334 0.75 0.846 0.746 0.66 0.25 -0.0 0.66 -0.0050000000000000044 0.75 0.723 -0.78 0.723 -0.30099999999999993 0.5 0.338 -0.94 0.338 0.1875 0.5 0.585 -0.21 -0.21 0.27875 1.0 0.769 -0.63 0.769
0.0 0.0 0.0 0.0 0.0 1.0 0.0 0.0 1.0 0.0 0.0 1.0 0.0 2.0 0.0 0.0 0.0 0.0 0.0 0.0 0.0 0.0 0.0 1.0 0.0 0.5056756756756758 0.8809523809523809 0.94 0.916 0.874 0.11904761904761904 -0.0 0.89 0.3141470588235294 0.8095238095238095 0.956 -0.82 0.928 0.16970000000000005 0.7142857142857143 0.979 -0.91 0.934 0.26039999999999996 0.35714285714285715 0.99 -0.18 0.99 0.3141875 0.7619047619047619 0.959 -0.94 0.898
0.0 0.0 0.0 0.0 0.0 0.0 0.0 0.0 0.0 0.0 0.0 1.0 0.0 1.0 0.0 0.0 0.0 0.0 0.0 0.0 0.0 0.0 0.0 1.0 0.0 0.105 0.6666666666666666 0.157 0.157 0.27 0.3333333333333333 -0.0 0.27 -0.23600000000000002 1.0 0.082 -0.75 0.082 0.162 1.0 0.191 0.0 0.191 -0.365 0.6666666666666666 0.0 -0.64 -0.09 0.18333333333333335 1.0 0.21 0.0 0.198
0.0 0.0 0.0 0.0 0.0 0.0 0.0 0.0 0.0 0.0 0.0 0.0 0.0 0.0 0.0 0.0 0.0 0.0 0.0 0.0 0.0 0.0 0.0 0.0 0.0 0.943 0.5 0.943 0.943 0.93 0.5 -0.0 0.93 0.0 0.0 0.0 0.0 0.0 0.943 0.5 0.943 0.0 0.943 0.937 0.5 0.937 0.0 0.937 0.0 0.0 0.0 0.0 0.0
0.0 0.0 0.0 0.0 0.0 0.0 0.0 0.0 0.0 0.0 0.0 0.0 0.0 0.0 0.0 0.0 0.0 0.0 0.0 0.0 0.0 0.0 0.0 1.0 0.0 0.105 0.5 0.105 0.105 0.27 0.5 -0.0 0.27 -0.34550000000000003 1.0 0.059 -0.75 -0.75 0.1625 1.0 0.171 0.0 0.154 -0.2975 1.0 0.045 -0.64 -0.64 0.188 1.0 0.234 0.0 0.142
0.0 0.0 0.0 0.0 0.0 0.0 0.0 0.0 0.0 0.0 0.0 0.0 0.0 0.0 0.0 0.0 0.0 0.0 0.0 0.0 0.0 0.0 0.0 1.0 0.0 0.8676666666666667 0.75 0.935 0.863 0.06 0.25 -0.0 0.06 0.604 1.0 0.956 -0.08 0.797 -0.406 0.5 0.068 -0.88 -0.88 -0.13 0.25 0.0 -0.13 -0.13 0.6455000000000001 1.0 0.914 -0.11 0.91
0.0 0.0 0.0 0.0 0.0 0.0 0.0 0.0 0.0 0.0 0.0 0.0 0.0 0.0 0.0 0.0 0.0 0.0 0.0 0.0 0.0 0.0 0.0 1.0 0.0 0.0 0.0 0.0 0.0 0.37 1.0 -0.0 0.7 -0.04 0.5 0.0 -0.04 -0.04 0.0 0.0 0.0 0.0 0.0 -0.7 0.5 0.0 -0.7 -0.7 -0.05 0.5 0.0 -0.05 -0.05
0.0 0.0 0.0 0.0 0.0 0.0 0.0 0.0 0.0 0.0 0.0 0.0 0.0 0.0 0.0 0.0 0.0 0.0 0.0 0.0 0.0 0.0 0.0 1.0 0.0 0.0 0.0 0.0 0.0 0.27 1.0 -0.0 0.27 -0.75 1.0 0.0 -0.75 -0.75 0.154 1.0 0.154 0.0 0.154 -0.64 1.0 0.0 -0.64 -0.64 0.142 1.0 0.142 0.0 0.142
0.0 0.0 0.0 0.0 0.0 0.0 0.0 0.0 0.0 0.0 0.0 0.0 0.0 0.0 0.0 0.0 0.0 0.0 0.0 0.0 0.0 0.0 0.0 1.0 0.0 0.5386 0.8333333333333334 0.887 0.037 0.57 0.16666666666666666 -0.0 0.57 0.3475 1.0 0.988 -0.52 -0.52 0.24360000000000004 0.8333333333333334 0.858 -0.7 0.082 0.524 0.16666666666666666 0.524 0.0 0.524 0.12425000000000003 0.6666666666666666 0.912 -0.69 -0.69
0.0 0.0 0.0 0.0 0.0 0.0 0.0 0.0 0.0 0.0 0.0 0.0 0.0 0.0 0.0 0.0 0.0 0.0 0.0 0.0 0.0 0.0 0.0 1.0 0.0 0.0 0.0 0.0 0.0 0.87 1.0 -0.0 0.87 -0.84 1.0 0.0 -0.84 -0.84 0.0 0.0 0.0 0.0 0.0 -0.96 1.0 0.0 -0.96 -0.96 -0.82 1.0 0.0 -0.82 -0.82
0.0 0.0 0.0 0.0 0.0 0.0 0.0 0.0 0.0 0.0 0.0 0.0 0.0 0.0 0.0 0.0 0.0 0.0 0.0 0.0 0.0 0.0 0.0 1.0 0.0 0.5386 0.8333333333333334 0.887 0.037 0.57 0.16666666666666666 -0.0 0.57 0.3475 1.0 0.988 -0.52 -0.52 0.24360000000000004 0.8333333333333334 0.858 -0.7 0.082 0.524 0.16666666666666666 0.524 0.0 0.524 0.12425000000000003 0.6666666666666666 0.912 -0.69 -0.69
0.0 0.0 0.0 0.0 0.0 0.0 0.0 0.0 0.0 0.0 0.0 0.0 0.0 0.0 0.0 0.0 0.0 0.0 0.0 0.0 0.0 0.0 0.0 1.0 0.0 0.412 0.5 0.739 0.739 0.08 0.5 -0.0 0.1 0.08033333333333333 0.75 0.501 -0.18 0.501 -0.1505 1.0 0.14 -0.74 -0.74 -0.085 0.5 0.0 -0.13 -0.04 0.207 1.0 0.973 -0.2 0.973
0.0 0.0 0.0 0.0 0.0 0.0 0.0 0.0 0.0 0.0 0.0 1.0 0.0 0.0 0.0 0.0 0.0 0.0 0.0 0.0 0.0 0.0 0.0 0.0 0.0 0.67 0.8333333333333334 0.939 0.753 0.06 0.16666666666666666 -0.0 0.06 0.44566666666666666 1.0 0.899 -0.08 0.541 0.0805 1.0 0.979 -0.86 -0.86 -0.115 0.3333333333333333 0.0 -0.13 -0.13 0.47824999999999995 0.6666666666666666 0.935 -0.11 0.85
0.0 0.0 0.0 0.0 0.0 0.0 1.0 0.0 0.0 0.0 0.0 0.0 0.0 0.0 0.0 0.0 0.0 0.0 0.0 0.0 0.0 1.0 0.0 0.0 0.0 0.807 0.5 0.807 0.807 0.04 0.5 -0.0 0.04 0.3555 1.0 0.751 -0.04 0.751 0.864 0.5 0.864 0.0 0.864 0.0 0.0 0.0 0.0 0.0 -0.05 0.5 0.0 -0.05 -0.05
0.0 0.0 0.0 0.0 0.0 0.0 0.0 0.0 0.0 0.0 0.0 0.0 0.0 0.0 0.0 0.0 0.0 0.0 0.0 0.0 0.0 0.0 0.0 1.0 0.0 0.0 0.0 0.0 0.0 0.04 1.0 -0.0 0.04 -0.04 1.0 0.0 -0.04 -0.04 0.0 0.0 0.0 0.0 0.0 0.0 0.0 0.0 0.0 0.0 -0.05 1.0 0.0 -0.05 -0.05
0.0 0.0 0.0 0.0 0.0 1.0 0.0 0.0 0.0 0.0 0.0 0.0 0.0 0.0 0.0 0.0 0.0 0.0 0.0 0.0 0.0 0.0 1.0 0.0 0.0 0.874 0.6 0.939 0.906 0.045 0.4 -0.0 0.03 0.4958 1.0 0.94 -0.08 0.94 0.18839999999999996 1.0 0.979 -0.87 -0.87 -0.024 0.4 0.082 -0.13 0.082 -0.09 0.4 0.0 -0.11 -0.07
0.0 0.0 0.0 0.0 0.0 0.0 0.0 0.0 0.0 0.0 0.0 0.0 0.0 1.0 0.0 0.0 0.0 0.0 0.0 0.0 0.0 0.0 0.0 1.0 0.0 0.2985 0.46153846153846156 0.789 0.044 0.48 0.5384615384615384 -0.0 0.81 -0.1750769230769231 1.0 0.702 -0.99 -0.1 -0.12171428571428573 0.5384615384615384 0.272 -0.79 0.272 0.227875 0.6153846153846154 0.721 -0.2 -0.14 -0.06433333333333333 0.9230769230769231 0.935 -0.88 0.15
0.0 0.0 0.0 0.0 0.0 0.0 0.0 0.0 0.0 0.0 0.0 1.0 0.0 0.0 0.0 0.0 0.0 0.0 0.0 0.0 0.0 0.0 0.0 1.0 0.0 0.35600000000000004 0.75 0.878 0.099 0.74 0.25 -0.0 0.74 0.024500000000000022 1.0 0.812 -0.94 -0.94 0.579 0.5 0.984 0.0 0.174 0.18600000000000003 0.75 0.557 -0.08 0.557 0.13975000000000004 1.0 0.838 -0.71 -0.71
0.0 0.0 0.0 0.0 0.0 1.0 0.0 0.0 0.0 0.0 0.0 0.0 0.0 0.0 0.0 0.0 0.0 0.0 0.0 0.0 0.0 0.0 1.0 0.0 0.0 0.042 0.5 0.042 0.042 0.87 0.5 -0.0 0.87 -0.5 1.0 0.0 -0.95 -0.95 0.076 0.5 0.076 0.0 0.076 0.793 0.5 0.793 0.0 0.793 0.107 0.5 0.107 0.0 0.107
0.0 0.0 0.0 0.0 0.0 0.0 0.0 0.0 2.0 0.0 0.0 0.0 0.0 1.0 0.0 0.0 0.0 0.0 0.0 0.0 0.0 0.0 0.0 1.0 0.0 0.6164999999999999 0.75 0.935 0.811 0.47750000000000004 0.25 -0.0 0.07 0.40692307692307683 0.8125 0.956 -0.78 0.722 0.1608 0.625 0.906 -0.94 -0.76 0.2768 0.3125 0.741 -0.09 0.025 0.26166666666666666 0.75 0.96 -0.8 0.946
0.0 0.0 0.0 0.0 0.0 0.0 0.0 0.0 0.0 0.0 0.0 0.0 0.0 2.0 0.0 0.0 0.0 0.0 0.0 0.0 0.0 0.0 0.0 0.0 0.0 0.46874999999999994 0.5714285714285714 0.837 0.208 0.4533333333333333 0.42857142857142855 -0.0 0.74 -0.07450000000000001 0.8571428571428571 0.702 -0.85 -0.85 0.2065 0.5714285714285714 0.938 -0.65 0.239 0.271 0.5714285714285714 0.584 -0.11 0.584 0.09514285714285713 1.0 0.788 -0.79 -0.79
0.0 0.0 0.0 0.0 1.0 0.0 0.0 0.0 0.0 0.0 0.0 0.0 0.0 0.0 0.0 0.0 0.0 0.0 0.0 0.0 0.0 0.0 0.0 0.0 1.0 0.935 0.25 0.935 0.935 0.5433333333333333 0.75 -0.0 0.9 -0.14100000000000001 1.0 0.956 -0.91 -0.91 0.068 0.25 0.068 0.0 0.068 -0.13466666666666668 0.75 0.626 -0.9 -0.9 -0.01866666666666665 0.75 0.914 -0.86 -0.11
0.0 0.0 0.0 0.0 0.0 0.0 0.0 0.0 0.0 0.0 0.0 1.0 0.0 0.0 0.0 0.0 0.0 0.0 0.0 0.0 0.0 0.0 0.0 1.0 0.0 0.88 0.6666666666666666 0.966 0.794 0.27 0.3333333333333333 -0.0 0.27 0.31566666666666665 1.0 0.966 -0.75 0.731 -0.348 0.6666666666666666 0.154 -0.85 -0.85 -0.64 0.3333333333333333 0.0 -0.64 -0.64 0.142 0.3333333333333333 0.142 0.0 0.142
0.0 0.0 0.0 0.0 0.0 0.0 0.0 0.0 0.0 0.0 0.0 0.0 0.0 0.0 0.0 0.0 0.0 0.0 0.0 0.0 0.0 0.0 0.0 1.0 0.0 0.8099999999999999 0.42857142857142855 0.871 0.871 0.6050000000000001 0.5714285714285714 -0.0 0.27 -0.31266666666666665 0.42857142857142855 0.702 -0.82 -0.82 -0.056399999999999985 0.7142857142857143 0.856 -0.94 0.226 -0.017000000000000015 0.42857142857142855 0.869 -0.46 -0.46 0.05828571428571428 1.0 0.886 -0.99 -0.05
0.0 0.0 0.0 0.0 0.0 0.0 0.0 0.0 0.0 0.0 0.0 0.0 0.0 0.0 0.0 0.0 0.0 0.0 0.0 0.0 0.0 0.0 0.0 1.0 0.0 0.0 0.0 0.0 0.0 0.87 1.0 -0.0 0.87 -0.84 1.0 0.0 -0.84 -0.84 0.0 0.0 0.0 0.0 0.0 -0.96 1.0 0.0 -0.96 -0.96 -0.82 1.0 0.0 -0.82 -0.82
0.0 0.0 0.0 0.0 0.0 0.0 0.0 0.0 0.0 0.0 0.0 0.0 0.0 0.0 0.0 0.0 0.0 0.0 0.0 0.0 0.0 0.0 0.0 1.0 0.0 0.0 0.0 0.0 0.0 0.8600000000000001 1.0 -0.0 0.92 -0.89 0.5 0.0 -0.89 -0.89 0.0 0.0 0.0 0.0 0.0 -0.10450000000000004 1.0 0.691 -0.9 -0.9 -0.88 1.0 0.0 -0.93 -0.93
0.0 0.0 0.0 0.0 0.0 0.0 0.0 0.0 0.0 0.0 0.0 0.0 0.0 0.0 0.0 0.0 0.0 0.0 0.0 0.0 0.0 0.0 0.0 1.0 0.0 0.0 0.0 0.0 0.0 0.48 1.0 -0.0 0.48 -0.87 1.0 0.0 -0.87 -0.87 -0.66 1.0 0.0 -0.66 -0.66 0.98 1.0 0.98 0.0 0.98 -0.76 1.0 0.0 -0.76 -0.76
0.0 0.0 0.0 0.0 0.0 0.0 0.0 0.0 0.0 0.0 0.0 0.0 0.0 0.0 0.0 0.0 0.0 0.0 0.0 0.0 0.0 0.0 0.0 1.0 0.0 0.31746153846153846 0.8666666666666667 0.935 0.061 0.745 0.13333333333333333 -0.0 0.74 0.36125 0.5333333333333333 0.956 -0.82 0.1 -0.046636363636363656 0.7333333333333333 0.219 -0.87 0.098 0.1681428571428571 0.4666666666666667 0.803 -0.09 -0.06 0.2006666666666667 1.0 0.914 -0.71 0.15
0.0 0.0 0.0 0.0 0.0 0.0 0.0 0.0 0.0 0.0 0.0 0.0 0.0 1.0 0.0 0.0 0.0 0.0 0.0 0.0 0.0 0.0 0.0 1.0 0.0 0.657818181818182 0.8461538461538461 0.939 0.801 0.115 0.15384615384615385 -0.0 0.17 0.3653333333333333 0.6923076923076923 0.956 -0.25 -0.25 0.22359999999999997 0.7692307692307693 0.979 -0.94 0.728 -0.08775 0.3076923076923077 0.049 -0.17 -0.17 0.5541666666666666 0.9230769230769231 0.959 -0.11 0.874
0.0 0.0 0.0 0.0 0.0 1.0 0.0 0.0 0.0 0.0 0.0 0.0 0.0 0.0 0.0 0.0 0.0 0.0 0.0 0.0 0.0 0.0 1.0 0.0 0.0 0.846 0.5 0.846 0.846 0.89 0.5 -0.0 0.89 -0.95 0.5 0.0 -0.95 -0.95 -0.94 0.5 0.0 -0.94 -0.94 0.733 0.5 0.733 0.0 0.733 -0.118 1.0 0.744 -0.98 -0.98
0.0 0.0 0.0 0.0 0.0 0.0 1.0 0.0 0.0 0.0 0.0 0.0 0.0 0.0 0.0 0.0 0.0 0.0 0.0 0.0 0.0 1.0 0.0 0.0 0.0 0.85 1.0 0.85 0.85 0.0 0.0 -0.0 -0.0 0.85 1.0 0.85 0.0 0.85 0.0 0.0 0.0 0.0 0.0 0.0 0.0 0.0 0.0 0.0 0.0 0.0 0.0 0.0 0.0
