0.0 0.0 0.0 0.0 0.0 0.0 0.0 0.0 0.0 0.0 0.0 0.0 0.0 0.0 0.0 0.0 0.0 0.0 0.0 0.0 0.0 0.0 0.0 1.0 0.0 0.6382500000000001 1.0 0.935 0.063 0.0 0.0 -0.0 -0.0 0.8511666666666665 0.75 0.991 0.0 0.991 -0.11800000000000004 0.875 0.773 -0.88 -0.06 0.0 0.0 0.0 0.0 0.0 0.6214285714285716 0.875 0.935 0.0 0.065
0.0 0.0 0.0 0.0 0.0 0.0 0.0 0.0 0.0 0.0 0.0 0.0 0.0 0.0 0.0 0.0 0.0 0.0 0.0 0.0 0.0 0.0 0.0 1.0 0.0 0.62625 0.8 0.849 0.806 0.65 0.2 -0.0 0.65 0.3122000000000001 1.0 0.922 -0.86 -0.86 0.20274999999999999 0.8 0.776 -0.79 0.715 0.609 0.2 0.609 0.0 0.609 0.33675000000000005 0.8 0.935 -0.5 -0.5
0.0 0.0 0.0 0.0 0.0 0.0 0.0 0.0 0.0 0.0 0.0 2.0 0.0 0.0 0.0 0.0 0.0 0.0 0.0 0.0 0.0 0.0 0.0 0.0 0.0 0.46153846153846156 0.8666666666666667 0.935 0.262 0.315 0.13333333333333333 -0.0 0.58 0.41492857142857137 0.9333333333333333 0.956 -0.58 0.43 0.311 0.7333333333333333 0.964 -0.58 0.657 0.031875000000000014 0.5333333333333333 0.561 -0.28 -0.28 0.37227272727272726 0.7333333333333333 0.914 -0.62 0.244
0.0 0.0 0.0 0.0 0.0 1.0 0.0 0.0 0.0 1.0 0.0 0.0 0.0 0.0 0.0 0.0 0.0 0.0 0.0 0.0 0.0 0.0 1.0 0.0 0.0 0.6694444444444444 0.9 0.928 0.076 0.07 0.1 -0.0 0.07 0.5707777777777778 0.9 0.982 -0.07 0.025 0.012125000000000013 0.8 0.794 -0.94 0.107 -0.13 0.1 0.0 -0.13 -0.13 0.6529999999999999 0.6 0.976 0.0 0.097
0.0 0.0 0.0 0.0 0.0 0.0 0.0 0.0 0.0 0.0 0.0 0.0 0.0 0.0 0.0 0.0 0.0 0.0 0.0 0.0 0.0 0.0 0.0 1.0 0.0 0.49916666666666665 0.75 0.935 0.071 0.63 0.25 -0.0 0.07 0.1475263157894737 0.7916666666666666 0.971 -0.95 -0.07 0.05968749999999999 0.6666666666666666 0.955 -0.94 0.071 0.28788888888888886 0.375 0.816 -0.13 0.009 0.19889473684210526 0.7916666666666666 0.935 -0.85 -0.12
0.0 0.0 0.0 0.0 0.0 0.0 0.0 0.0 0.0 0.0 0.0 0.0 0.0 0.0 0.0 0.0 0.0 0.0 0.0 0.0 0.0 0.0 0.0 0.0 0.0 0.316 0.75 0.789 0.789 0.65 0.25 -0.0 0.65 -0.056249999999999994 1.0 0.633 -0.86 -0.86 -0.114 0.75 0.338 -0.79 -0.79 0.1995 0.5 0.609 -0.21 0.609 0.19575000000000004 1.0 0.935 -0.5 -0.5
0.0 0.0 0.0 0.0 0.0 0.0 1.0 0.0 0.0 0.0 0.0 0.0 0.0 0.0 0.0 0.0 0.0 0.0 0.0 0.0 0.0 1.0 0.0 0.0 0.0 0.4495 1.0 0.779 0.12 0.0 0.0 -0.0 -0.0 0.452 1.0 0.784 0.0 0.12 0.764 0.5 0.764 0.0 0.764 0.0 0.0 0.0 0.0 0.0 0.79 0.5 0.79 0.0 0.79
0.0 0.0 0.0 0.0 0.0 1.0 0.0 0.0 3.0 0.0 0.0 0.0 0.0 2.0 0.0 0.0 0.0 0.0 0.0 0.0 0.0 0.0 1.0 0.0 0.0 0.3797142857142857 0.7777777777777778 0.939 0.034 0.626 0.2222222222222222 -0.0 0.81 0.12435 0.8888888888888888 0.956 -0.95 0.032 0.1544 0.7777777777777778 0.979 -0.94 0.093 0.015708333333333328 0.5333333333333333 0.751 -0.53 -0.06 0.18012820512820513 0.8666666666666667 0.959 -0.99 0.069
0.0 0.0 0.0 0.0 0.0 0.0 1.0 0.0 0.0 0.0 0.0 0.0 0.0 0.0 0.0 0.0 0.0 0.0 0.0 0.0 0.0 1.0 0.0 0.0 0.0 0.6026666666666667 1.0 0.849 0.188 0.0 0.0 -0.0 -0.0 0.65 0.6666666666666666 0.922 0.0 0.378 0.6313333333333334 1.0 0.776 0.0 0.388 -0.21 0.3333333333333333 0.0 -0.21 -0.21 0.508 0.6666666666666666 0.813 0.0 0.203
0.0 0.0 0.0 0.0 0.0 0.0 0.0 0.0 0.0 0.0 0.0 0.0 0.0 0.0 0.0 0.0 0.0 0.0 0.0 0.0 0.0 0.0 0.0 1.0 0.0 0.6451428571428571 0.875 0.903 0.903 0.82 0.125 -0.0 0.82 0.6987142857142857 0.875 0.989 -0.04 0.989 0.17214285714285715 0.875 0.817 -0.94 0.817 0.299 0.25 0.828 -0.23 -0.23 0.5288 0.625 0.796 0.0 0.796
0.0 0.0 0.0 0.0 0.0 0.0 0.0 0.0 0.0 0.0 0.0 0.0 0.0 0.0 0.0 0.0 0.0 0.0 0.0 0.0 0.0 0.0 0.0 1.0 0.0 0.59 0.75 0.924 0.924 0.88 0.25 -0.0 0.88 0.20149999999999998 1.0 0.925 -0.92 0.925 0.589 0.5 0.949 0.0 0.949 -0.42 0.5 0.0 -0.73 -0.11 0.22175 1.0 0.899 -0.99 0.899
0.0 0.0 0.0 0.0 0.0 0.0 0.0 0.0 1.0 0.0 0.0 0.0 0.0 0.0 0.0 0.0 0.0 0.0 0.0 0.0 0.0 0.0 0.0 1.0 0.0 0.6923333333333334 0.75 0.932 0.746 0.8 0.25 -0.0 0.9 0.46528571428571425 0.875 0.905 -0.75 0.723 0.327 0.375 0.858 -0.65 0.858 0.721 0.25 0.828 0.0 0.828 0.2688571428571429 0.875 0.969 -0.97 -0.97
0.0 0.0 0.0 0.0 0.0 0.0 0.0 0.0 0.0 0.0 0.0 0.0 0.0 0.0 0.0 0.0 0.0 0.0 0.0 0.0 0.0 0.0 0.0 1.0 0.0 0.5696666666666667 0.5 0.849 0.806 0.18500000000000003 0.5 -0.0 0.05 0.17875 1.0 0.922 -0.99 0.906 0.039 0.5833333333333334 0.776 -0.79 0.715 -0.12200000000000001 0.3333333333333333 0.098 -0.74 0.077 0.32525000000000004 0.6666666666666666 0.935 -0.09 0.796
0.0 0.0 0.0 0.0 0.0 0.0 0.0 0.0 0.0 0.0 0.0 4.0 0.0 0.0 0.0 0.0 0.0 0.0 0.0 0.0 0.0 0.0 0.0 0.0 0.0 0.5929629629629631 0.9310344827586207 0.939 0.097 0.37 0.06896551724137931 -0.0 0.16 0.5506538461538462 0.896551724137931 0.956 -0.58 -0.03 0.28831818181818175 0.7586206896551724 0.979 -0.87 0.223 -0.024285714285714282 0.2413793103448276 0.561 -0.21 -0.15 0.4727142857142857 0.7241379310344828 0.935 -0.62 0.35
0.0 0.0 0.0 0.0 0.0 0.0 0.0 0.0 0.0 0.0 0.0 0.0 0.0 0.0 0.0 0.0 0.0 0.0 0.0 0.0 0.0 0.0 0.0 1.0 0.0 0.6538 0.8333333333333334 0.849 0.806 0.65 0.16666666666666666 -0.0 0.65 0.3926666666666667 1.0 0.922 -0.86 -0.86 -0.03580000000000001 0.8333333333333334 0.776 -0.99 0.715 0.609 0.16666666666666666 0.609 0.0 0.609 0.36940000000000006 0.8333333333333334 0.935 -0.5 -0.5
0.0 0.0 0.0 0.0 0.0 0.0 0.0 0.0 0.0 0.0 0.0 0.0 0.0 0.0 0.0 0.0 0.0 0.0 0.0 0.0 0.0 0.0 0.0 1.0 0.0 0.6 1.0 0.846 0.846 0.0 0.0 -0.0 -0.0 0.509 0.6666666666666666 0.723 0.0 0.295 -0.3505 0.6666666666666666 0.239 -0.94 -0.94 0.049 0.3333333333333333 0.049 0.0 0.049 0.6196666666666667 1.0 0.769 0.0 0.744
0.0 0.0 0.0 0.0 0.0 0.0 0.0 0.0 0.0 0.0 0.0 0.0 0.0 0.0 0.0 0.0 0.0 0.0 0.0 0.0 0.0 0.0 0.0 1.0 0.0 0.5596666666666666 0.75 0.849 0.819 0.675 0.25 -0.0 0.65 0.18600000000000003 1.0 0.922 -0.86 0.777 0.016999999999999998 0.75 0.776 -0.88 -0.88 0.37433333333333335 0.375 0.614 -0.1 0.609 0.2238571428571429 0.875 0.935 -0.74 0.79
0.0 0.0 0.0 0.0 0.0 0.0 1.0 0.0 0.0 0.0 0.0 0.0 0.0 0.0 0.0 0.0 0.0 0.0 0.0 0.0 0.0 1.0 0.0 0.0 0.0 0.779 1.0 0.779 0.779 0.0 0.0 -0.0 -0.0 0.784 1.0 0.784 0.0 0.784 0.764 1.0 0.764 0.0 0.764 0.0 0.0 0.0 0.0 0.0 0.79 1.0 0.79 0.0 0.79
0.0 0.0 0.0 0.0 0.0 0.0 0.0 0.0 0.0 0.0 0.0 0.0 0.0 0.0 0.0 0.0 0.0 0.0 0.0 0.0 0.0 0.0 0.0 1.0 0.0 0.596 0.8571428571428571 0.935 0.806 0.78 0.14285714285714285 -0.0 0.78 0.39685714285714285 1.0 0.956 -0.75 0.906 0.1644 0.7142857142857143 0.776 -0.95 0.715 0.36 0.2857142857142857 0.82 -0.1 0.82 0.5095000000000001 0.5714285714285714 0.914 0.0 0.796
0.0 0.0 0.0 0.0 0.0 0.0 0.0 0.0 0.0 0.0 0.0 0.0 0.0 0.0 0.0 0.0 0.0 0.0 0.0 0.0 0.0 0.0 0.0 1.0 0.0 0.62625 0.8 0.849 0.806 0.65 0.2 -0.0 0.65 0.3122000000000001 1.0 0.922 -0.86 -0.86 0.20274999999999999 0.8 0.776 -0.79 0.715 0.609 0.2 0.609 0.0 0.609 0.33675000000000005 0.8 0.935 -0.5 -0.5
0.0 0.0 0.0 0.0 0.0 0.0 0.0 0.0 0.0 0.0 0.0 0.0 0.0 0.0 0.0 0.0 0.0 0.0 0.0 0.0 0.0 0.0 0.0 1.0 0.0 0.297 1.0 0.297 0.297 0.0 0.0 -0.0 -0.0 0.515 1.0 0.515 0.0 0.515 0.568 1.0 0.568 0.0 0.568 -0.22 1.0 0.0 -0.22 -0.22 0.331 1.0 0.331 0.0 0.331
0.0 0.0 0.0 0.0 0.0 0.0 0.0 0.0 0.0 0.0 0.0 0.0 0.0 0.0 0.0 0.0 0.0 0.0 0.0 0.0 0.0 0.0 0.0 0.0 0.0 0.39785714285714285 0.7 0.849 0.806 0.2333333333333333 0.3 -0.0 0.07 0.21211111111111114 0.9 0.922 -0.58 0.906 0.31342857142857145 0.7 0.776 -0.01 0.715 0.039000000000000014 0.5 0.561 -0.23 0.084 0.237875 0.8 0.796 -0.62 -0.06
0.0 0.0 0.0 0.0 0.0 0.0 0.0 0.0 0.0 0.0 0.0 1.0 0.0 0.0 0.0 0.0 0.0 0.0 0.0 0.0 0.0 0.0 0.0 1.0 0.0 0.756 0.5 0.756 0.756 0.3 0.5 -0.0 0.3 -0.05199999999999999 1.0 0.766 -0.87 0.766 0.475 1.0 0.747 0.0 0.747 -0.6 0.5 0.0 -0.6 -0.6 0.06 0.5 0.06 0.0 0.06
0.0 0.0 0.0 0.0 0.0 0.0 0.0 0.0 0.0 0.0 0.0 0.0 0.0 0.0 0.0 0.0 0.0 0.0 0.0 0.0 0.0 0.0 0.0 0.0 0.0 0.48819999999999997 0.625 0.935 0.29 0.7066666666666667 0.375 -0.0 0.93 0.132 0.75 0.956 -0.95 0.405 0.28925 0.5 0.638 0.0 0.638 0.1604 0.625 0.98 -0.6 -0.36 0.11575 1.0 0.914 -0.98 0.484
0.0 0.0 0.0 0.0 0.0 0.0 0.0 0.0 0.0 0.0 0.0 0.0 0.0 0.0 0.0 0.0 0.0 0.0 0.0 0.0 0.0 0.0 0.0 1.0 0.0 0.115 0.25 0.115 0.115 0.6166666666666667 0.75 -0.0 0.81 -0.67525 1.0 0.059 -0.95 -0.95 0.23850000000000002 0.5 0.274 0.0 0.274 0.14200000000000002 1.0 0.721 -0.6 0.721 -0.289 1.0 0.244 -0.75 -0.75
0.0 0.0 0.0 0.0 0.0 0.0 0.0 0.0 0.0 0.0 0.0 0.0 0.0 1.0 0.0 0.0 0.0 0.0 0.0 0.0 0.0 0.0 0.0 0.0 0.0 0.6998 0.8333333333333334 0.935 0.073 0.3 0.16666666666666666 -0.0 0.3 0.44375 0.6666666666666666 0.961 -0.87 0.961 0.1938 0.8333333333333334 0.916 -0.94 0.077 -0.6 0.16666666666666666 0.0 -0.6 -0.6 0.567 1.0 0.914 0.0 0.068
0.0 0.0 0.0 0.0 0.0 0.0 0.0 0.0 0.0 0.0 0.0 0.0 0.0 0.0 0.0 0.0 0.0 0.0 0.0 0.0 0.0 0.0 0.0 1.0 0.0 0.9395 0.5 0.94 0.939 0.55 0.5 -0.0 0.8 0.04050000000000001 1.0 0.933 -0.87 -0.8 0.591 0.5 0.979 0.0 0.979 -0.6 0.25 0.0 -0.6 -0.6 0.503 0.5 0.946 0.0 0.946
0.0 0.0 0.0 0.0 0.0 0.0 0.0 0.0 0.0 0.0 0.0 0.0 0.0 0.0 0.0 0.0 0.0 0.0 0.0 0.0 0.0 0.0 0.0 1.0 0.0 0.433 0.5 0.771 0.095 0.53 0.5 -0.0 0.76 -0.7949999999999999 0.5 0.0 -0.87 -0.72 0.38066666666666665 0.75 0.842 0.0 0.097 0.07600000000000001 0.5 0.752 -0.6 0.752 0.010749999999999961 1.0 0.701 -0.81 0.092
0.0 0.0 0.0 0.0 0.0 0.0 0.0 0.0 0.0 0.0 0.0 0.0 0.0 0.0 0.0 0.0 0.0 0.0 0.0 0.0 0.0 0.0 0.0 1.0 0.0 0.6695 0.6666666666666666 0.935 0.935 0.615 0.3333333333333333 -0.0 0.93 0.3474 0.8333333333333334 0.956 -0.87 0.956 -0.11599999999999999 0.5 0.239 -0.79 0.239 0.14300000000000002 0.5 0.98 -0.6 0.98 0.35733333333333345 1.0 0.935 -0.88 -0.88
0.0 0.0 0.0 0.0 0.0 0.0 0.0 0.0 0.0 0.0 0.0 0.0 0.0 0.0 0.0 0.0 0.0 0.0 0.0 0.0 0.0 0.0 0.0 1.0 0.0 0.845 0.5 0.845 0.845 0.3 0.5 -0.0 0.3 -0.0695 1.0 0.731 -0.87 0.731 0.203 0.5 0.203 0.0 0.203 -0.6 0.5 0.0 -0.6 -0.6 0.51 1.0 0.96 0.0 0.96
0.0 0.0 0.0 0.0 0.0 0.0 0.0 0.0 0.0 0.0 0.0 0.0 0.0 1.0 0.0 0.0 0.0 0.0 0.0 0.0 0.0 0.0 0.0 1.0 0.0 0.6161666666666666 0.6666666666666666 0.935 0.893 0.5933333333333334 0.3333333333333333 -0.0 0.16 0.15962500000000002 0.8888888888888888 0.956 -0.85 0.945 -0.16225 0.4444444444444444 0.996 -0.94 0.996 0.30279999999999996 0.5555555555555556 0.833 -0.13 -0.09 0.4831428571428571 0.7777777777777778 0.914 -0.16 0.737
0.0 0.0 0.0 0.0 0.0 0.0 0.0 0.0 0.0 0.0 0.0 0.0 0.0 0.0 0.0 0.0 0.0 0.0 0.0 0.0 0.0 0.0 0.0 1.0 0.0 0.6343333333333333 0.6 0.935 0.895 0.53 0.4 -0.0 0.76 0.06525 0.8 0.956 -0.87 0.895 0.159 0.4 0.203 0.0 0.115 0.014000000000000012 0.6 0.752 -0.6 0.752 0.09475 0.8 0.914 -0.81 -0.81
0.0 0.0 0.0 0.0 0.0 0.0 0.0 0.0 0.0 0.0 0.0 0.0 0.0 0.0 0.0 0.0 0.0 0.0 0.0 0.0 0.0 0.0 0.0 1.0 0.0 0.4827 0.6666666666666666 0.935 0.166 0.7220000000000001 0.3333333333333333 -0.0 0.93 0.3255454545454545 0.7333333333333333 0.956 -0.71 -0.02 -0.17322222222222225 0.6 0.568 -0.79 0.333 -0.2773333333333334 0.6 0.883 -0.93 -0.21 0.23599999999999993 0.8666666666666667 0.935 -0.95 0.384
0.0 0.0 0.0 0.0 1.0 0.0 0.0 0.0 0.0 0.0 0.0 0.0 0.0 0.0 0.0 0.0 0.0 0.0 1.0 0.0 0.0 0.0 0.0 0.0 1.0 0.0 0.0 0.0 0.0 0.3 1.0 -0.0 0.3 -0.87 1.0 0.0 -0.87 -0.87 0.203 1.0 0.203 0.0 0.203 -0.6 1.0 0.0 -0.6 -0.6 0.06 1.0 0.06 0.0 0.06
0.0 0.0 0.0 0.0 0.0 0.0 0.0 0.0 0.0 0.0 0.0 0.0 0.0 0.0 0.0 0.0 0.0 0.0 0.0 0.0 0.0 0.0 0.0 1.0 0.0 0.26799999999999996 0.625 0.833 0.833 0.37000000000000005 0.375 -0.0 0.03 -0.07071428571428567 0.875 0.92 -0.95 -0.05 -0.015285714285714295 0.875 0.239 -0.88 -0.04 -0.04149999999999999 0.5 0.475 -0.6 -0.09 0.06974999999999999 1.0 0.695 -0.91 -0.09
0.0 0.0 0.0 0.0 1.0 0.0 0.0 0.0 0.0 0.0 0.0 0.0 0.0 0.0 0.0 0.0 0.0 0.0 0.0 0.0 0.0 0.0 0.0 0.0 1.0 0.061 0.25 0.061 0.061 0.6466666666666666 0.75 -0.0 0.88 -0.60475 1.0 0.041 -0.98 0.041 0.14650000000000002 0.5 0.203 0.0 0.09 0.31224999999999997 1.0 0.983 -0.6 0.01 -0.33399999999999996 1.0 0.124 -0.82 0.124
0.0 0.0 0.0 0.0 0.0 0.0 0.0 0.0 0.0 1.0 0.0 0.0 0.0 0.0 0.0 0.0 0.0 0.0 0.0 1.0 0.0 0.0 0.0 0.0 0.0 0.0 0.0 0.0 0.0 0.3 1.0 -0.0 0.3 -0.87 1.0 0.0 -0.87 -0.87 0.203 1.0 0.203 0.0 0.203 -0.6 1.0 0.0 -0.6 -0.6 0.06 1.0 0.06 0.0 0.06
0.0 1.0 0.0 0.0 1.0 0.0 0.0 0.0 0.0 0.0 1.0 0.0 0.0 0.0 0.0 0.0 0.0 0.0 0.0 0.0 0.0 0.0 0.0 1.0 0.0 0.536 0.6666666666666666 0.943 0.208 0.22499999999999998 0.3333333333333333 -0.0 0.15 -0.015800000000000015 0.8333333333333334 0.956 -0.87 -0.37 0.37099999999999994 0.8333333333333334 0.943 0.0 0.184 -0.26775 0.6666666666666666 0.049 -0.6 -0.34 0.2974 0.8333333333333334 0.914 -0.06 -0.06
0.0 0.0 0.0 0.0 0.0 0.0 0.0 0.0 0.0 0.0 0.0 0.0 0.0 1.0 0.0 0.0 0.0 0.0 0.0 0.0 0.0 0.0 0.0 0.0 0.0 0.4719999999999999 0.8214285714285714 0.935 0.746 0.664 0.17857142857142858 -0.0 0.58 0.19031818181818183 0.7857142857142857 0.956 -0.87 0.723 -0.1675 0.7142857142857143 0.888 -0.94 0.141 0.1427272727272727 0.39285714285714285 0.98 -0.6 -0.06 0.3522307692307693 0.9285714285714286 0.935 -0.88 0.769
0.0 0.0 0.0 0.0 0.0 0.0 0.0 0.0 0.0 0.0 0.0 1.0 0.0 1.0 0.0 0.0 0.0 0.0 0.0 0.0 0.0 0.0 0.0 1.0 0.0 0.5511999999999999 0.9090909090909091 0.935 0.748 0.3 0.09090909090909091 -0.0 0.3 0.386 0.8181818181818182 0.956 -0.87 0.777 -0.12066666666666664 0.8181818181818182 0.888 -0.94 -0.85 -0.345 0.18181818181818182 0.0 -0.6 -0.09 0.42577777777777776 0.8181818181818182 0.914 0.0 0.615
0.0 0.0 0.0 0.0 0.0 0.0 0.0 0.0 0.0 0.0 0.0 0.0 0.0 0.0 0.0 0.0 0.0 0.0 0.0 0.0 0.0 0.0 0.0 1.0 0.0 0.6885 0.8 0.935 0.935 0.3 0.2 -0.0 0.3 0.4018 1.0 0.956 -0.87 0.956 -0.18600000000000003 0.6 0.203 -0.87 0.109 -0.33499999999999996 0.4 0.0 -0.6 -0.07 0.5428 1.0 0.914 0.0 0.914
0.0 0.0 0.0 0.0 0.0 0.0 0.0 0.0 0.0 0.0 0.0 0.0 0.0 2.0 0.0 0.0 0.0 0.0 0.0 0.0 0.0 0.0 0.0 1.0 0.0 0.5262 0.8333333333333334 0.864 0.789 0.3875 0.16666666666666666 -0.0 0.05 0.2098 0.8333333333333334 0.854 -0.95 -0.08 -0.12827777777777777 0.75 0.747 -0.94 -0.03 -0.0379090909090909 0.4583333333333333 0.733 -0.6 0.043 0.463909090909091 0.9166666666666666 0.935 -0.98 -0.12
0.0 0.0 0.0 0.0 0.0 0.0 0.0 0.0 0.0 0.0 0.0 0.0 0.0 0.0 0.0 0.0 0.0 0.0 0.0 0.0 0.0 0.0 0.0 1.0 0.0 0.4867142857142857 0.5384615384615384 0.84 0.035 0.6799999999999998 0.46153846153846156 -0.0 0.76 -0.03989999999999998 0.7692307692307693 0.805 -0.95 0.027 -0.17462500000000003 0.6153846153846154 0.858 -0.92 -0.03 -0.26366666666666666 0.46153846153846156 0.561 -0.74 -0.74 -0.05691666666666668 0.9230769230769231 0.935 -0.78 -0.78
0.0 0.0 0.0 0.0 0.0 1.0 0.0 0.0 0.0 0.0 0.0 0.0 0.0 1.0 0.0 0.0 0.0 0.0 0.0 0.0 0.0 0.0 1.0 0.0 0.0 0.5924444444444444 0.8181818181818182 0.935 0.072 0.405 0.18181818181818182 -0.0 0.03 0.33930000000000005 0.9090909090909091 0.995 -0.75 -0.05 -0.26325 0.7272727272727273 0.801 -0.94 0.102 0.19124999999999998 0.36363636363636365 0.82 -0.2 0.064 0.5925999999999999 0.9090909090909091 0.968 -0.07 0.167
0.0 0.0 0.0 0.0 0.0 0.0 0.0 0.0 0.0 0.0 0.0 0.0 0.0 0.0 0.0 0.0 0.0 0.0 0.0 0.0 0.0 0.0 0.0 1.0 0.0 0.0 0.0 0.0 0.0 0.54 1.0 -0.0 0.3 -0.81 1.0 0.0 -0.87 -0.87 0.203 0.5 0.203 0.0 0.203 0.10999999999999999 1.0 0.82 -0.6 -0.6 0.06 0.5 0.06 0.0 0.06
0.0 0.0 0.0 0.0 0.0 0.0 0.0 0.0 0.0 0.0 0.0 0.0 0.0 0.0 0.0 0.0 0.0 0.0 0.0 0.0 0.0 0.0 0.0 1.0 0.0 0.19799999999999998 0.8333333333333334 0.713 0.072 0.3 0.16666666666666666 -0.0 0.3 -0.023600000000000006 0.8333333333333334 0.702 -0.87 -0.05 -0.032400000000000005 0.8333333333333334 0.203 -0.65 0.102 -0.19299999999999998 0.5 0.081 -0.6 0.081 0.278 0.8333333333333334 0.788 0.0 0.167
0.0 0.0 0.0 0.0 0.0 0.0 0.0 0.0 0.0 0.0 0.0 0.0 0.0 0.0 0.0 0.0 0.0 0.0 0.0 0.0 0.0 0.0 0.0 1.0 0.0 0.208 0.3333333333333333 0.208 0.208 0.465 0.6666666666666666 -0.0 0.88 -0.315 1.0 0.295 -0.92 -0.92 0.23149999999999998 0.6666666666666666 0.239 0.0 0.239 -0.307 1.0 0.049 -0.72 -0.72 -0.16966666666666666 1.0 0.346 -0.99 -0.99
0.0 0.0 0.0 0.0 0.0 0.0 0.0 0.0 0.0 0.0 0.0 0.0 0.0 0.0 0.0 0.0 0.0 0.0 0.0 0.0 0.0 0.0 0.0 1.0 0.0 0.3639090909090909 0.9166666666666666 0.939 0.716 0.83 0.08333333333333333 -0.0 0.83 0.23272727272727273 0.9166666666666666 0.899 -0.78 0.694 0.20399999999999996 0.8333333333333334 0.998 -0.79 -0.56 0.022166666666666657 0.5 0.754 -0.36 0.059 0.2892727272727273 0.9166666666666666 0.935 -0.96 0.888
0.0 0.0 0.0 0.0 0.0 0.0 0.0 0.0 0.0 0.0 0.0 0.0 0.0 1.0 0.0 0.0 0.0 0.0 0.0 0.0 0.0 0.0 0.0 1.0 0.0 0.69075 0.6666666666666666 0.935 0.867 0.16 0.3333333333333333 -0.0 0.02 0.188 0.8333333333333334 0.956 -0.87 0.845 0.07900000000000003 0.8333333333333334 0.888 -0.94 0.888 -0.25333333333333335 0.5 0.0 -0.6 -0.05 0.49050000000000005 0.6666666666666666 0.914 0.0 0.914
0.0 0.0 0.0 0.0 0.0 0.0 0.0 0.0 0.0 0.0 0.0 0.0 0.0 0.0 0.0 0.0 0.0 0.0 0.0 0.0 0.0 0.0 0.0 1.0 0.0 0.51125 0.5 0.935 0.935 0.42999999999999994 0.5 -0.0 0.73 -0.11633333333333334 0.75 0.956 -0.87 -0.85 0.14466666666666667 0.375 0.203 0.0 0.081 0.14575000000000002 0.5 0.605 -0.6 0.605 0.10250000000000001 1.0 0.914 -0.73 -0.73
0.0 0.0 0.0 0.0 0.0 1.0 1.0 0.0 1.0 0.0 0.0 3.0 0.0 0.0 0.0 0.0 0.0 0.0 0.0 0.0 0.0 0.0 0.0 0.0 0.0 0.4883272727272728 0.8461538461538461 0.964 0.753 0.612 0.15384615384615385 -0.0 0.9 0.2944237288135594 0.9076923076923077 0.988 -0.99 0.686 0.2715 0.676923076923077 0.979 -0.88 -0.77 -0.05586666666666669 0.46153846153846156 0.893 -0.9 -0.9 0.3638571428571429 0.7538461538461538 0.978 -0.75 0.797
0.0 0.0 0.0 0.0 0.0 0.0 0.0 0.0 0.0 1.0 0.0 0.0 0.0 0.0 0.0 0.0 0.0 0.0 0.0 1.0 0.0 0.0 0.0 0.0 0.0 0.63425 1.0 0.829 0.829 0.0 0.0 -0.0 -0.0 0.61475 1.0 0.928 -0.03 0.928 -0.5795 1.0 0.212 -0.87 -0.87 0.0 0.0 0.0 0.0 0.0 0.5965 1.0 0.935 0.0 0.679
0.0 0.0 0.0 0.0 0.0 0.0 0.0 0.0 0.0 0.0 0.0 0.0 0.0 0.0 0.0 0.0 0.0 0.0 0.0 0.0 0.0 0.0 0.0 1.0 0.0 0.6546000000000001 1.0 0.882 0.722 0.0 0.0 -0.0 -0.0 0.54125 0.8 0.887 -0.1 0.745 -0.2784 1.0 0.877 -0.94 -0.71 -0.1 0.2 0.0 -0.1 -0.1 0.6395 0.8 0.935 0.0 0.709
0.0 0.0 0.0 0.0 0.0 0.0 0.0 0.0 0.0 0.0 0.0 0.0 0.0 1.0 0.0 0.0 0.0 0.0 0.0 0.0 0.0 0.0 0.0 0.0 0.0 0.4954285714285715 0.7 0.939 0.766 0.6366666666666666 0.3 -0.0 0.76 0.07911111111111112 0.9 0.956 -0.99 0.7 0.07105882352941174 0.5666666666666667 0.979 -0.96 -0.64 0.013400000000000007 0.5 0.816 -0.75 -0.06 0.20833333333333334 0.8 0.953 -0.92 0.953
0.0 0.0 0.0 0.0 0.0 0.0 0.0 0.0 0.0 0.0 0.0 0.0 0.0 0.0 0.0 0.0 0.0 0.0 0.0 0.0 0.0 0.0 0.0 1.0 0.0 0.757 0.5 0.757 0.757 0.76 0.5 -0.0 0.76 0.0 0.0 0.0 0.0 0.0 0.786 0.5 0.786 0.0 0.786 0.0 0.0 0.0 0.0 0.0 -0.016000000000000014 1.0 0.728 -0.76 -0.76
0.0 0.0 0.0 0.0 0.0 0.0 0.0 0.0 1.0 0.0 0.0 0.0 0.0 1.0 0.0 0.0 0.0 0.0 0.0 0.0 0.0 0.0 0.0 1.0 0.0 0.3546666666666667 1.0 0.846 0.115 0.0 0.0 -0.0 -0.0 0.0785 0.6666666666666666 0.098 0.0 0.059 -0.16699999999999995 1.0 0.274 -0.94 0.274 -0.12 0.6666666666666666 0.0 -0.13 -0.11 0.424 1.0 0.744 0.0 0.244
0.0 0.0 0.0 0.0 0.0 0.0 0.0 0.0 0.0 0.0 0.0 0.0 0.0 0.0 0.0 0.0 0.0 0.0 0.0 0.0 0.0 0.0 0.0 1.0 0.0 0.0 0.0 0.0 0.0 0.3 1.0 -0.0 0.3 -0.87 1.0 0.0 -0.87 -0.87 0.203 1.0 0.203 0.0 0.203 -0.6 1.0 0.0 -0.6 -0.6 0.06 1.0 0.06 0.0 0.06
0.0 0.0 0.0 0.0 0.0 0.0 0.0 0.0 0.0 0.0 0.0 0.0 0.0 0.0 0.0 0.0 0.0 0.0 0.0 0.0 0.0 0.0 0.0 1.0 0.0 0.6353333333333333 0.8571428571428571 0.959 0.959 0.07 0.14285714285714285 -0.0 0.07 0.3206666666666667 0.42857142857142855 0.934 -0.07 0.934 0.6482 0.7142857142857143 0.983 0.0 0.983 -0.09199999999999998 0.42857142857142855 0.084 -0.23 0.084 0.5486666666666666 0.8571428571428571 0.924 -0.06 -0.06
0.0 0.0 0.0 0.0 0.0 0.0 0.0 0.0 1.0 0.0 0.0 1.0 0.0 0.0 0.0 0.0 0.0 0.0 0.0 0.0 0.0 0.0 0.0 1.0 0.0 0.4891666666666665 0.8181818181818182 0.986 0.716 0.4275 0.18181818181818182 -0.0 0.65 0.3332 0.9090909090909091 0.986 -0.86 -0.86 0.13599999999999998 0.7272727272727273 0.876 -0.79 -0.56 0.13545454545454544 0.5 0.99 -0.28 0.609 0.2728888888888889 0.8181818181818182 0.935 -0.87 -0.5
0.0 0.0 0.0 0.0 0.0 0.0 1.0 0.0 0.0 0.0 0.0 0.0 0.0 0.0 0.0 0.0 0.0 0.0 0.0 0.0 0.0 0.0 0.0 1.0 0.0 0.82025 1.0 0.931 0.931 0.0 0.0 -0.0 -0.0 0.739 1.0 0.898 0.0 0.898 0.08699999999999997 0.5 0.964 -0.79 0.964 0.0 0.0 0.0 0.0 0.0 0.8773333333333334 0.75 0.935 0.0 0.935
0.0 0.0 0.0 0.0 0.0 0.0 0.0 0.0 0.0 0.0 0.0 0.0 0.0 0.0 0.0 0.0 0.0 0.0 0.0 0.0 0.0 0.0 0.0 1.0 0.0 0.554 1.0 0.815 0.815 0.0 0.0 -0.0 -0.0 0.5096666666666666 1.0 0.723 0.0 0.702 -0.26925 0.6666666666666666 0.274 -0.94 0.274 -0.0305 0.3333333333333333 0.049 -0.11 -0.11 0.6216666666666666 1.0 0.928 0.0 0.928
0.0 0.0 0.0 0.0 0.0 0.0 0.0 0.0 0.0 0.0 0.0 2.0 0.0 2.0 0.0 0.0 0.0 0.0 0.0 0.0 0.0 0.0 0.0 0.0 0.0 0.4329666666666668 0.8823529411764706 0.939 0.746 0.305 0.11764705882352941 -0.0 0.86 0.31251724137931036 0.8529411764705882 0.956 -0.87 0.723 -0.03485185185185186 0.7941176470588235 0.979 -0.94 0.979 -0.09553846153846156 0.38235294117647056 0.082 -0.75 0.027 0.34796774193548385 0.9117647058823529 0.964 -0.96 0.769
0.0 0.0 0.0 0.0 0.0 0.0 1.0 0.0 0.0 0.0 0.0 0.0 0.0 0.0 0.0 0.0 0.0 0.0 0.0 0.0 0.0 1.0 0.0 0.0 0.0 0.746 1.0 0.746 0.746 0.0 0.0 -0.0 -0.0 0.723 1.0 0.723 0.0 0.723 0.0 0.0 0.0 0.0 0.0 0.0 0.0 0.0 0.0 0.0 0.769 1.0 0.769 0.0 0.769
0.0 0.0 0.0 0.0 0.0 0.0 0.0 0.0 0.0 0.0 0.0 0.0 0.0 0.0 0.0 0.0 0.0 0.0 0.0 0.0 0.0 0.0 0.0 1.0 0.0 0.3481666666666667 0.8571428571428571 0.935 0.935 0.58 0.14285714285714285 -0.0 0.58 0.23433333333333337 0.8571428571428571 0.956 -0.58 -0.58 0.138 0.5714285714285714 0.247 -0.13 0.239 0.0638 0.7142857142857143 0.561 -0.19 0.561 0.3065 0.8571428571428571 0.914 -0.62 -0.62
0.0 0.0 0.0 0.0 0.0 0.0 0.0 0.0 1.0 0.0 0.0 0.0 0.0 0.0 0.0 0.0 0.0 0.0 0.0 0.0 0.0 0.0 0.0 1.0 0.0 0.29933333333333334 0.8571428571428571 0.935 0.064 0.49 0.14285714285714285 -0.0 0.75 0.14305263157894735 0.9047619047619048 0.956 -0.89 -0.03 0.027470588235294115 0.8095238095238095 0.773 -0.79 0.136 0.10166666666666666 0.42857142857142855 0.672 -0.11 -0.11 0.2703000000000001 0.9523809523809523 0.935 -0.69 0.267
0.0 0.0 0.0 0.0 0.0 0.0 0.0 0.0 0.0 0.0 0.0 0.0 0.0 0.0 0.0 0.0 0.0 0.0 0.0 0.0 0.0 0.0 0.0 0.0 0.0 0.4172857142857143 0.7777777777777778 0.837 0.833 0.6950000000000001 0.2222222222222222 -0.0 0.81 0.02385714285714286 0.7777777777777778 0.92 -0.95 -0.95 0.21399999999999997 0.6666666666666666 0.938 -0.88 -0.88 0.12240000000000002 0.5555555555555556 0.721 -0.23 0.721 0.21788888888888888 1.0 0.769 -0.75 -0.75
0.0 0.0 0.0 0.0 0.0 0.0 0.0 0.0 0.0 0.0 0.0 0.0 0.0 0.0 0.0 0.0 0.0 0.0 0.0 0.0 0.0 0.0 0.0 1.0 0.0 0.46825000000000006 0.8 0.931 0.783 0.81 0.2 -0.0 0.81 0.15777777777777777 0.9 0.898 -0.95 0.738 0.03200000000000003 0.7 0.964 -0.79 -0.75 0.2648 0.5 0.721 -0.18 0.721 0.20933333333333337 0.9 0.935 -0.75 0.854
0.0 0.0 0.0 0.0 0.0 1.0 0.0 0.0 0.0 0.0 0.0 2.0 0.0 0.0 0.0 0.0 0.0 0.0 0.0 0.0 0.0 0.0 0.0 0.0 0.0 0.4932105263157894 0.7307692307692307 0.935 0.08 0.49214285714285716 0.2692307692307692 -0.0 0.03 0.1614772727272727 0.8461538461538461 0.971 -0.95 -0.03 0.09312500000000001 0.6153846153846154 0.921 -0.94 0.201 0.16839130434782607 0.4423076923076923 0.92 -0.74 -0.04 0.27259574468085107 0.9038461538461539 0.98 -0.78 0.201
0.0 0.0 0.0 0.0 0.0 0.0 0.0 0.0 0.0 0.0 0.0 1.0 0.0 0.0 0.0 0.0 0.0 0.0 0.0 0.0 0.0 0.0 0.0 1.0 0.0 0.5022727272727273 0.7333333333333333 0.935 0.086 0.5125 0.26666666666666666 -0.0 0.8 0.18766666666666668 0.8 0.956 -0.9 -0.9 0.09062499999999998 0.5333333333333333 0.96 -0.79 0.196 0.01925000000000003 0.5333333333333333 0.561 -0.71 -0.71 0.3373571428571428 0.9333333333333333 0.935 -0.62 0.192
0.0 0.0 0.0 0.0 0.0 0.0 0.0 0.0 1.0 0.0 0.0 0.0 0.0 0.0 0.0 0.0 0.0 0.0 0.0 0.0 0.0 0.0 0.0 1.0 0.0 0.7657499999999999 0.4444444444444444 0.943 0.76 0.6369999999999999 0.5555555555555556 -0.0 0.76 -0.05692857142857144 0.7777777777777778 0.956 -0.95 -0.77 0.3075714285714285 0.3888888888888889 0.979 -0.73 0.782 0.3274545454545455 0.6111111111111112 0.97 -1.0 -0.75 -0.058666666666666666 0.6666666666666666 0.914 -0.81 -0.75
0.0 0.0 0.0 0.0 0.0 0.0 1.0 0.0 0.0 0.0 0.0 0.0 0.0 0.0 0.0 0.0 0.0 0.0 0.0 0.0 0.0 1.0 0.0 0.0 0.0 0.7805 1.0 0.815 0.746 0.0 0.0 -0.0 -0.0 0.7124999999999999 1.0 0.723 0.0 0.723 0.0 0.0 0.0 0.0 0.0 0.0 0.0 0.0 0.0 0.0 0.8485 1.0 0.928 0.0 0.769
0.0 0.0 0.0 0.0 0.0 0.0 0.0 0.0 0.0 0.0 0.0 0.0 0.0 0.0 0.0 0.0 0.0 0.0 0.0 0.0 0.0 0.0 0.0 1.0 0.0 0.416 1.0 0.746 0.746 0.0 0.0 -0.0 -0.0 0.723 0.5 0.723 0.0 0.723 0.196 0.5 0.196 0.0 0.196 -0.13 0.5 0.0 -0.13 -0.13 0.48050000000000004 1.0 0.769 0.0 0.769
0.0 0.0 0.0 0.0 0.0 0.0 1.0 0.0 0.0 0.0 0.0 4.0 0.0 0.0 0.0 0.0 0.0 0.0 0.0 0.0 0.0 1.0 0.0 0.0 0.0 0.398 0.7727272727272727 0.935 0.746 0.65 0.22727272727272727 -0.0 0.83 0.14255555555555552 0.8181818181818182 0.956 -0.88 0.723 0.036692307692307684 0.5909090909090909 0.902 -0.87 0.201 -0.22349999999999998 0.36363636363636365 0.026 -0.82 -0.82 0.19288235294117648 0.7727272727272727 0.935 -0.85 -0.84
0.0 0.0 0.0 0.0 0.0 0.0 0.0 0.0 0.0 0.0 0.0 1.0 0.0 0.0 0.0 0.0 0.0 0.0 0.0 0.0 0.0 0.0 0.0 1.0 0.0 0.44050000000000006 0.6 0.922 0.051 0.6275 0.4 -0.0 0.8 -0.13844444444444445 0.9 0.939 -0.95 -0.9 0.215 0.5 0.96 -0.51 0.193 0.137 0.5 0.721 -0.71 -0.71 0.12977777777777777 0.9 0.885 -0.75 -0.75
0.0 0.0 0.0 0.0 0.0 0.0 0.0 0.0 0.0 0.0 0.0 0.0 0.0 0.0 0.0 0.0 0.0 0.0 0.0 0.0 0.0 0.0 0.0 0.0 0.0 0.5196 0.7142857142857143 0.789 0.719 0.45 0.2857142857142857 -0.0 0.09 0.21966666666666668 0.8571428571428571 0.737 -0.95 -0.12 -0.25075000000000003 0.5714285714285714 0.348 -0.8 -0.8 0.15 0.42857142857142855 0.721 -0.32 0.721 0.319 1.0 0.935 -0.75 -0.06
0.0 0.0 0.0 0.0 0.0 1.0 0.0 0.0 0.0 0.0 0.0 0.0 0.0 0.0 0.0 0.0 0.0 0.0 0.0 0.0 0.0 0.0 0.0 1.0 0.0 0.6131538461538462 0.7222222222222222 0.935 0.727 0.736 0.2777777777777778 -0.0 0.88 0.17099999999999999 0.9444444444444444 0.956 -0.92 -0.92 -0.23825000000000002 0.4444444444444444 0.964 -0.94 -0.94 -0.13374999999999998 0.4444444444444444 0.561 -0.77 -0.73 0.2746875 0.8888888888888888 0.935 -0.99 -0.99
0.0 0.0 0.0 0.0 0.0 0.0 1.0 0.0 0.0 0.0 0.0 1.0 0.0 0.0 0.0 0.0 0.0 0.0 0.0 0.0 0.0 1.0 0.0 0.0 0.0 0.6792 1.0 0.931 0.746 0.0 0.0 -0.0 -0.0 0.603 1.0 0.898 0.0 0.723 0.14933333333333332 0.6 0.964 -0.79 0.964 -0.11 0.2 0.0 -0.11 -0.11 0.7190000000000001 0.8 0.935 0.0 0.769
0.0 0.0 0.0 0.0 0.0 0.0 0.0 0.0 0.0 0.0 0.0 0.0 0.0 0.0 0.0 0.0 0.0 0.0 0.0 0.0 0.0 0.0 0.0 1.0 0.0 0.6296666666666667 0.75 0.935 0.935 0.58 0.25 -0.0 0.58 0.34850000000000003 1.0 0.956 -0.58 -0.58 0.239 0.25 0.239 0.0 0.239 0.30500000000000005 0.5 0.561 0.0 0.561 0.35224999999999995 1.0 0.914 -0.62 -0.62
0.0 0.0 0.0 0.0 0.0 0.0 0.0 0.0 0.0 0.0 0.0 0.0 0.0 0.0 0.0 0.0 0.0 0.0 0.0 0.0 0.0 0.0 0.0 1.0 0.0 0.416 0.6666666666666666 0.746 0.086 0.58 0.3333333333333333 -0.0 0.58 0.07150000000000001 0.6666666666666666 0.723 -0.58 -0.58 0.196 0.3333333333333333 0.196 0.0 0.196 0.21550000000000002 0.6666666666666666 0.561 -0.13 -0.13 0.11366666666666668 1.0 0.769 -0.62 0.192
0.0 0.0 0.0 0.0 0.0 0.0 0.0 0.0 0.0 0.0 0.0 0.0 0.0 0.0 0.0 0.0 0.0 0.0 0.0 0.0 0.0 0.0 0.0 1.0 0.0 0.5881666666666666 1.0 0.939 0.75 0.0 0.0 -0.0 -0.0 0.5322 0.8333333333333334 0.899 -0.04 0.899 0.56325 0.6666666666666666 0.979 0.0 0.764 -0.07550000000000001 0.3333333333333333 0.049 -0.2 -0.2 0.5589999999999999 0.6666666666666666 0.769 0.0 0.735
0.0 0.0 0.0 0.0 0.0 0.0 0.0 0.0 0.0 0.0 0.0 0.0 0.0 0.0 0.0 0.0 0.0 0.0 0.0 0.0 0.0 0.0 0.0 1.0 0.0 0.501 1.0 0.911 0.091 0.0 0.0 -0.0 -0.0 0.5175 1.0 0.865 0.0 0.17 0.0 0.0 0.0 0.0 0.0 0.081 0.5 0.081 0.0 0.081 0.571 1.0 0.958 0.0 0.184
0.0 0.0 0.0 0.0 0.0 0.0 0.0 0.0 0.0 0.0 0.0 0.0 0.0 0.0 0.0 0.0 0.0 0.0 0.0 0.0 0.0 0.0 0.0 1.0 0.0 0.79125 0.8 0.815 0.789 0.76 0.2 -0.0 0.76 0.39599999999999996 1.0 0.723 -0.78 -0.78 -0.79 0.2 0.0 -0.79 -0.79 0.0 0.0 0.0 0.0 0.0 0.5660000000000001 1.0 0.935 -0.73 -0.73
0.0 0.0 0.0 0.0 0.0 0.0 0.0 0.0 0.0 0.0 0.0 3.0 0.0 0.0 0.0 0.0 0.0 0.0 0.0 0.0 0.0 0.0 0.0 1.0 0.0 0.5585892857142857 0.8235294117647058 0.939 0.806 0.4741666666666668 0.17647058823529413 -0.0 0.65 0.3747333333333335 0.8823529411764706 0.977 -0.95 -0.86 0.14790909090909082 0.6470588235294118 0.984 -0.95 0.715 0.0219090909090909 0.3235294117647059 0.988 -0.95 0.609 0.41513559322033894 0.8676470588235294 0.935 -0.99 -0.5
0.0 0.0 0.0 0.0 0.0 0.0 0.0 0.0 0.0 0.0 0.0 0.0 0.0 0.0 0.0 0.0 0.0 0.0 0.0 0.0 0.0 0.0 0.0 1.0 0.0 0.6748000000000001 1.0 0.931 0.931 0.0 0.0 -0.0 -0.0 0.739 0.8 0.898 0.0 0.898 0.08 0.6 0.964 -0.79 0.964 0.0 0.0 0.0 0.0 0.0 0.68825 0.8 0.935 0.0 0.935
0.0 0.0 0.0 0.0 0.0 0.0 0.0 0.0 0.0 0.0 0.0 0.0 0.0 0.0 0.0 0.0 0.0 0.0 0.0 0.0 0.0 0.0 0.0 0.0 0.0 0.7805 1.0 0.815 0.746 0.0 0.0 -0.0 -0.0 0.7124999999999999 1.0 0.723 0.0 0.723 0.0 0.0 0.0 0.0 0.0 0.0 0.0 0.0 0.0 0.0 0.8485 1.0 0.928 0.0 0.769
0.0 0.0 0.0 0.0 0.0 0.0 1.0 0.0 0.0 0.0 0.0 0.0 0.0 0.0 0.0 0.0 0.0 0.0 0.0 0.0 0.0 1.0 0.0 0.0 0.0 0.666 1.0 0.931 0.746 0.0 0.0 -0.0 -0.0 0.5995999999999999 1.0 0.898 0.0 0.723 0.014666666666666642 0.6 0.964 -0.79 -0.13 0.029 0.2 0.029 0.0 0.029 0.8773333333333334 0.6 0.935 0.0 0.769
0.0 0.0 0.0 0.0 0.0 0.0 0.0 0.0 0.0 0.0 0.0 0.0 0.0 0.0 0.0 0.0 0.0 0.0 0.0 0.0 0.0 0.0 0.0 1.0 0.0 0.617 1.0 0.911 0.911 0.0 0.0 -0.0 -0.0 0.4505 0.6666666666666666 0.865 0.0 0.865 0.794 0.3333333333333333 0.794 0.0 0.794 0.0 0.0 0.0 0.0 0.0 0.6696666666666666 1.0 0.958 0.0 0.958
0.0 0.0 0.0 0.0 0.0 0.0 0.0 0.0 0.0 0.0 0.0 0.0 0.0 0.0 0.0 0.0 0.0 0.0 0.0 0.0 0.0 0.0 0.0 1.0 0.0 0.7805 1.0 0.815 0.746 0.0 0.0 -0.0 -0.0 0.7124999999999999 1.0 0.723 0.0 0.723 0.0 0.0 0.0 0.0 0.0 0.0 0.0 0.0 0.0 0.0 0.8485 1.0 0.928 0.0 0.769
0.0 0.0 0.0 0.0 0.0 0.0 0.0 0.0 0.0 0.0 0.0 0.0 0.0 0.0 0.0 0.0 0.0 0.0 0.0 0.0 0.0 0.0 0.0 1.0 0.0 0.911 1.0 0.911 0.911 0.0 0.0 -0.0 -0.0 0.865 1.0 0.865 0.0 0.865 0.0 0.0 0.0 0.0 0.0 0.0 0.0 0.0 0.0 0.0 0.958 1.0 0.958 0.0 0.958
0.0 0.0 0.0 0.0 0.0 0.0 1.0 0.0 0.0 0.0 0.0 0.0 0.0 0.0 0.0 0.0 0.0 0.0 0.0 0.0 0.0 1.0 0.0 0.0 0.0 0.7805 1.0 0.815 0.746 0.0 0.0 -0.0 -0.0 0.7124999999999999 1.0 0.723 0.0 0.723 0.0 0.0 0.0 0.0 0.0 0.0 0.0 0.0 0.0 0.0 0.8485 1.0 0.928 0.0 0.769
0.0 0.0 0.0 0.0 0.0 0.0 0.0 0.0 0.0 0.0 0.0 0.0 0.0 0.0 0.0 0.0 0.0 0.0 0.0 0.0 0.0 0.0 0.0 1.0 0.0 0.5178571428571429 0.7777777777777778 0.935 0.935 0.06 0.2222222222222222 -0.0 0.09 0.38588888888888884 1.0 0.956 -0.12 -0.12 0.349 0.6666666666666666 0.776 -0.05 0.239 0.007000000000000002 0.3333333333333333 0.082 -0.11 0.049 0.36912500000000004 0.8888888888888888 0.914 -0.07 -0.06
0.0 0.0 0.0 0.0 0.0 0.0 0.0 0.0 0.0 0.0 0.0 1.0 0.0 0.0 0.0 0.0 0.0 0.0 0.0 0.0 0.0 0.0 0.0 1.0 0.0 0.6296666666666667 0.6 0.935 0.935 0.33499999999999996 0.4 -0.0 0.09 0.2548 1.0 0.956 -0.58 -0.12 0.239 0.2 0.239 0.0 0.239 0.30500000000000005 0.4 0.561 0.0 0.561 0.26979999999999993 1.0 0.914 -0.62 -0.06
0.0 0.0 0.0 0.0 0.0 0.0 2.0 0.0 0.0 0.0 0.0 0.0 0.0 0.0 0.0 0.0 0.0 0.0 0.0 0.0 0.0 1.0 0.0 0.0 0.0 0.7805 1.0 0.815 0.746 0.0 0.0 -0.0 -0.0 0.7124999999999999 1.0 0.723 0.0 0.723 0.0 0.0 0.0 0.0 0.0 0.0 0.0 0.0 0.0 0.0 0.8485 1.0 0.928 0.0 0.769
0.0 0.0 0.0 0.0 0.0 0.0 0.0 0.0 0.0 0.0 0.0 0.0 0.0 0.0 0.0 0.0 0.0 0.0 0.0 0.0 0.0 0.0 0.0 0.0 0.0 0.5695 1.0 0.849 0.29 0.0 0.0 -0.0 -0.0 0.6635 1.0 0.922 0.0 0.405 0.7070000000000001 1.0 0.776 0.0 0.638 -0.36 0.5 0.0 -0.36 -0.36 0.484 0.5 0.484 0.0 0.484
0.0 0.0 0.0 0.0 0.0 0.0 1.0 0.0 0.0 0.0 0.0 0.0 0.0 0.0 0.0 0.0 0.0 0.0 0.0 0.0 0.0 1.0 0.0 0.0 0.0 0.82025 1.0 0.931 0.746 0.0 0.0 -0.0 -0.0 0.739 1.0 0.898 0.0 0.723 0.08699999999999997 0.5 0.964 -0.79 0.964 0.0 0.0 0.0 0.0 0.0 0.8773333333333334 0.75 0.935 0.0 0.769
0.0 0.0 0.0 0.0 0.0 0.0 1.0 0.0 0.0 0.0 0.0 4.0 0.0 2.0 0.0 0.0 0.0 0.0 0.0 0.0 0.0 1.0 0.0 0.0 0.0 0.49335714285714277 0.8235294117647058 0.984 0.258 0.7088888888888888 0.17647058823529413 -0.0 0.93 0.2774772727272729 0.8627450980392157 0.997 -0.99 0.277 0.09290909090909083 0.6470588235294118 0.986 -0.94 0.161 0.09512820512820512 0.38235294117647056 0.99 -0.91 -0.06 0.2615172413793103 0.8529411764705882 0.972 -1.0 0.337
0.0 0.0 0.0 0.0 0.0 0.0 0.0 0.0 0.0 0.0 0.0 0.0 0.0 0.0 0.0 0.0 0.0 0.0 0.0 0.0 0.0 0.0 0.0 1.0 0.0 0.6019473684210528 0.8260869565217391 0.935 0.034 0.475 0.17391304347826086 -0.0 0.04 0.34900000000000003 0.8695652173913043 0.956 -0.75 0.032 -0.12258333333333332 0.5217391304347826 0.788 -0.94 0.093 0.13339999999999996 0.43478260869565216 0.614 -0.2 -0.06 0.4799545454545454 0.9565217391304348 0.935 -0.74 0.069
0.0 0.0 0.0 0.0 0.0 0.0 1.0 0.0 0.0 0.0 0.0 0.0 0.0 0.0 0.0 0.0 0.0 0.0 0.0 0.0 0.0 1.0 0.0 0.0 0.0 0.82025 1.0 0.931 0.746 0.0 0.0 -0.0 -0.0 0.739 1.0 0.898 0.0 0.723 0.08699999999999997 0.5 0.964 -0.79 0.964 0.0 0.0 0.0 0.0 0.0 0.8773333333333334 0.75 0.935 0.0 0.769
0.0 0.0 0.0 0.0 1.0 0.0 0.0 0.0 0.0 1.0 0.0 0.0 0.0 0.0 0.0 0.0 0.0 0.0 0.0 0.0 0.0 0.0 0.0 0.0 0.0 0.38580000000000003 0.625 0.833 0.082 0.5333333333333333 0.375 -0.0 0.91 -0.014285714285714282 0.875 0.92 -0.96 -0.96 -0.2025 0.75 0.271 -0.88 -0.02 0.07959999999999999 0.625 0.585 -0.2 0.076 0.12325000000000001 1.0 0.935 -0.86 -0.86
0.0 0.0 0.0 0.0 0.0 0.0 1.0 0.0 0.0 0.0 0.0 0.0 0.0 0.0 0.0 0.0 0.0 0.0 0.0 0.0 0.0 1.0 0.0 0.0 0.0 0.416 0.5 0.746 0.086 0.69 0.5 -0.0 0.8 -0.25233333333333335 0.75 0.723 -0.9 -0.9 0.196 0.25 0.196 0.0 0.196 -0.09299999999999997 0.75 0.561 -0.71 -0.71 0.11366666666666668 0.75 0.769 -0.62 0.192
0.0 0.0 0.0 0.0 0.0 0.0 0.0 0.0 0.0 0.0 0.0 0.0 0.0 1.0 0.0 0.0 0.0 0.0 0.0 0.0 0.0 0.0 0.0 0.0 0.0 0.4768571428571429 0.7777777777777778 0.864 0.819 0.595 0.2222222222222222 -0.0 0.7 0.22274999999999998 0.6666666666666666 0.922 -0.75 0.777 0.18138461538461537 0.7222222222222222 0.858 -0.94 -0.88 -0.02159999999999999 0.5555555555555556 0.746 -0.82 -0.36 0.27721428571428575 0.7777777777777778 0.864 -0.98 0.79
0.0 0.0 0.0 0.0 0.0 0.0 0.0 0.0 0.0 0.0 0.0 0.0 0.0 0.0 0.0 0.0 0.0 0.0 0.0 0.0 0.0 0.0 0.0 1.0 0.0 0.5357999999999999 1.0 0.911 0.911 0.0 0.0 -0.0 -0.0 0.46020000000000005 1.0 0.865 0.0 0.865 -0.21533333333333335 0.6 0.274 -0.79 -0.13 -0.0405 0.4 0.029 -0.11 0.029 0.7662500000000001 0.8 0.958 0.0 0.958
0.0 0.0 0.0 0.0 0.0 0.0 0.0 0.0 0.0 0.0 0.0 2.0 0.0 0.0 0.0 0.0 0.0 0.0 0.0 0.0 0.0 0.0 0.0 1.0 0.0 0.538 0.95 0.935 0.771 0.88 0.05 -0.0 0.88 0.5192222222222223 0.9 0.956 -0.05 0.703 0.039066666666666666 0.75 0.858 -0.79 0.84 -0.142 0.3 0.049 -0.77 -0.06 0.45081250000000006 0.8 0.935 -1.0 0.769
0.0 0.0 0.0 0.0 0.0 0.0 0.0 0.0 0.0 1.0 0.0 0.0 0.0 0.0 0.0 0.0 0.0 0.0 0.0 1.0 0.0 0.0 0.0 0.0 0.0 0.6867500000000001 0.5714285714285714 0.935 0.067 0.8733333333333334 0.42857142857142855 -0.0 0.87 0.02500000000000002 1.0 0.961 -0.95 0.033 0.1146666666666667 0.42857142857142855 0.916 -0.73 0.158 0.20575 0.5714285714285714 0.87 -0.78 -0.06 0.3538 0.7142857142857143 0.914 -0.97 0.145
0.0 0.0 0.0 0.0 0.0 0.0 1.0 0.0 0.0 0.0 0.0 0.0 0.0 0.0 0.0 0.0 0.0 0.0 0.0 0.0 0.0 1.0 0.0 0.0 0.0 0.746 1.0 0.746 0.746 0.0 0.0 -0.0 -0.0 0.723 1.0 0.723 0.0 0.723 0.0 0.0 0.0 0.0 0.0 0.0 0.0 0.0 0.0 0.0 0.769 1.0 0.769 0.0 0.769
0.0 0.0 0.0 0.0 0.0 0.0 0.0 0.0 0.0 0.0 0.0 0.0 0.0 1.0 0.0 0.0 0.0 0.0 0.0 0.0 0.0 0.0 0.0 0.0 0.0 0.4774117647058823 0.85 0.935 0.748 0.5666666666666668 0.15 -0.0 0.76 0.3980625 0.8 0.956 -0.18 0.777 -0.06535714285714285 0.7 0.964 -0.94 -0.85 -0.04642857142857142 0.35 0.737 -0.74 -0.13 0.30192857142857144 0.7 0.935 -0.86 0.615
0.0 0.0 0.0 0.0 0.0 0.0 0.0 0.0 0.0 0.0 0.0 0.0 0.0 0.0 0.0 0.0 0.0 0.0 0.0 0.0 0.0 0.0 0.0 0.0 0.0 0.7805 0.5 0.815 0.815 0.33499999999999996 0.5 -0.0 0.09 0.18125 1.0 0.723 -0.58 -0.12 0.0 0.0 0.0 0.0 0.0 0.561 0.25 0.561 0.0 0.561 0.25425 1.0 0.928 -0.62 -0.06
0.0 0.0 0.0 0.0 0.0 0.0 0.0 0.0 0.0 0.0 0.0 0.0 0.0 0.0 0.0 0.0 0.0 0.0 0.0 0.0 0.0 0.0 0.0 1.0 0.0 0.6766 1.0 0.896 0.103 0.0 0.0 -0.0 -0.0 0.6399999999999999 1.0 0.922 0.0 0.098 -0.20224999999999999 0.8 0.776 -0.96 0.165 -0.13 0.2 0.0 -0.13 -0.13 0.6626666666666667 0.6 0.935 0.0 0.284
0.0 0.0 0.0 0.0 0.0 0.0 1.0 0.0 0.0 0.0 0.0 0.0 0.0 0.0 0.0 0.0 0.0 0.0 0.0 0.0 0.0 1.0 0.0 0.0 0.0 0.82025 1.0 0.931 0.746 0.0 0.0 -0.0 -0.0 0.739 1.0 0.898 0.0 0.723 0.08699999999999997 0.5 0.964 -0.79 0.964 0.0 0.0 0.0 0.0 0.0 0.8773333333333334 0.75 0.935 0.0 0.769
0.0 0.0 0.0 0.0 0.0 1.0 0.0 0.0 0.0 0.0 0.0 1.0 0.0 1.0 0.0 0.0 0.0 0.0 0.0 0.0 0.0 0.0 0.0 1.0 0.0 0.49273684210526325 0.8636363636363636 0.935 0.806 0.48666666666666664 0.13636363636363635 -0.0 0.84 0.3244285714285714 0.9545454545454546 0.956 -0.95 0.906 0.03808333333333334 0.5454545454545454 0.776 -0.96 0.715 -0.00428571428571428 0.3181818181818182 0.561 -0.23 0.049 0.3811 0.9090909090909091 0.978 -0.73 0.796
0.0 0.0 0.0 0.0 0.0 0.0 0.0 0.0 0.0 0.0 0.0 1.0 0.0 0.0 0.0 0.0 0.0 0.0 0.0 0.0 0.0 0.0 0.0 0.0 0.0 0.6505 0.8 0.939 0.746 0.81 0.2 -0.0 0.81 0.3435 0.8 0.899 -0.95 0.723 0.1573333333333333 0.6 0.979 -0.65 -0.65 0.721 0.2 0.721 0.0 0.721 0.26775000000000004 0.8 0.788 -0.75 0.769
0.0 0.0 0.0 0.0 0.0 0.0 0.0 0.0 0.0 0.0 0.0 0.0 0.0 0.0 0.0 0.0 0.0 0.0 0.0 0.0 0.0 0.0 0.0 1.0 0.0 0.746 1.0 0.746 0.746 0.0 0.0 -0.0 -0.0 0.723 1.0 0.723 0.0 0.723 0.0 0.0 0.0 0.0 0.0 0.0 0.0 0.0 0.0 0.0 0.769 1.0 0.769 0.0 0.769
0.0 0.0 0.0 0.0 0.0 0.0 1.0 0.0 0.0 0.0 0.0 0.0 0.0 0.0 0.0 0.0 0.0 0.0 0.0 0.0 0.0 1.0 0.0 0.0 0.0 0.51425 1.0 0.895 0.208 0.0 0.0 -0.0 -0.0 0.43766666666666665 0.75 0.723 0.0 0.295 0.48966666666666664 0.75 0.991 0.0 0.239 0.049 0.5 0.049 0.0 0.049 0.5650000000000001 1.0 0.799 0.0 0.346
0.0 0.0 1.0 0.0 0.0 0.0 2.0 0.0 0.0 0.0 0.0 0.0 0.0 0.0 0.0 0.0 0.0 0.0 0.0 0.0 0.0 1.0 0.0 0.0 0.0 0.5586666666666666 1.0 0.815 0.746 0.0 0.0 -0.0 -0.0 0.49466666666666664 1.0 0.723 0.0 0.723 0.274 0.3333333333333333 0.274 0.0 0.274 -0.11 0.3333333333333333 0.0 -0.11 -0.11 0.6470000000000001 1.0 0.928 0.0 0.769
0.0 0.0 0.0 0.0 0.0 0.0 0.0 0.0 0.0 0.0 0.0 0.0 0.0 0.0 0.0 0.0 0.0 0.0 0.0 0.0 0.0 0.0 0.0 1.0 0.0 0.746 1.0 0.746 0.746 0.0 0.0 -0.0 -0.0 0.723 1.0 0.723 0.0 0.723 0.0 0.0 0.0 0.0 0.0 0.0 0.0 0.0 0.0 0.0 0.769 1.0 0.769 0.0 0.769
0.0 0.0 0.0 0.0 0.0 0.0 0.0 0.0 0.0 0.0 0.0 0.0 0.0 0.0 0.0 0.0 0.0 0.0 0.0 0.0 0.0 0.0 0.0 1.0 0.0 0.7593636363636365 0.7857142857142857 0.986 0.935 0.5166666666666667 0.21428571428571427 -0.0 0.09 0.5601666666666666 0.8571428571428571 0.986 -0.58 0.935 0.6665 0.42857142857142855 0.979 0.0 0.795 -0.05333333333333332 0.21428571428571427 0.561 -0.77 0.049 0.31379999999999997 0.7142857142857143 0.947 -0.99 0.706
0.0 0.0 0.0 0.0 0.0 2.0 0.0 0.0 0.0 0.0 0.0 0.0 0.0 1.0 0.0 0.0 0.0 0.0 0.0 0.0 0.0 0.0 0.0 0.0 0.0 0.548 0.7272727272727273 0.935 0.746 0.64 0.2727272727272727 -0.0 0.81 0.04759999999999999 0.9090909090909091 0.956 -0.95 0.723 -0.2387142857142857 0.6363636363636364 0.239 -0.94 0.192 0.1522 0.45454545454545453 0.721 -0.6 0.721 0.3043636363636364 1.0 0.935 -0.75 0.769
0.0 0.0 0.0 0.0 0.0 0.0 1.0 0.0 0.0 0.0 0.0 0.0 0.0 0.0 0.0 0.0 0.0 0.0 0.0 0.0 0.0 1.0 0.0 0.0 0.0 0.5518 0.8333333333333334 0.935 0.935 0.33 0.16666666666666666 -0.0 0.33 0.5856 0.8333333333333334 0.956 0.0 0.956 0.5015000000000001 0.3333333333333333 0.764 0.0 0.239 -0.29 0.5 0.081 -1.0 -1.0 0.5555 1.0 0.914 0.0 0.33
0.0 0.0 0.0 0.0 0.0 0.0 1.0 0.0 0.0 0.0 0.0 0.0 0.0 0.0 0.0 0.0 0.0 0.0 0.0 0.0 0.0 0.0 0.0 0.0 0.0 0.8015 1.0 0.857 0.746 0.0 0.0 -0.0 -0.0 0.8140000000000001 1.0 0.905 0.0 0.723 0.773 0.5 0.773 0.0 0.773 0.0 0.0 0.0 0.0 0.0 0.8305 1.0 0.892 0.0 0.769
0.0 0.0 0.0 0.0 0.0 0.0 0.0 0.0 0.0 1.0 0.0 0.0 0.0 0.0 0.0 0.0 0.0 0.0 0.0 0.0 0.0 0.0 0.0 0.0 0.0 0.513375 0.8 0.935 0.258 0.7350000000000001 0.2 -0.0 0.66 0.27355555555555555 0.9 0.956 -0.95 0.277 0.48416666666666663 0.6 0.884 0.0 0.161 0.153 0.5 0.721 -0.36 -0.36 0.18075 0.8 0.914 -0.75 0.337
0.0 0.0 0.0 0.0 0.0 0.0 2.0 0.0 0.0 0.0 0.0 1.0 0.0 0.0 0.0 0.0 0.0 0.0 0.0 0.0 0.0 1.0 0.0 0.0 0.0 0.5772666666666667 0.75 0.935 0.716 0.604 0.25 -0.0 0.65 0.2695263157894736 0.95 0.956 -0.91 -0.86 0.07576923076923074 0.65 0.776 -0.79 -0.56 -0.06362499999999999 0.4 0.609 -0.99 0.609 0.253 0.85 0.935 -0.99 -0.5
0.0 0.0 0.0 0.0 0.0 0.0 0.0 0.0 0.0 0.0 0.0 0.0 0.0 0.0 0.0 0.0 0.0 0.0 0.0 0.0 0.0 0.0 0.0 1.0 0.0 0.7006666666666667 0.75 0.935 0.806 0.615 0.25 -0.0 0.65 0.3415 1.0 0.956 -0.86 -0.86 -0.03580000000000001 0.625 0.776 -0.99 0.715 0.585 0.25 0.609 0.0 0.609 0.3058571428571429 0.875 0.935 -0.62 -0.5
0.0 0.0 0.0 0.0 0.0 0.0 1.0 0.0 0.0 0.0 0.0 0.0 0.0 0.0 0.0 0.0 0.0 0.0 0.0 0.0 0.0 1.0 0.0 0.0 0.0 0.38875000000000004 0.6666666666666666 0.746 0.658 0.725 0.3333333333333333 -0.0 0.87 -0.032833333333333346 1.0 0.723 -0.91 0.64 -0.08599999999999998 0.5 0.212 -0.58 -0.58 -0.07949999999999996 0.3333333333333333 0.561 -0.72 -0.72 0.019166666666666665 1.0 0.769 -0.99 0.747
0.0 0.0 0.0 0.0 0.0 0.0 0.0 0.0 0.0 0.0 0.0 0.0 0.0 1.0 0.0 0.0 0.0 0.0 0.0 0.0 0.0 0.0 0.0 1.0 0.0 0.59775 0.5714285714285714 0.789 0.789 0.52 0.42857142857142855 -0.0 0.66 0.03642857142857143 1.0 0.723 -0.96 0.633 -0.14780000000000001 0.7142857142857143 0.707 -0.79 -0.79 0.2525 0.2857142857142857 0.585 -0.08 0.585 0.19142857142857145 1.0 0.935 -0.77 0.935
0.0 0.0 0.0 0.0 0.0 0.0 0.0 0.0 0.0 0.0 0.0 1.0 0.0 1.0 0.0 0.0 0.0 0.0 0.0 0.0 0.0 0.0 0.0 1.0 0.0 0.45519999999999994 0.7142857142857143 0.922 0.922 0.7875 0.2857142857142857 -0.0 0.9 0.06574999999999999 0.8571428571428571 0.927 -0.95 -0.95 -0.1327777777777778 0.6428571428571429 0.96 -0.83 0.96 0.3637142857142857 0.5 0.828 -0.19 0.828 0.13985714285714285 1.0 0.935 -0.97 -0.97
0.0 0.0 0.0 0.0 0.0 1.0 0.0 0.0 0.0 0.0 0.0 0.0 0.0 0.0 0.0 0.0 0.0 0.0 0.0 0.0 0.0 0.0 1.0 0.0 0.0 0.637 1.0 0.837 0.837 0.0 0.0 -0.0 -0.0 0.4586666666666666 0.75 0.773 -0.03 0.773 0.3125 1.0 0.938 -0.79 0.938 0.0 0.0 0.0 0.0 0.0 0.5876666666666667 0.75 0.935 0.0 0.735
0.0 0.0 0.0 0.0 0.0 0.0 0.0 0.0 0.0 0.0 0.0 0.0 0.0 0.0 0.0 0.0 0.0 0.0 0.0 0.0 0.0 0.0 0.0 1.0 0.0 0.4826 0.8333333333333334 0.939 0.101 0.45999999999999996 0.16666666666666666 -0.0 0.06 0.27599999999999997 0.8333333333333334 0.956 -0.88 0.034 0.07339999999999998 0.8333333333333334 0.979 -0.88 0.137 -0.07733333333333332 0.25 0.008 -0.13 0.008 0.242 0.8333333333333334 0.914 -0.85 0.242
0.0 0.0 0.0 0.0 2.0 1.0 0.0 0.0 0.0 0.0 0.0 3.0 0.0 0.0 0.0 0.0 0.0 0.0 0.0 0.0 0.0 0.0 1.0 0.0 0.0 0.4095789473684211 0.9047619047619048 0.939 0.091 0.41000000000000003 0.09523809523809523 -0.0 0.77 0.3361764705882353 0.8095238095238095 0.956 -0.09 0.829 0.021055555555555557 0.8571428571428571 0.979 -0.94 0.152 -0.014545454545454544 0.5238095238095238 0.741 -0.21 -0.08 0.3803888888888889 0.8571428571428571 0.935 -0.8 0.208
0.0 0.0 0.0 0.0 0.0 0.0 0.0 0.0 0.0 0.0 0.0 0.0 0.0 1.0 0.0 0.0 0.0 0.0 0.0 0.0 0.0 0.0 0.0 1.0 0.0 0.8245 0.5714285714285714 0.848 0.846 0.6133333333333333 0.42857142857142855 -0.0 0.85 -0.07125000000000001 0.5714285714285714 0.702 -0.82 0.633 -0.178 0.5714285714285714 0.792 -0.94 -0.94 -0.18466666666666667 0.42857142857142855 0.706 -0.8 -0.8 0.2515714285714286 1.0 0.935 -0.96 0.744
0.0 0.0 0.0 0.0 1.0 0.0 0.0 0.0 0.0 1.0 0.0 0.0 0.0 0.0 0.0 0.0 0.0 0.0 0.0 0.0 0.0 0.0 0.0 1.0 0.0 0.633 0.6 0.935 0.74 0.0425 0.4 -0.0 0.04 0.254625 0.8 0.956 -0.09 -0.03 0.02788888888888887 0.9 0.73 -0.62 -0.04 0.012499999999999997 0.4 0.079 -0.13 0.079 0.36819999999999997 1.0 0.914 -0.11 -0.09
0.0 0.0 0.0 0.0 0.0 0.0 0.0 0.0 0.0 0.0 0.0 0.0 0.0 0.0 0.0 0.0 0.0 0.0 0.0 0.0 0.0 0.0 0.0 0.0 0.0 0.0 0.0 0.0 0.0 0.77 1.0 -0.0 0.77 0.0 0.0 0.0 0.0 0.0 0.0 0.0 0.0 0.0 0.0 0.741 1.0 0.741 0.0 0.741 -0.8 1.0 0.0 -0.8 -0.8
0.0 0.0 0.0 0.0 0.0 0.0 0.0 0.0 0.0 0.0 0.0 0.0 0.0 0.0 0.0 0.0 0.0 0.0 0.0 0.0 0.0 0.0 0.0 1.0 0.0 0.938 0.5 0.938 0.938 0.99 0.5 -0.0 0.99 0.877 0.5 0.877 0.0 0.877 -0.99 0.5 0.0 -0.99 -0.99 0.0 0.0 0.0 0.0 0.0 -0.99 0.5 0.0 -0.99 -0.99
0.0 0.0 0.0 0.0 0.0 0.0 0.0 0.0 0.0 0.0 0.0 0.0 0.0 0.0 0.0 0.0 0.0 0.0 0.0 0.0 0.0 0.0 0.0 1.0 0.0 0.8889999999999999 0.75 0.939 0.935 0.84 0.25 -0.0 0.84 0.45575 1.0 0.956 -0.85 -0.85 0.874 0.5 0.979 0.0 0.979 0.833 0.25 0.833 0.0 0.833 0.914 0.25 0.914 0.0 0.914
0.0 0.0 0.0 0.0 0.0 0.0 0.0 0.0 0.0 0.0 0.0 1.0 0.0 0.0 0.0 0.0 0.0 0.0 0.0 0.0 0.0 0.0 0.0 1.0 0.0 0.446 0.5 0.771 0.121 0.525 0.5 -0.0 0.27 -0.48633333333333334 0.75 0.041 -0.75 0.041 0.347 0.75 0.73 0.0 0.157 0.08999999999999997 0.5 0.82 -0.64 -0.64 0.373 0.75 0.813 0.0 0.164
0.0 0.0 0.0 0.0 0.0 0.0 0.0 0.0 0.0 0.0 0.0 0.0 0.0 0.0 0.0 0.0 0.0 0.0 0.0 0.0 0.0 0.0 0.0 1.0 0.0 0.31866666666666665 0.5 0.713 0.086 0.5133333333333333 0.5 -0.0 0.58 0.045999999999999985 0.6666666666666666 0.702 -0.58 0.702 -0.07825 0.6666666666666666 0.196 -0.65 0.196 0.36250000000000004 0.6666666666666666 0.937 -0.13 -0.13 0.0976 0.8333333333333334 0.788 -0.62 0.192
0.0 0.0 0.0 0.0 0.0 0.0 0.0 0.0 0.0 1.0 0.0 0.0 0.0 0.0 0.0 0.0 0.0 0.0 0.0 1.0 0.0 0.0 0.0 0.0 0.0 0.48433333333333334 0.6 0.789 0.05 0.43999999999999995 0.4 -0.0 0.82 0.03979999999999997 1.0 0.633 -0.94 -0.94 -0.48733333333333334 0.6 0.068 -0.79 0.068 0.293 0.4 0.716 -0.13 0.716 0.358 0.8 0.935 -0.11 0.074
0.0 0.0 0.0 0.0 0.0 0.0 0.0 0.0 1.0 0.0 0.0 0.0 0.0 1.0 0.0 0.0 0.0 0.0 0.0 0.0 0.0 0.0 0.0 0.0 0.0 0.65225 1.0 0.907 0.839 0.0 0.0 -0.0 -0.0 0.6265 1.0 0.875 -0.05 0.875 0.5345 0.5 0.77 0.0 0.77 -0.11 0.25 0.0 -0.11 -0.11 0.6316666666666667 0.75 0.959 0.0 0.802
0.0 0.0 0.0 0.0 0.0 0.0 0.0 0.0 0.0 0.0 0.0 0.0 0.0 0.0 0.0 0.0 0.0 0.0 0.0 0.0 0.0 0.0 0.0 1.0 0.0 0.4532 0.8333333333333334 0.897 0.789 0.78 0.16666666666666666 -0.0 0.78 0.2215 0.6666666666666666 0.921 -0.75 0.633 -0.046500000000000014 0.6666666666666666 0.32 -0.79 -0.79 0.82 0.16666666666666666 0.82 0.0 0.82 0.5295000000000001 0.6666666666666666 0.935 0.0 0.935
0.0 0.0 0.0 0.0 0.0 0.0 0.0 0.0 0.0 0.0 0.0 0.0 0.0 0.0 0.0 0.0 0.0 0.0 0.0 0.0 0.0 0.0 0.0 1.0 0.0 0.483 1.0 0.789 0.177 0.0 0.0 -0.0 -0.0 0.3565 1.0 0.633 0.0 0.08 -0.625 1.0 0.0 -0.79 -0.46 0.037 0.5 0.037 0.0 0.037 0.5695 1.0 0.935 0.0 0.204
0.0 0.0 0.0 0.0 0.0 0.0 0.0 0.0 0.0 0.0 0.0 0.0 0.0 0.0 0.0 0.0 0.0 0.0 0.0 0.0 0.0 0.0 0.0 1.0 0.0 0.3455 0.5714285714285714 0.939 0.157 0.5166666666666667 0.42857142857142855 -0.0 0.73 -0.1378 0.7142857142857143 0.899 -0.81 -0.81 0.33625 0.5714285714285714 0.979 0.0 0.191 0.195 0.2857142857142857 0.52 -0.13 0.52 -0.19783333333333333 0.8571428571428571 0.198 -0.87 -0.87
0.0 0.0 0.0 0.0 0.0 0.0 0.0 0.0 0.0 0.0 0.0 0.0 0.0 0.0 0.0 0.0 0.0 0.0 0.0 0.0 0.0 0.0 0.0 0.0 0.0 0.626 0.5 0.935 0.331 0.6916666666666668 0.5 -0.0 0.76 0.24883333333333332 0.5 0.956 -0.72 0.635 0.013333333333333345 0.5 0.794 -0.94 0.639 -0.008714285714285706 0.5833333333333334 0.828 -0.7 -0.24 0.020181818181818193 0.9166666666666666 0.944 -0.99 0.291
0.0 0.0 0.0 0.0 0.0 0.0 0.0 0.0 0.0 0.0 0.0 0.0 0.0 0.0 0.0 0.0 0.0 0.0 0.0 0.0 0.0 0.0 0.0 1.0 0.0 0.073 0.3333333333333333 0.073 0.073 0.525 0.6666666666666666 -0.0 0.27 -0.75 0.6666666666666666 0.0 -0.75 -0.75 0.11549999999999999 0.6666666666666666 0.154 0.0 0.077 0.08999999999999997 0.6666666666666666 0.82 -0.64 -0.64 0.105 0.6666666666666666 0.142 0.0 0.068
0.0 0.0 0.0 0.0 0.0 0.0 1.0 0.0 0.0 0.0 0.0 2.0 0.0 0.0 0.0 0.0 0.0 0.0 0.0 0.0 0.0 1.0 0.0 0.0 0.0 0.9 0.3333333333333333 0.9 0.9 0.635 0.6666666666666666 -0.0 0.28 0.34199999999999997 0.6666666666666666 0.754 -0.07 -0.07 0.5865 0.6666666666666666 0.981 0.0 0.192 0.634 0.3333333333333333 0.634 0.0 0.634 -0.218 1.0 0.966 -0.99 -0.63
0.0 0.0 0.0 0.0 0.0 0.0 0.0 0.0 0.0 0.0 0.0 0.0 0.0 0.0 0.0 0.0 0.0 0.0 0.0 0.0 0.0 0.0 0.0 1.0 0.0 0.0 0.0 0.0 0.0 0.27 1.0 -0.0 0.27 -0.75 1.0 0.0 -0.75 -0.75 0.154 1.0 0.154 0.0 0.154 -0.64 1.0 0.0 -0.64 -0.64 0.142 1.0 0.142 0.0 0.142
0.0 0.0 0.0 0.0 0.0 0.0 0.0 0.0 0.0 0.0 0.0 0.0 0.0 0.0 0.0 0.0 0.0 0.0 0.0 0.0 0.0 0.0 0.0 1.0 0.0 0.539 0.8333333333333334 0.878 0.789 0.87 0.16666666666666666 -0.0 0.87 0.14850000000000002 0.6666666666666666 0.812 -0.91 0.633 0.15325 0.6666666666666666 0.984 -0.79 -0.79 -0.25799999999999995 0.5 0.056 -0.72 0.056 0.3403333333333333 1.0 0.935 -0.99 0.935
0.0 0.0 0.0 0.0 0.0 0.0 0.0 0.0 1.0 0.0 0.0 0.0 0.0 0.0 0.0 0.0 0.0 0.0 0.0 0.0 0.0 0.0 0.0 1.0 0.0 0.082 0.5 0.082 0.082 0.8 0.5 -0.0 0.8 -0.3365 1.0 0.127 -0.8 0.127 0.069 0.5 0.069 0.0 0.069 0.029 0.5 0.029 0.0 0.029 0.16 0.5 0.16 0.0 0.16
0.0 0.0 0.0 0.0 0.0 0.0 0.0 0.0 0.0 0.0 0.0 0.0 0.0 0.0 0.0 0.0 0.0 0.0 0.0 0.0 0.0 0.0 0.0 1.0 0.0 0.334 1.0 0.334 0.334 0.0 0.0 -0.0 -0.0 0.0 0.0 0.0 0.0 0.0 -0.33 1.0 0.0 -0.33 -0.33 0.0 0.0 0.0 0.0 0.0 0.0 0.0 0.0 0.0 0.0
0.0 0.0 0.0 0.0 0.0 0.0 0.0 0.0 1.0 0.0 0.0 0.0 0.0 1.0 0.0 0.0 0.0 0.0 0.0 0.0 0.0 0.0 0.0 1.0 0.0 0.49874999999999997 0.6666666666666666 0.846 0.157 0.535 0.3333333333333333 -0.0 0.31 -0.0498 0.8333333333333334 0.784 -0.74 -0.74 -0.06725 0.6666666666666666 0.241 -0.94 0.241 0.19966666666666666 0.5 0.97 -0.42 -0.42 0.16199999999999995 0.6666666666666666 0.744 -0.64 -0.64
0.0 0.0 0.0 0.0 0.0 0.0 0.0 0.0 0.0 0.0 0.0 0.0 0.0 0.0 0.0 0.0 0.0 0.0 0.0 0.0 0.0 0.0 0.0 1.0 0.0 0.702 0.75 0.939 0.87 0.76 0.25 -0.0 0.76 0.6573333333333333 0.75 0.956 -0.72 0.925 0.1516 0.625 0.979 -0.58 0.815 0.006000000000000005 0.25 0.752 -0.74 -0.74 0.07733333333333335 0.75 0.914 -0.81 0.54
0.0 0.0 0.0 0.0 0.0 0.0 0.0 0.0 0.0 0.0 0.0 0.0 0.0 0.0 0.0 0.0 0.0 0.0 0.0 0.0 0.0 0.0 0.0 1.0 0.0 0.0 0.0 0.0 0.0 0.27 1.0 -0.0 0.27 -0.75 1.0 0.0 -0.75 -0.75 0.154 1.0 0.154 0.0 0.154 -0.64 1.0 0.0 -0.64 -0.64 0.142 1.0 0.142 0.0 0.142
0.0 0.0 0.0 0.0 0.0 0.0 0.0 0.0 0.0 0.0 0.0 0.0 0.0 0.0 0.0 0.0 0.0 0.0 0.0 0.0 0.0 0.0 0.0 1.0 0.0 0.0 0.0 0.0 0.0 0.37 1.0 -0.0 0.7 -0.04 0.5 0.0 -0.04 -0.04 0.0 0.0 0.0 0.0 0.0 -0.7 0.5 0.0 -0.7 -0.7 -0.05 0.5 0.0 -0.05 -0.05
0.0 0.0 0.0 0.0 0.0 0.0 0.0 0.0 0.0 0.0 0.0 0.0 0.0 0.0 0.0 0.0 0.0 0.0 0.0 0.0 0.0 0.0 0.0 1.0 0.0 0.208 0.5 0.208 0.208 0.27 0.5 -0.0 0.27 -0.2275 1.0 0.295 -0.75 -0.75 0.1965 1.0 0.239 0.0 0.154 -0.2955 1.0 0.049 -0.64 -0.64 0.244 1.0 0.346 0.0 0.142
0.0 0.0 0.0 0.0 0.0 0.0 0.0 0.0 0.0 0.0 0.0 0.0 0.0 0.0 0.0 0.0 0.0 0.0 0.0 0.0 0.0 0.0 0.0 1.0 0.0 0.0 0.0 0.0 0.0 0.27 1.0 -0.0 0.27 -0.75 1.0 0.0 -0.75 -0.75 0.154 1.0 0.154 0.0 0.154 -0.64 1.0 0.0 -0.64 -0.64 0.142 1.0 0.142 0.0 0.142
0.0 0.0 0.0 0.0 0.0 0.0 0.0 0.0 0.0 0.0 0.0 1.0 0.0 0.0 0.0 0.0 0.0 0.0 0.0 0.0 0.0 0.0 0.0 1.0 0.0 0.0 0.0 0.0 0.0 0.7766666666666667 1.0 -0.0 0.83 -0.8766666666666666 1.0 0.0 -0.96 -0.71 0.0 0.0 0.0 0.0 0.0 0.7006666666666667 1.0 0.83 0.0 0.83 -0.7666666666666666 1.0 0.0 -0.96 -0.96
