0.0 0.0 0.0 0.0 0.0 0.0 0.0 0.0 0.0 0.0 0.0 0.0 0.0 0.0 0.0 0.0 0.0 0.0 0.0 0.0 0.0 0.0 0.0 1.0 0.0 0.7091666666666666 0.75 0.935 0.806 0.615 0.25 -0.0 0.65 0.32987500000000003 1.0 0.956 -0.86 -0.86 0.20274999999999999 0.5 0.776 -0.79 0.715 0.585 0.25 0.609 0.0 0.609 0.367 0.875 0.935 -0.62 -0.5
0.0 0.0 0.0 0.0 1.0 0.0 1.0 0.0 0.0 1.0 0.0 1.0 0.0 0.0 0.0 0.0 0.0 0.0 0.0 0.0 0.0 0.0 0.0 0.0 0.0 0.5586666666666666 0.9 0.931 0.749 0.27 0.1 -0.0 0.27 0.36289999999999994 1.0 0.898 -0.82 0.716 0.09114285714285712 0.7 0.964 -0.79 0.782 -0.14100000000000001 0.4 0.026 -0.46 -0.46 0.511 0.8 0.935 -0.05 -0.05
0.0 0.0 0.0 0.0 0.0 0.0 1.0 0.0 0.0 1.0 0.0 0.0 0.0 0.0 0.0 0.0 0.0 0.0 0.0 1.0 0.0 0.0 0.0 0.0 0.0 0.37466666666666665 1.0 0.953 0.953 0.0 0.0 -0.0 -0.0 0.446 0.8333333333333334 0.918 0.0 0.918 0.32480000000000003 0.8333333333333334 0.988 0.0 0.988 -0.018749999999999996 0.6666666666666666 0.056 -0.09 -0.09 0.388 0.8333333333333334 0.769 0.0 0.314
0.0 0.0 0.0 0.0 0.0 0.0 1.0 0.0 0.0 0.0 0.0 0.0 0.0 0.0 0.0 0.0 0.0 0.0 0.0 0.0 0.0 1.0 0.0 0.0 0.0 0.7805 1.0 0.815 0.746 0.0 0.0 -0.0 -0.0 0.7124999999999999 1.0 0.723 0.0 0.723 0.0 0.0 0.0 0.0 0.0 0.0 0.0 0.0 0.0 0.0 0.8485 1.0 0.928 0.0 0.769
0.0 0.0 0.0 0.0 0.0 0.0 1.0 0.0 0.0 0.0 0.0 0.0 0.0 0.0 0.0 0.0 0.0 0.0 0.0 0.0 0.0 1.0 0.0 0.0 0.0 0.7805 1.0 0.815 0.746 0.0 0.0 -0.0 -0.0 0.7124999999999999 1.0 0.723 0.0 0.723 0.0 0.0 0.0 0.0 0.0 0.0 0.0 0.0 0.0 0.0 0.8485 1.0 0.928 0.0 0.769
0.0 0.0 0.0 0.0 0.0 0.0 1.0 0.0 0.0 0.0 0.0 0.0 0.0 0.0 0.0 0.0 0.0 0.0 0.0 0.0 0.0 0.0 0.0 0.0 0.0 0.6677500000000001 0.8888888888888888 0.935 0.806 0.81 0.1111111111111111 -0.0 0.81 0.5277777777777778 1.0 0.956 -0.95 0.906 0.6216666666666666 0.6666666666666666 0.776 0.0 0.715 0.1805 0.2222222222222222 0.721 -0.36 -0.36 0.44642857142857145 0.7777777777777778 0.914 -0.75 0.796
0.0 0.0 0.0 0.0 0.0 0.0 0.0 0.0 0.0 0.0 0.0 1.0 0.0 1.0 0.0 0.0 0.0 0.0 0.0 0.0 0.0 0.0 0.0 1.0 0.0 0.6350666666666667 1.0 0.935 0.716 0.0 0.0 -0.0 -0.0 0.6216923076923078 0.8666666666666667 0.956 -0.04 0.694 -0.208 0.8 0.858 -0.99 -0.56 -0.06366666666666666 0.2 0.049 -0.15 -0.09 0.6787692307692308 0.8666666666666667 0.935 0.0 0.888
0.0 0.0 0.0 0.0 0.0 0.0 0.0 0.0 0.0 1.0 0.0 0.0 0.0 0.0 0.0 0.0 0.0 0.0 0.0 1.0 0.0 0.0 0.0 0.0 0.0 0.4035 1.0 0.789 0.789 0.0 0.0 -0.0 -0.0 0.3015 1.0 0.633 -0.03 0.633 -0.34600000000000003 1.0 0.098 -0.79 -0.79 -0.06 0.5 0.0 -0.06 -0.06 0.506 1.0 0.935 0.0 0.935
0.0 0.0 0.0 0.0 0.0 0.0 0.0 0.0 0.0 1.0 0.0 0.0 0.0 0.0 0.0 0.0 0.0 0.0 0.0 1.0 0.0 0.0 0.0 0.0 0.0 0.66275 0.8 0.935 0.806 0.58 0.2 -0.0 0.58 0.4328 1.0 0.956 -0.58 0.906 0.5336666666666666 0.6 0.776 0.0 0.715 0.561 0.2 0.561 0.0 0.561 0.3015 0.8 0.914 -0.62 0.796
0.0 0.0 0.0 0.0 0.0 0.0 0.0 0.0 0.0 0.0 0.0 0.0 0.0 0.0 0.0 0.0 0.0 0.0 0.0 0.0 0.0 0.0 0.0 1.0 0.0 0.8 1.0 0.854 0.746 0.0 0.0 -0.0 -0.0 0.723 0.5 0.723 0.0 0.723 -0.81 0.5 0.0 -0.81 -0.81 0.0 0.0 0.0 0.0 0.0 0.8320000000000001 1.0 0.895 0.0 0.769
0.0 0.0 0.0 0.0 0.0 0.0 0.0 0.0 0.0 0.0 0.0 0.0 0.0 0.0 0.0 0.0 0.0 0.0 0.0 0.0 0.0 0.0 0.0 1.0 0.0 0.62625 0.8 0.849 0.806 0.65 0.2 -0.0 0.65 0.3122000000000001 1.0 0.922 -0.86 -0.86 0.20274999999999999 0.8 0.776 -0.79 0.715 0.609 0.2 0.609 0.0 0.609 0.33675000000000005 0.8 0.935 -0.5 -0.5
0.0 0.0 0.0 0.0 0.0 0.0 0.0 0.0 1.0 0.0 0.0 0.0 0.0 0.0 0.0 0.0 0.0 0.0 0.0 0.0 0.0 0.0 0.0 1.0 0.0 0.5072 0.8333333333333334 0.833 0.779 0.72 0.16666666666666666 -0.0 0.72 0.2245 1.0 0.92 -0.9 0.784 -0.09140000000000001 0.8333333333333334 0.764 -0.88 0.764 -0.013999999999999993 0.5 0.278 -0.2 -0.12 0.3263333333333333 1.0 0.935 -0.99 0.79
0.0 0.0 0.0 0.0 0.0 0.0 0.0 0.0 0.0 0.0 0.0 0.0 0.0 0.0 0.0 0.0 0.0 0.0 0.0 0.0 0.0 0.0 0.0 0.0 0.0 0.572 0.75 0.849 0.806 0.58 0.25 -0.0 0.58 0.30200000000000005 1.0 0.922 -0.58 0.906 0.5336666666666666 0.75 0.776 0.0 0.715 0.561 0.25 0.561 0.0 0.561 0.09733333333333334 0.75 0.796 -0.62 0.796
0.0 0.0 0.0 0.0 0.0 0.0 1.0 0.0 0.0 0.0 0.0 0.0 0.0 0.0 0.0 0.0 0.0 0.0 0.0 0.0 0.0 1.0 0.0 0.0 0.0 0.857 1.0 0.857 0.857 0.0 0.0 -0.0 -0.0 0.905 1.0 0.905 0.0 0.905 0.773 1.0 0.773 0.0 0.773 0.0 0.0 0.0 0.0 0.0 0.892 1.0 0.892 0.0 0.892
0.0 0.0 0.0 0.0 0.0 0.0 1.0 0.0 0.0 0.0 0.0 0.0 0.0 0.0 0.0 0.0 0.0 0.0 0.0 0.0 0.0 1.0 0.0 0.0 0.0 0.6154999999999999 1.0 0.849 0.806 0.0 0.0 -0.0 -0.0 0.62775 1.0 0.922 -0.04 0.906 0.5336666666666666 0.75 0.776 0.0 0.715 0.0 0.0 0.0 0.0 0.0 0.5603333333333333 0.75 0.796 0.0 0.796
0.0 0.0 0.0 0.0 0.0 0.0 1.0 0.0 0.0 0.0 0.0 0.0 0.0 0.0 0.0 0.0 0.0 0.0 0.0 0.0 0.0 1.0 0.0 0.0 0.0 0.6140000000000001 1.0 0.857 0.746 0.0 0.0 -0.0 -0.0 0.61725 1.0 0.905 0.0 0.723 0.5593333333333333 0.75 0.773 0.0 0.141 -0.06 0.25 0.0 -0.06 -0.06 0.65325 1.0 0.892 0.0 0.769
0.0 0.0 0.0 0.0 0.0 0.0 0.0 0.0 0.0 0.0 0.0 0.0 0.0 0.0 0.0 0.0 0.0 0.0 0.0 0.0 0.0 0.0 0.0 0.0 0.0 0.746 1.0 0.746 0.746 0.0 0.0 -0.0 -0.0 0.723 1.0 0.723 0.0 0.723 0.0 0.0 0.0 0.0 0.0 0.0 0.0 0.0 0.0 0.0 0.769 1.0 0.769 0.0 0.769
0.0 0.0 0.0 0.0 0.0 0.0 1.0 0.0 0.0 0.0 0.0 0.0 0.0 0.0 0.0 0.0 0.0 0.0 0.0 0.0 0.0 1.0 0.0 0.0 0.0 0.8283333333333335 1.0 0.857 0.849 0.0 0.0 -0.0 -0.0 0.8653333333333334 1.0 0.907 0.0 0.907 0.7685 0.6666666666666666 0.773 0.0 0.764 0.0 0.0 0.0 0.0 0.0 0.824 1.0 0.892 0.0 0.79
0.0 0.0 0.0 0.0 0.0 0.0 0.0 0.0 0.0 0.0 0.0 0.0 0.0 0.0 0.0 0.0 0.0 0.0 0.0 0.0 0.0 0.0 0.0 1.0 0.0 0.7115 0.75 0.935 0.806 0.615 0.25 -0.0 0.65 0.358125 1.0 0.956 -0.86 -0.86 -0.01180000000000001 0.625 0.776 -0.87 0.715 0.585 0.25 0.609 0.0 0.609 0.33142857142857146 0.875 0.935 -0.62 -0.5
0.0 0.0 0.0 0.0 0.0 0.0 1.0 0.0 0.0 0.0 0.0 0.0 0.0 0.0 0.0 0.0 0.0 0.0 0.0 0.0 0.0 1.0 0.0 0.0 0.0 0.931 0.6666666666666666 0.935 0.927 0.84 0.3333333333333333 -0.0 0.84 0.311 1.0 0.956 -0.95 -0.95 0.0 0.0 0.0 0.0 0.0 0.0 0.0 0.0 0.0 0.0 0.09200000000000003 0.6666666666666666 0.914 -0.73 -0.73
0.0 0.0 0.0 0.0 1.0 0.0 0.0 0.0 0.0 0.0 0.0 0.0 0.0 0.0 0.0 0.0 0.0 0.0 0.0 0.0 0.0 0.0 0.0 0.0 1.0 0.8713333333333333 0.75 0.924 0.841 0.66 0.25 -0.0 0.66 0.47824999999999995 1.0 0.986 -0.78 0.785 0.768 0.5 0.776 0.0 0.76 0.585 0.25 0.585 0.0 0.585 0.4036666666666666 0.75 0.979 -0.63 0.979
0.0 0.0 0.0 0.0 1.0 0.0 0.0 0.0 0.0 0.0 0.0 0.0 0.0 0.0 0.0 0.0 0.0 0.0 0.0 0.0 0.0 0.0 0.0 1.0 0.0 0.5074285714285715 1.0 0.935 0.091 0.0 0.0 -0.0 -0.0 0.5566666666666666 0.8571428571428571 0.956 -0.04 0.829 0.17216666666666666 0.8571428571428571 0.776 -0.79 0.152 -0.08 0.14285714285714285 0.0 -0.08 -0.08 0.54325 0.5714285714285714 0.935 0.0 0.208
0.0 0.0 0.0 0.0 0.0 0.0 1.0 0.0 0.0 0.0 0.0 0.0 0.0 0.0 0.0 0.0 0.0 0.0 0.0 0.0 0.0 1.0 0.0 0.0 0.0 0.746 1.0 0.746 0.746 0.0 0.0 -0.0 -0.0 0.723 1.0 0.723 0.0 0.723 0.0 0.0 0.0 0.0 0.0 0.0 0.0 0.0 0.0 0.0 0.769 1.0 0.769 0.0 0.769
0.0 0.0 0.0 0.0 0.0 0.0 1.0 0.0 0.0 0.0 0.0 0.0 0.0 0.0 0.0 0.0 0.0 0.0 0.0 0.0 0.0 1.0 0.0 0.0 0.0 0.6664 1.0 0.943 0.943 0.0 0.0 -0.0 -0.0 0.5995 0.8 0.905 0.0 0.723 0.26849999999999996 0.8 0.943 -0.8 0.943 -0.06 0.2 0.0 -0.06 -0.06 0.60425 0.8 0.892 0.0 0.769
0.0 0.0 0.0 0.0 0.0 0.0 1.0 0.0 0.0 0.0 0.0 0.0 0.0 0.0 0.0 0.0 0.0 0.0 0.0 0.0 0.0 1.0 0.0 0.0 0.0 0.779 1.0 0.779 0.779 0.0 0.0 -0.0 -0.0 0.784 1.0 0.784 0.0 0.784 0.764 1.0 0.764 0.0 0.764 0.0 0.0 0.0 0.0 0.0 0.79 1.0 0.79 0.0 0.79
0.0 0.0 0.0 0.0 0.0 0.0 0.0 0.0 0.0 0.0 0.0 0.0 0.0 0.0 0.0 0.0 0.0 0.0 0.0 0.0 0.0 0.0 0.0 1.0 0.0 0.62625 0.8 0.849 0.806 0.65 0.2 -0.0 0.65 0.3122000000000001 1.0 0.922 -0.86 -0.86 0.20274999999999999 0.8 0.776 -0.79 0.715 0.609 0.2 0.609 0.0 0.609 0.33675000000000005 0.8 0.935 -0.5 -0.5
0.0 0.0 0.0 0.0 0.0 0.0 1.0 0.0 0.0 0.0 0.0 0.0 0.0 0.0 0.0 0.0 0.0 0.0 0.0 0.0 0.0 1.0 0.0 0.0 0.0 0.746 1.0 0.746 0.746 0.0 0.0 -0.0 -0.0 0.723 1.0 0.723 0.0 0.723 0.0 0.0 0.0 0.0 0.0 0.0 0.0 0.0 0.0 0.0 0.769 1.0 0.769 0.0 0.769
0.0 0.0 0.0 0.0 0.0 0.0 1.0 0.0 0.0 0.0 0.0 0.0 0.0 0.0 0.0 0.0 0.0 0.0 0.0 0.0 0.0 1.0 0.0 0.0 0.0 0.746 1.0 0.746 0.746 0.0 0.0 -0.0 -0.0 0.723 1.0 0.723 0.0 0.723 0.0 0.0 0.0 0.0 0.0 0.0 0.0 0.0 0.0 0.0 0.769 1.0 0.769 0.0 0.769
0.0 0.0 0.0 0.0 0.0 0.0 0.0 0.0 1.0 1.0 0.0 0.0 0.0 0.0 0.0 0.0 0.0 0.0 0.0 1.0 0.0 0.0 0.0 0.0 0.0 0.4252666666666666 0.9375 0.935 0.044 0.76 0.0625 -0.0 0.76 0.30121428571428577 0.875 0.956 -0.78 -0.1 -0.17038461538461538 0.8125 0.277 -0.94 0.272 -0.04866666666666667 0.375 0.049 -0.14 -0.14 0.40675000000000006 1.0 0.935 -0.73 0.15
0.0 0.0 0.0 0.0 0.0 0.0 1.0 0.0 0.0 0.0 0.0 0.0 0.0 0.0 0.0 0.0 0.0 0.0 0.0 0.0 0.0 1.0 0.0 0.0 0.0 0.35566666666666663 1.0 0.943 0.055 0.0 0.0 -0.0 -0.0 -0.0015000000000000013 0.6666666666666666 0.037 -0.04 -0.04 0.35966666666666663 1.0 0.943 0.0 0.063 0.0 0.0 0.0 0.0 0.0 0.1235 0.6666666666666666 0.149 0.0 0.149
0.0 0.0 0.0 0.0 0.0 0.0 0.0 0.0 0.0 0.0 0.0 0.0 0.0 1.0 0.0 0.0 0.0 0.0 0.0 0.0 0.0 0.0 0.0 1.0 0.0 0.7438333333333333 0.6666666666666666 0.935 0.831 0.8033333333333333 0.3333333333333333 -0.0 0.72 0.2973333333333333 0.6666666666666666 0.956 -0.95 0.84 -0.21549999999999997 0.4444444444444444 0.76 -0.94 0.76 0.8503333333333334 0.3333333333333333 0.948 0.0 0.882 0.262 1.0 0.959 -0.81 0.894
0.0 0.0 0.0 0.0 0.0 0.0 0.0 0.0 0.0 0.0 0.0 0.0 0.0 0.0 0.0 0.0 0.0 0.0 0.0 0.0 0.0 0.0 0.0 1.0 0.0 0.033 0.5 0.033 0.033 0.3 0.5 -0.0 0.3 -0.46 1.0 0.0 -0.87 -0.05 0.1905 1.0 0.203 0.0 0.178 -0.36 1.0 0.0 -0.6 -0.12 0.10099999999999999 1.0 0.142 0.0 0.142
0.0 0.0 0.0 0.0 0.0 0.0 0.0 0.0 0.0 0.0 0.0 0.0 0.0 0.0 0.0 0.0 0.0 0.0 0.0 0.0 0.0 0.0 0.0 1.0 0.0 0.4074 0.7142857142857143 0.935 0.833 0.575 0.2857142857142857 -0.0 0.27 0.18416666666666667 0.8571428571428571 0.956 -0.75 -0.75 0.0035999999999999977 0.7142857142857143 0.274 -0.88 0.154 -0.014400000000000013 0.7142857142857143 0.948 -0.64 -0.64 0.24099999999999996 1.0 0.914 -0.81 0.142
0.0 0.0 0.0 0.0 0.0 0.0 0.0 0.0 0.0 0.0 0.0 0.0 0.0 0.0 0.0 0.0 0.0 0.0 0.0 0.0 0.0 0.0 0.0 1.0 0.0 0.3544285714285714 0.7 0.939 0.208 0.5599999999999999 0.3 -0.0 0.8 0.003000000000000014 1.0 0.956 -0.89 -0.89 0.2844285714285714 0.7 0.979 0.0 0.239 0.15020000000000003 0.5 0.712 -0.6 0.712 0.043875000000000025 0.8 0.914 -0.8 -0.8
0.0 0.0 0.0 0.0 0.0 0.0 0.0 0.0 1.0 0.0 0.0 0.0 0.0 2.0 0.0 0.0 0.0 0.0 0.0 0.0 0.0 0.0 0.0 1.0 0.0 0.54125 0.7272727272727273 0.935 0.068 0.5266666666666667 0.2727272727272727 -0.0 0.03 0.13924999999999998 0.7272727272727273 0.956 -0.9 0.024 -0.4548571428571429 0.6363636363636364 0.199 -0.99 0.199 -0.028599999999999993 0.45454545454545453 0.751 -0.71 -0.11 0.371 0.9090909090909091 0.935 -0.75 0.168
0.0 0.0 0.0 0.0 0.0 0.0 0.0 0.0 0.0 0.0 0.0 0.0 0.0 0.0 0.0 0.0 0.0 0.0 0.0 0.0 0.0 0.0 0.0 1.0 0.0 0.6246666666666666 0.75 0.939 0.837 0.565 0.25 -0.0 0.83 0.262125 1.0 0.95 -0.87 0.885 0.5095000000000001 0.75 0.979 0.0 0.796 -0.293 0.25 0.014 -0.6 0.014 0.07880000000000001 0.625 0.788 -0.8 0.788
0.0 0.0 0.0 0.0 0.0 0.0 0.0 0.0 0.0 0.0 0.0 0.0 0.0 0.0 0.0 0.0 0.0 0.0 0.0 0.0 0.0 0.0 0.0 1.0 0.0 0.0 0.0 0.0 0.0 0.96 1.0 -0.0 0.96 0.0 0.0 0.0 0.0 0.0 0.0 0.0 0.0 0.0 0.0 0.0 0.0 0.0 0.0 0.0 -0.96 1.0 0.0 -0.96 -0.96
0.0 0.0 0.0 0.0 0.0 0.0 0.0 0.0 0.0 0.0 0.0 0.0 0.0 0.0 0.0 0.0 0.0 0.0 0.0 0.0 0.0 0.0 0.0 1.0 0.0 0.067 0.5 0.067 0.067 0.07 0.5 -0.0 0.07 -0.21 1.0 0.0 -0.38 -0.04 0.15050000000000002 1.0 0.165 0.0 0.136 -0.32 0.5 0.0 -0.32 -0.32 0.174 1.0 0.243 0.0 0.105
0.0 0.0 0.0 0.0 0.0 0.0 0.0 0.0 0.0 0.0 0.0 0.0 0.0 0.0 0.0 0.0 0.0 0.0 0.0 0.0 0.0 0.0 0.0 1.0 0.0 0.067 0.5 0.067 0.067 0.3 0.5 -0.0 0.3 -0.4185 1.0 0.033 -0.87 0.033 0.1805 1.0 0.203 0.0 0.158 -0.32999999999999996 1.0 0.0 -0.6 -0.06 0.1025 1.0 0.145 0.0 0.145
0.0 0.0 0.0 0.0 0.0 0.0 0.0 0.0 0.0 0.0 0.0 0.0 0.0 1.0 0.0 0.0 0.0 0.0 0.0 0.0 0.0 0.0 0.0 1.0 0.0 0.33466666666666667 0.75 0.846 0.097 0.78 0.25 -0.0 0.78 -0.395 0.5 0.0 -0.75 -0.75 -0.24966666666666668 0.75 0.11 -0.94 0.081 0.82 0.25 0.82 0.0 0.82 0.324 0.75 0.744 0.0 0.112
0.0 0.0 0.0 0.0 0.0 0.0 0.0 0.0 0.0 0.0 0.0 0.0 0.0 0.0 0.0 0.0 0.0 0.0 0.0 0.0 0.0 0.0 0.0 1.0 0.0 0.5484285714285714 0.5833333333333334 0.935 0.903 0.642 0.4166666666666667 -0.0 0.97 0.1421 0.8333333333333334 0.989 -0.87 0.989 0.20975 0.6666666666666666 0.817 -0.85 0.817 0.15599999999999997 0.3333333333333333 0.828 -0.6 0.816 0.04225000000000001 0.6666666666666666 0.914 -0.97 -0.97
0.0 0.0 0.0 0.0 0.0 0.0 0.0 0.0 0.0 0.0 0.0 0.0 0.0 0.0 0.0 0.0 0.0 0.0 0.0 0.0 0.0 0.0 0.0 0.0 0.0 0.07366666666666667 0.5 0.081 0.073 0.59 0.5 -0.0 0.89 -0.46399999999999997 0.8333333333333334 0.047 -0.95 0.047 0.15225 0.6666666666666666 0.203 0.0 0.077 0.10680000000000003 0.8333333333333334 0.733 -0.6 -0.1 -0.18583333333333332 1.0 0.212 -0.98 0.068
0.0 0.0 0.0 0.0 0.0 0.0 0.0 0.0 0.0 0.0 0.0 0.0 0.0 1.0 0.0 0.0 0.0 0.0 0.0 0.0 0.0 0.0 0.0 1.0 0.0 0.631 1.0 0.968 0.049 0.0 0.0 -0.0 -0.0 0.49733333333333335 0.5 0.899 -0.04 -0.04 0.45339999999999997 0.8333333333333334 0.992 -0.79 0.182 -0.08 0.16666666666666666 0.0 -0.08 -0.08 0.6112 0.8333333333333334 0.945 0.0 0.139
0.0 0.0 0.0 0.0 0.0 0.0 0.0 0.0 0.0 0.0 0.0 0.0 0.0 0.0 0.0 0.0 0.0 0.0 0.0 0.0 0.0 0.0 0.0 1.0 0.0 0.7114 0.7142857142857143 0.939 0.939 0.55 0.2857142857142857 -0.0 0.8 0.13133333333333333 0.8571428571428571 0.956 -0.87 0.899 0.29900000000000004 0.7142857142857143 0.979 -0.79 0.979 -0.6 0.14285714285714285 0.0 -0.6 -0.6 0.5438000000000001 0.7142857142857143 0.935 0.0 0.717
0.0 0.0 0.0 0.0 0.0 0.0 0.0 0.0 0.0 0.0 0.0 0.0 0.0 0.0 0.0 0.0 0.0 0.0 0.0 0.0 0.0 0.0 0.0 1.0 0.0 0.0 0.0 0.0 0.0 0.82 1.0 -0.0 0.82 0.0 0.0 0.0 0.0 0.0 0.0 0.0 0.0 0.0 0.0 0.0 0.0 0.0 0.0 0.0 -0.82 1.0 0.0 -0.82 -0.82
0.0 0.0 0.0 0.0 0.0 0.0 1.0 0.0 0.0 0.0 0.0 7.0 0.0 0.0 0.0 0.0 0.0 0.0 0.0 0.0 0.0 0.0 0.0 0.0 0.0 0.5826 0.8695652173913043 0.939 0.746 0.6833333333333332 0.13043478260869565 -0.0 0.95 0.4411052631578947 0.8260869565217391 0.968 -0.87 0.723 0.1486315789473684 0.8260869565217391 0.979 -0.87 -0.79 0.007125000000000006 0.34782608695652173 0.932 -0.6 0.932 0.44694117647058823 0.7391304347826086 0.935 -0.96 0.769
0.0 0.0 0.0 0.0 0.0 0.0 0.0 0.0 0.0 0.0 0.0 0.0 0.0 0.0 0.0 0.0 0.0 0.0 0.0 0.0 0.0 0.0 0.0 1.0 0.0 0.4894285714285714 0.7777777777777778 0.833 0.034 0.5 0.2222222222222222 -0.0 0.7 0.20425000000000001 0.8888888888888888 0.92 -0.87 0.094 -0.331375 0.8888888888888888 0.271 -0.88 -0.03 -0.012199999999999994 0.5555555555555556 0.672 -0.6 0.028 0.40437499999999993 0.8888888888888888 0.935 -0.83 -0.83
0.0 0.0 0.0 0.0 0.0 1.0 0.0 0.0 1.0 0.0 0.0 1.0 0.0 1.0 0.0 0.0 0.0 0.0 0.0 0.0 0.0 0.0 1.0 0.0 0.0 0.536 0.7857142857142857 0.939 0.12 0.4066666666666667 0.21428571428571427 -0.0 0.88 0.3112222222222222 0.6428571428571429 0.964 -0.87 0.044 0.29550000000000004 0.7142857142857143 0.979 -0.94 0.333 -0.03185714285714286 0.5 0.948 -0.6 -0.26 0.30716666666666664 0.8571428571428571 0.914 -0.81 0.292
0.0 0.0 0.0 0.0 0.0 0.0 0.0 0.0 0.0 0.0 0.0 0.0 0.0 0.0 0.0 0.0 0.0 0.0 0.0 0.0 0.0 0.0 0.0 1.0 0.0 0.7484999999999999 0.6666666666666666 0.789 0.789 0.69 0.3333333333333333 -0.0 0.69 0.27166666666666667 1.0 0.721 -0.56 0.721 0.14400000000000002 0.6666666666666666 0.858 -0.57 0.858 0.743 0.3333333333333333 0.743 0.0 0.743 0.064 0.6666666666666666 0.898 -0.77 -0.77
0.0 0.0 0.0 0.0 0.0 0.0 0.0 0.0 0.0 0.0 0.0 0.0 0.0 0.0 0.0 0.0 0.0 0.0 0.0 0.0 0.0 0.0 0.0 1.0 0.0 0.0 0.0 0.0 0.0 0.47750000000000004 1.0 -0.0 0.66 -0.5666666666666668 0.75 0.0 -0.87 -0.78 0.08650000000000001 0.5 0.203 -0.03 -0.03 -0.23050000000000004 1.0 0.585 -0.93 0.585 -0.3925 1.0 0.06 -0.91 -0.63
0.0 0.0 0.0 0.0 0.0 0.0 0.0 0.0 0.0 1.0 0.0 1.0 0.0 1.0 0.0 0.0 0.0 0.0 0.0 1.0 0.0 0.0 0.0 0.0 0.0 0.562 0.7222222222222222 0.935 0.073 0.422 0.2777777777777778 -0.0 0.95 0.32092857142857145 0.7777777777777778 0.956 -0.87 0.928 0.0559090909090909 0.6111111111111112 0.902 -0.87 0.077 0.1585 0.3333333333333333 0.932 -0.6 0.932 0.3278666666666667 0.8333333333333334 0.947 -0.96 -0.96
0.0 0.0 0.0 0.0 0.0 0.0 0.0 0.0 0.0 0.0 0.0 0.0 0.0 0.0 0.0 0.0 0.0 0.0 0.0 0.0 0.0 0.0 0.0 1.0 0.0 0.6306666666666666 0.8571428571428571 0.789 0.748 0.3 0.14285714285714285 -0.0 0.3 0.3772857142857143 1.0 0.777 -0.87 0.777 -0.4867142857142857 1.0 0.203 -0.85 -0.85 -0.6 0.14285714285714285 0.0 -0.6 -0.6 0.5503333333333335 0.8571428571428571 0.935 0.0 0.615
0.0 0.0 0.0 0.0 0.0 0.0 1.0 0.0 1.0 0.0 0.0 1.0 0.0 0.0 0.0 0.0 0.0 0.0 0.0 0.0 0.0 0.0 0.0 1.0 0.0 0.40382352941176475 0.8717948717948718 0.986 0.753 0.6859999999999999 0.1282051282051282 -0.0 0.83 0.2866060606060606 0.8461538461538461 0.986 -0.87 0.686 0.056937500000000016 0.8205128205128205 0.902 -0.88 -0.77 -0.2116923076923077 0.3333333333333333 0.049 -0.92 -0.11 0.2943666666666667 0.7692307692307693 0.946 -0.82 0.797
0.0 0.0 0.0 0.0 0.0 0.0 0.0 0.0 0.0 0.0 0.0 2.0 0.0 0.0 0.0 0.0 0.0 0.0 0.0 0.0 0.0 0.0 0.0 0.0 0.0 0.3193333333333333 0.6 0.76 0.082 0.55 0.4 -0.0 0.8 -0.1382 1.0 0.739 -0.87 0.127 0.295 0.8 0.782 0.0 0.069 -0.2855 0.4 0.029 -0.6 0.029 0.10999999999999999 0.6 0.16 0.0 0.16
0.0 0.0 0.0 0.0 0.0 0.0 0.0 0.0 0.0 0.0 0.0 0.0 0.0 1.0 0.0 0.0 0.0 0.0 0.0 0.0 0.0 0.0 0.0 1.0 0.0 0.7261428571428571 0.875 0.926 0.789 0.79 0.125 -0.0 0.79 0.36149999999999993 0.5 0.961 -0.85 0.633 0.07314285714285715 0.875 0.99 -0.94 -0.79 -0.13 0.125 0.0 -0.13 -0.13 0.5646249999999999 1.0 0.935 -0.73 0.935
0.0 0.0 0.0 0.0 0.0 0.0 0.0 0.0 0.0 0.0 0.0 0.0 0.0 0.0 0.0 0.0 0.0 0.0 0.0 0.0 0.0 0.0 0.0 1.0 0.0 0.5345 0.6666666666666666 0.861 0.861 0.3 0.3333333333333333 -0.0 0.3 0.09500000000000001 1.0 0.86 -0.87 0.86 -0.116 1.0 0.239 -0.79 -0.79 -0.27549999999999997 0.6666666666666666 0.049 -0.6 0.049 0.44533333333333336 1.0 0.93 0.0 0.93
0.0 0.0 0.0 0.0 0.0 0.0 0.0 0.0 0.0 0.0 0.0 1.0 0.0 1.0 0.0 0.0 0.0 0.0 0.0 0.0 0.0 0.0 0.0 0.0 0.0 0.5780000000000001 0.6666666666666666 0.964 0.895 0.41750000000000004 0.3333333333333333 -0.0 0.11 -0.009250000000000001 0.6666666666666666 0.956 -0.95 -0.19 -0.13583333333333333 0.5 0.172 -0.94 -0.06 0.2518 0.4166666666666667 0.793 -0.21 -0.21 0.36749999999999994 0.6666666666666666 0.964 -0.63 0.752
0.0 0.0 0.0 0.0 0.0 0.0 0.0 0.0 0.0 0.0 0.0 0.0 0.0 0.0 0.0 0.0 0.0 0.0 0.0 0.0 0.0 0.0 0.0 1.0 0.0 0.9116666666666667 0.6 0.939 0.861 0.595 0.4 -0.0 0.89 0.17900000000000002 1.0 0.956 -0.95 0.86 0.13066666666666663 0.6 0.979 -0.79 -0.79 0.0665 0.4 0.733 -0.6 0.733 0.23100000000000004 0.8 0.93 -0.98 0.93
0.0 0.0 0.0 0.0 0.0 0.0 0.0 0.0 1.0 0.0 0.0 0.0 0.0 0.0 0.0 0.0 0.0 0.0 0.0 0.0 0.0 0.0 0.0 1.0 0.0 0.4105 0.5 0.713 0.713 0.28500000000000003 0.5 -0.0 0.27 -0.24700000000000005 1.0 0.702 -0.87 0.702 0.012999999999999984 1.0 0.345 -0.65 -0.65 -0.49 0.75 0.0 -0.64 -0.23 0.34625 1.0 0.788 0.0 0.788
0.0 0.0 0.0 0.0 0.0 0.0 0.0 0.0 0.0 0.0 0.0 0.0 0.0 0.0 0.0 0.0 0.0 0.0 0.0 0.0 0.0 0.0 0.0 0.0 0.0 0.4788 0.6666666666666666 0.935 0.073 0.6300000000000001 0.3333333333333333 -0.0 0.89 0.03875000000000001 0.8 0.956 -0.95 -0.95 -0.08825 0.5333333333333333 0.203 -0.79 0.077 0.15300000000000002 0.4666666666666667 0.733 -0.6 0.733 0.22914285714285715 0.9333333333333333 0.935 -0.98 0.068
0.0 0.0 0.0 0.0 0.0 0.0 0.0 0.0 2.0 0.0 0.0 0.0 0.0 2.0 0.0 0.0 0.0 0.0 0.0 0.0 0.0 0.0 0.0 1.0 0.0 0.7484285714285714 0.9333333333333333 0.935 0.846 0.8 0.06666666666666667 -0.0 0.8 0.43499999999999994 0.6 0.956 -0.9 0.633 -0.36833333333333335 0.6 0.965 -0.94 -0.94 -0.40499999999999997 0.13333333333333333 0.0 -0.71 -0.71 0.7094166666666667 0.8 0.959 0.0 0.744
0.0 0.0 0.0 0.0 1.0 0.0 0.0 0.0 0.0 0.0 0.0 0.0 0.0 1.0 0.0 0.0 0.0 0.0 0.0 0.0 0.0 0.0 0.0 0.0 0.0 0.5593846153846154 0.7647058823529411 0.935 0.043 0.6975 0.23529411764705882 -0.0 0.95 0.051153846153846175 0.7647058823529411 0.956 -0.91 -0.07 -0.048666666666666664 0.7058823529411765 0.972 -0.94 0.112 -0.012250000000000004 0.47058823529411764 0.882 -0.98 -0.06 0.4183125 0.9411764705882353 0.947 -0.73 0.191
0.0 0.0 0.0 0.0 1.0 0.0 0.0 0.0 0.0 0.0 0.0 0.0 0.0 2.0 0.0 0.0 0.0 0.0 0.0 0.0 0.0 0.0 0.0 1.0 0.0 0.4407777777777778 0.75 0.921 0.067 0.3833333333333333 0.25 -0.0 0.3 0.25589999999999996 0.8333333333333334 0.935 -0.87 0.033 -0.10433333333333333 0.75 0.261 -0.9 0.158 -0.2933333333333334 0.5 0.0 -0.74 -0.06 0.1767 0.8333333333333334 0.948 -0.78 0.145
0.0 0.0 0.0 0.0 0.0 0.0 0.0 0.0 0.0 0.0 0.0 0.0 0.0 0.0 0.0 0.0 0.0 0.0 0.0 0.0 0.0 0.0 0.0 1.0 0.0 0.653 0.7272727272727273 0.935 0.815 0.51 0.2727272727272727 -0.0 0.8 0.12866666666666662 0.8181818181818182 0.956 -0.88 0.702 -0.016857142857142855 0.6363636363636364 0.745 -0.79 0.745 -0.3813333333333333 0.2727272727272727 0.056 -0.6 0.056 0.6675555555555556 0.8181818181818182 0.935 0.0 0.928
0.0 0.0 0.0 0.0 0.0 0.0 1.0 0.0 0.0 0.0 0.0 0.0 0.0 0.0 0.0 0.0 0.0 0.0 0.0 0.0 0.0 1.0 0.0 0.0 0.0 0.82025 0.8 0.931 0.746 0.58 0.2 -0.0 0.58 0.47519999999999996 1.0 0.898 -0.58 0.723 0.08699999999999997 0.4 0.964 -0.79 0.964 0.561 0.2 0.561 0.0 0.561 0.503 0.8 0.935 -0.62 0.769
0.0 0.0 0.0 0.0 0.0 0.0 1.0 0.0 0.0 0.0 0.0 0.0 0.0 0.0 0.0 0.0 0.0 0.0 0.0 0.0 0.0 1.0 0.0 0.0 0.0 0.82025 1.0 0.931 0.746 0.0 0.0 -0.0 -0.0 0.739 1.0 0.898 0.0 0.723 0.08699999999999997 0.5 0.964 -0.79 0.964 0.0 0.0 0.0 0.0 0.0 0.8773333333333334 0.75 0.935 0.0 0.769
0.0 0.0 0.0 0.0 0.0 0.0 0.0 0.0 0.0 0.0 0.0 0.0 0.0 0.0 0.0 0.0 0.0 0.0 0.0 0.0 0.0 0.0 0.0 0.0 0.0 0.911 1.0 0.911 0.911 0.0 0.0 -0.0 -0.0 0.865 1.0 0.865 0.0 0.865 0.0 0.0 0.0 0.0 0.0 0.0 0.0 0.0 0.0 0.0 0.958 1.0 0.958 0.0 0.958
0.0 0.0 0.0 0.0 0.0 0.0 0.0 0.0 0.0 1.0 0.0 0.0 0.0 0.0 0.0 0.0 0.0 0.0 0.0 1.0 0.0 0.0 0.0 0.0 0.0 0.5193333333333333 0.6666666666666666 0.935 0.208 0.30666666666666664 0.3333333333333333 -0.0 0.86 0.15019999999999997 0.5555555555555556 0.956 -0.24 0.295 -0.1542857142857143 0.7777777777777778 0.239 -0.94 0.239 0.07375 0.4444444444444444 0.746 -0.25 0.049 0.29566666666666674 1.0 0.914 -0.98 0.346
0.0 0.0 0.0 0.0 0.0 0.0 0.0 0.0 0.0 0.0 0.0 0.0 0.0 0.0 0.0 0.0 0.0 0.0 0.0 0.0 0.0 0.0 0.0 1.0 0.0 0.6296666666666667 0.75 0.935 0.935 0.58 0.25 -0.0 0.58 0.34850000000000003 1.0 0.956 -0.58 -0.58 0.239 0.25 0.239 0.0 0.239 0.30500000000000005 0.5 0.561 0.0 0.561 0.35224999999999995 1.0 0.914 -0.62 -0.62
0.0 0.0 0.0 0.0 0.0 0.0 0.0 0.0 0.0 0.0 0.0 1.0 0.0 0.0 0.0 0.0 0.0 0.0 0.0 0.0 0.0 0.0 0.0 0.0 0.0 0.5005625 0.8 0.935 0.658 0.31 0.2 -0.0 0.05 0.31074999999999997 1.0 0.956 -0.58 0.64 -0.012199999999999989 0.75 0.776 -1.0 -0.58 0.05150000000000001 0.4 0.561 -0.2 -0.2 0.3686875 0.8 0.928 -0.62 0.747
0.0 0.0 0.0 0.0 0.0 0.0 0.0 0.0 0.0 0.0 0.0 0.0 0.0 0.0 0.0 0.0 0.0 0.0 0.0 0.0 0.0 0.0 0.0 0.0 0.0 0.5273333333333333 1.0 0.793 0.746 0.0 0.0 -0.0 -0.0 0.3265 0.6666666666666666 0.723 -0.07 0.723 0.4195 0.6666666666666666 0.727 0.0 0.112 -0.06 0.3333333333333333 0.0 -0.06 -0.06 0.6063333333333333 1.0 0.859 0.0 0.769
0.0 0.0 0.0 0.0 0.0 0.0 0.0 0.0 0.0 0.0 0.0 0.0 0.0 0.0 0.0 0.0 0.0 0.0 0.0 0.0 0.0 0.0 0.0 1.0 0.0 0.5573333333333333 1.0 0.849 0.806 0.0 0.0 -0.0 -0.0 0.5435 1.0 0.922 -0.04 0.906 0.42325 0.6666666666666666 0.776 0.0 0.715 -0.08 0.16666666666666666 0.0 -0.08 -0.08 0.5650000000000001 0.8333333333333334 0.928 0.0 0.796
0.0 0.0 0.0 0.0 0.0 0.0 0.0 0.0 0.0 1.0 0.0 0.0 0.0 0.0 0.0 0.0 0.0 0.0 0.0 1.0 0.0 0.0 0.0 0.0 0.0 0.3303333333333333 1.0 0.746 0.037 0.0 0.0 -0.0 -0.0 0.306 1.0 0.723 -0.1 -0.1 0.2175 0.6666666666666666 0.239 0.0 0.196 -0.025500000000000002 0.6666666666666666 0.049 -0.1 -0.1 0.42566666666666664 1.0 0.769 0.0 0.162
0.0 0.0 0.0 0.0 0.0 0.0 1.0 0.0 0.0 0.0 0.0 0.0 0.0 0.0 0.0 0.0 0.0 0.0 0.0 0.0 0.0 1.0 0.0 0.0 0.0 0.7805 0.6666666666666666 0.815 0.746 0.58 0.3333333333333333 -0.0 0.58 0.2816666666666667 1.0 0.723 -0.58 0.723 0.0 0.0 0.0 0.0 0.0 0.561 0.3333333333333333 0.561 0.0 0.561 0.359 1.0 0.928 -0.62 0.769
0.0 0.0 0.0 0.0 0.0 0.0 1.0 0.0 0.0 0.0 0.0 0.0 0.0 0.0 0.0 0.0 0.0 0.0 0.0 0.0 0.0 1.0 0.0 0.0 0.0 0.7805 1.0 0.815 0.746 0.0 0.0 -0.0 -0.0 0.7124999999999999 1.0 0.723 0.0 0.723 0.0 0.0 0.0 0.0 0.0 0.0 0.0 0.0 0.0 0.0 0.8485 1.0 0.928 0.0 0.769
0.0 0.0 0.0 0.0 0.0 0.0 0.0 0.0 0.0 0.0 0.0 0.0 0.0 0.0 0.0 0.0 0.0 0.0 0.0 0.0 0.0 0.0 0.0 1.0 0.0 0.746 0.5 0.746 0.746 0.81 0.5 -0.0 0.81 -0.11349999999999999 1.0 0.723 -0.95 -0.95 0.0 0.0 0.0 0.0 0.0 0.721 0.5 0.721 0.0 0.721 0.009500000000000008 1.0 0.769 -0.75 -0.75
0.0 0.0 0.0 0.0 0.0 0.0 1.0 0.0 0.0 0.0 0.0 0.0 0.0 0.0 0.0 0.0 0.0 0.0 0.0 0.0 0.0 1.0 0.0 0.0 0.0 0.8405 0.4 0.935 0.746 0.5733333333333334 0.6 -0.0 0.04 -0.05820000000000001 1.0 0.956 -0.99 0.723 -0.05 0.2 0.0 -0.05 -0.05 0.02633333333333333 0.6 0.721 -0.74 0.098 0.21075000000000002 0.8 0.914 -0.75 0.769
0.0 0.0 0.0 0.0 0.0 0.0 0.0 0.0 0.0 0.0 0.0 1.0 0.0 0.0 0.0 0.0 0.0 0.0 0.0 0.0 0.0 0.0 0.0 1.0 0.0 0.54 0.6666666666666666 0.959 0.051 0.6275 0.3333333333333333 -0.0 0.8 0.02370000000000002 0.8333333333333334 0.939 -0.95 -0.9 -0.09857142857142856 0.5833333333333334 0.96 -0.98 0.193 0.09249999999999999 0.5 0.721 -0.71 -0.71 0.20970000000000005 0.8333333333333334 0.935 -0.75 -0.75
0.0 0.0 0.0 0.0 0.0 0.0 0.0 0.0 0.0 0.0 0.0 0.0 0.0 0.0 0.0 0.0 0.0 0.0 0.0 0.0 0.0 0.0 0.0 1.0 0.0 0.45533333333333337 1.0 0.815 0.8 0.0 0.0 -0.0 -0.0 0.41083333333333333 1.0 0.825 -0.04 0.825 0.34875 0.6666666666666666 0.775 0.0 0.775 -0.07550000000000001 0.3333333333333333 0.049 -0.2 -0.2 0.509 0.8333333333333334 0.928 0.0 0.928
0.0 0.0 0.0 0.0 0.0 0.0 1.0 0.0 0.0 0.0 0.0 0.0 0.0 0.0 0.0 0.0 0.0 0.0 0.0 0.0 0.0 1.0 0.0 0.0 0.0 0.7805 1.0 0.815 0.746 0.0 0.0 -0.0 -0.0 0.7124999999999999 1.0 0.723 0.0 0.723 0.0 0.0 0.0 0.0 0.0 0.0 0.0 0.0 0.0 0.0 0.8485 1.0 0.928 0.0 0.769
0.0 0.0 0.0 0.0 0.0 0.0 0.0 0.0 0.0 0.0 0.0 0.0 0.0 0.0 0.0 0.0 0.0 0.0 0.0 0.0 0.0 0.0 0.0 0.0 0.0 0.6113333333333334 0.75 0.931 0.931 0.58 0.25 -0.0 0.58 0.28075 1.0 0.898 -0.58 0.898 0.5775 0.5 0.964 0.0 0.964 0.561 0.25 0.561 0.0 0.561 0.11566666666666668 0.75 0.769 -0.62 0.198
0.0 0.0 0.0 0.0 1.0 0.0 0.0 0.0 0.0 0.0 0.0 0.0 0.0 0.0 0.0 0.0 0.0 0.0 0.0 0.0 0.0 0.0 0.0 0.0 1.0 0.5212857142857142 0.875 0.957 0.037 0.8 0.125 -0.0 0.8 0.254 0.75 0.723 -0.8 0.04 -0.01583333333333334 0.75 0.969 -0.79 0.074 -6.666666666666673E-4 0.375 0.059 -0.11 0.059 0.6145714285714285 0.875 0.945 0.0 0.092
0.0 0.0 0.0 0.0 0.0 0.0 1.0 0.0 0.0 0.0 0.0 0.0 0.0 0.0 0.0 0.0 0.0 0.0 0.0 0.0 0.0 1.0 0.0 0.0 0.0 0.6792 1.0 0.931 0.746 0.0 0.0 -0.0 -0.0 0.603 1.0 0.898 0.0 0.723 0.14933333333333332 0.6 0.964 -0.79 0.964 -0.11 0.2 0.0 -0.11 -0.11 0.7190000000000001 0.8 0.935 0.0 0.769
0.0 0.0 0.0 0.0 0.0 0.0 0.0 0.0 0.0 1.0 0.0 0.0 0.0 1.0 0.0 0.0 0.0 0.0 0.0 0.0 0.0 0.0 0.0 1.0 0.0 0.623857142857143 0.7 0.939 0.112 0.47000000000000003 0.3 -0.0 0.66 0.331875 0.8 0.956 -0.75 0.137 0.06642857142857142 0.7 0.979 -0.94 0.211 0.19680000000000003 0.5 0.66 -0.11 -0.11 0.4185714285714286 0.7 0.914 -0.74 0.212
0.0 0.0 0.0 0.0 0.0 0.0 0.0 0.0 0.0 0.0 0.0 0.0 0.0 0.0 0.0 0.0 0.0 0.0 0.0 0.0 0.0 0.0 0.0 1.0 0.0 0.6244444444444445 0.9 0.939 0.09 0.78 0.1 -0.0 0.78 0.4315555555555556 0.9 0.956 -0.75 -0.03 0.19659999999999997 0.5 0.979 -0.73 0.212 0.2363333333333333 0.3 0.82 -0.16 -0.16 0.62625 0.8 0.914 0.0 0.093
0.0 0.0 0.0 0.0 0.0 0.0 0.0 0.0 1.0 0.0 0.0 5.0 0.0 2.0 0.0 0.0 0.0 0.0 0.0 0.0 0.0 0.0 0.0 0.0 0.0 0.46638095238095234 0.875 0.943 0.051 0.5399999999999999 0.125 -0.0 0.07 0.3514285714285714 0.7291666666666666 0.956 -0.95 -0.04 0.06280555555555555 0.75 0.943 -0.94 0.198 -0.021526315789473678 0.3958333333333333 0.76 -0.8 0.084 0.3733255813953489 0.8958333333333334 0.935 -0.76 -0.06
0.0 0.0 0.0 0.0 0.0 0.0 1.0 0.0 0.0 0.0 0.0 0.0 0.0 0.0 0.0 0.0 0.0 0.0 0.0 0.0 0.0 1.0 0.0 0.0 0.0 0.59725 1.0 0.815 0.746 0.0 0.0 -0.0 -0.0 0.5465 1.0 0.723 0.0 0.723 -0.188 0.5 0.274 -0.65 0.274 -0.11 0.25 0.0 -0.11 -0.11 0.68225 1.0 0.928 0.0 0.769
0.0 0.0 0.0 0.0 0.0 0.0 0.0 0.0 0.0 0.0 0.0 0.0 0.0 0.0 0.0 0.0 0.0 0.0 0.0 0.0 0.0 0.0 0.0 1.0 0.0 0.7373333333333334 0.8571428571428571 0.935 0.935 0.58 0.14285714285714285 -0.0 0.58 0.5181428571428571 1.0 0.956 -0.58 -0.58 0.13766666666666663 0.42857142857142855 0.964 -0.79 0.239 0.30500000000000005 0.2857142857142857 0.561 0.0 0.561 0.5453333333333333 0.8571428571428571 0.935 -0.62 -0.62
0.0 0.0 0.0 0.0 0.0 0.0 1.0 0.0 0.0 0.0 0.0 0.0 0.0 0.0 0.0 0.0 0.0 0.0 0.0 0.0 0.0 1.0 0.0 0.0 0.0 0.7805 1.0 0.815 0.746 0.0 0.0 -0.0 -0.0 0.7124999999999999 1.0 0.723 0.0 0.723 0.0 0.0 0.0 0.0 0.0 0.0 0.0 0.0 0.0 0.0 0.8485 1.0 0.928 0.0 0.769
0.0 0.0 0.0 0.0 0.0 0.0 0.0 0.0 0.0 0.0 0.0 0.0 0.0 0.0 0.0 0.0 0.0 0.0 0.0 0.0 0.0 0.0 0.0 1.0 0.0 0.36033333333333334 0.75 0.746 0.127 0.58 0.25 -0.0 0.58 0.13750000000000004 1.0 0.723 -0.58 -0.58 0.239 0.25 0.239 0.0 0.239 0.30500000000000005 0.5 0.561 0.0 0.561 0.159 1.0 0.769 -0.62 -0.62
0.0 0.0 0.0 0.0 0.0 0.0 1.0 0.0 0.0 0.0 0.0 0.0 0.0 0.0 0.0 0.0 0.0 0.0 0.0 0.0 0.0 0.0 0.0 0.0 0.0 0.48375 0.8 0.875 0.258 0.66 0.2 -0.0 0.66 0.27174999999999994 0.8 0.867 -0.78 0.277 0.38433333333333336 0.6 0.884 0.0 0.161 0.307 0.4 0.585 0.0 0.585 0.14150000000000001 0.8 0.769 -0.63 0.337
0.0 0.0 0.0 0.0 0.0 0.0 1.0 0.0 0.0 0.0 0.0 0.0 0.0 0.0 0.0 0.0 0.0 0.0 0.0 0.0 0.0 1.0 0.0 0.0 0.0 0.746 1.0 0.746 0.746 0.0 0.0 -0.0 -0.0 0.723 1.0 0.723 0.0 0.723 0.0 0.0 0.0 0.0 0.0 0.0 0.0 0.0 0.0 0.0 0.769 1.0 0.769 0.0 0.769
0.0 0.0 0.0 0.0 0.0 0.0 0.0 0.0 0.0 0.0 0.0 0.0 0.0 0.0 0.0 0.0 0.0 0.0 0.0 0.0 0.0 0.0 0.0 0.0 0.0 0.6296666666666667 0.75 0.935 0.935 0.58 0.25 -0.0 0.58 0.34850000000000003 1.0 0.956 -0.58 -0.58 0.239 0.25 0.239 0.0 0.239 0.30500000000000005 0.5 0.561 0.0 0.561 0.35224999999999995 1.0 0.914 -0.62 -0.62
0.0 0.0 0.0 0.0 0.0 0.0 1.0 0.0 0.0 0.0 0.0 0.0 0.0 0.0 0.0 0.0 0.0 0.0 0.0 0.0 0.0 0.0 0.0 1.0 0.0 0.68 1.0 0.921 0.746 0.0 0.0 -0.0 -0.0 0.629 1.0 0.935 0.0 0.723 -0.2595 0.6666666666666666 0.782 -0.9 0.782 0.029 0.16666666666666666 0.029 0.0 0.029 0.8773333333333334 0.5 0.935 0.0 0.769
0.0 0.0 0.0 0.0 0.0 1.0 1.0 0.0 2.0 0.0 0.0 2.0 0.0 3.0 0.0 0.0 0.0 0.0 0.0 0.0 0.0 0.0 0.0 1.0 0.0 0.5756491228070174 0.8507462686567164 0.964 0.262 0.643 0.14925373134328357 -0.0 0.81 0.37476923076923063 0.7761194029850746 0.965 -0.95 0.43 0.11793750000000001 0.7164179104477612 0.99 -0.95 0.657 0.03658333333333332 0.3582089552238806 0.948 -0.99 -0.28 0.385051724137931 0.8656716417910447 0.959 -0.96 0.244
0.0 0.0 0.0 0.0 0.0 0.0 1.0 0.0 0.0 0.0 0.0 0.0 0.0 0.0 0.0 0.0 0.0 0.0 0.0 0.0 0.0 1.0 0.0 0.0 0.0 0.33266666666666667 1.0 0.746 0.746 0.0 0.0 -0.0 -0.0 0.40249999999999997 0.6666666666666666 0.723 0.0 0.723 0.16799999999999998 0.6666666666666666 0.191 0.0 0.191 0.056 0.3333333333333333 0.056 0.0 0.056 0.38800000000000007 1.0 0.769 0.0 0.769
0.0 0.0 0.0 0.0 0.0 2.0 0.0 0.0 2.0 0.0 0.0 1.0 0.0 0.0 0.0 0.0 0.0 0.0 0.0 0.0 0.0 0.0 0.0 0.0 0.0 0.5121875 0.9411764705882353 0.959 0.959 0.07 0.058823529411764705 -0.0 0.07 0.4428888888888889 0.5294117647058824 0.956 -0.07 0.934 0.0645 0.7058823529411765 0.983 -0.94 0.983 -0.064 0.4117647058823529 0.084 -0.23 0.084 0.5202499999999999 0.9411764705882353 0.958 -0.06 -0.06
0.0 0.0 0.0 0.0 0.0 0.0 0.0 0.0 0.0 0.0 0.0 0.0 0.0 0.0 0.0 0.0 0.0 0.0 0.0 0.0 0.0 0.0 0.0 1.0 0.0 0.6090769230769231 0.9285714285714286 0.926 0.082 0.74 0.07142857142857142 -0.0 0.74 0.4870833333333333 0.8571428571428571 1.0 -0.78 0.633 0.02081818181818182 0.7857142857142857 0.916 -0.79 0.093 0.2883333333333334 0.21428571428571427 0.906 -0.09 -0.09 0.5189166666666668 0.8571428571428571 0.935 -0.54 0.07
0.0 0.0 0.0 0.0 0.0 0.0 0.0 0.0 0.0 0.0 0.0 0.0 0.0 0.0 0.0 0.0 0.0 0.0 0.0 0.0 0.0 0.0 0.0 1.0 0.0 0.82025 1.0 0.931 0.931 0.0 0.0 -0.0 -0.0 0.739 1.0 0.898 0.0 0.898 0.08699999999999997 0.5 0.964 -0.79 0.964 0.0 0.0 0.0 0.0 0.0 0.8773333333333334 0.75 0.935 0.0 0.935
0.0 0.0 0.0 0.0 1.0 0.0 0.0 0.0 0.0 0.0 0.0 0.0 0.0 0.0 0.0 0.0 0.0 0.0 0.0 0.0 0.0 0.0 0.0 0.0 1.0 0.316 1.0 0.316 0.316 0.0 0.0 -0.0 -0.0 0.703 1.0 0.703 0.0 0.703 0.534 1.0 0.534 0.0 0.534 -0.21 1.0 0.0 -0.21 -0.21 0.243 1.0 0.243 0.0 0.243
0.0 0.0 0.0 0.0 0.0 0.0 0.0 0.0 0.0 0.0 0.0 0.0 0.0 0.0 0.0 0.0 0.0 0.0 0.0 0.0 0.0 0.0 0.0 0.0 0.0 0.3985 1.0 0.746 0.051 0.0 0.0 -0.0 -0.0 0.3515 1.0 0.723 -0.02 -0.02 0.193 0.5 0.193 0.0 0.193 0.013 0.5 0.013 0.0 0.013 0.41100000000000003 1.0 0.769 0.0 0.053
0.0 0.0 0.0 0.0 0.0 0.0 1.0 0.0 0.0 0.0 0.0 0.0 0.0 0.0 0.0 0.0 0.0 0.0 0.0 0.0 0.0 1.0 0.0 0.0 0.0 0.5586666666666666 1.0 0.815 0.746 0.0 0.0 -0.0 -0.0 0.49466666666666664 1.0 0.723 0.0 0.723 0.274 0.3333333333333333 0.274 0.0 0.274 -0.11 0.3333333333333333 0.0 -0.11 -0.11 0.6470000000000001 1.0 0.928 0.0 0.769
0.0 0.0 0.0 0.0 0.0 0.0 0.0 0.0 0.0 0.0 0.0 0.0 0.0 0.0 0.0 0.0 0.0 0.0 0.0 0.0 0.0 0.0 0.0 1.0 0.0 0.37433333333333335 1.0 0.935 0.258 0.0 0.0 -0.0 -0.0 0.43620000000000003 0.8333333333333334 0.956 -0.07 0.277 0.155 0.6666666666666666 0.239 0.0 0.161 0.006000000000000001 0.5 0.049 -0.06 -0.06 0.4411666666666667 1.0 0.914 0.0 0.337
0.0 0.0 0.0 0.0 0.0 0.0 1.0 0.0 0.0 0.0 0.0 0.0 0.0 0.0 0.0 0.0 0.0 0.0 0.0 0.0 0.0 1.0 0.0 0.0 0.0 0.666 0.8333333333333334 0.931 0.746 0.65 0.16666666666666666 -0.0 0.65 0.4146666666666666 1.0 0.898 -0.51 -0.51 0.014666666666666642 0.5 0.964 -0.79 0.964 0.28700000000000003 0.3333333333333333 0.545 0.0 0.545 0.4305 0.6666666666666666 0.935 -0.91 -0.91
0.0 0.0 0.0 0.0 0.0 0.0 1.0 0.0 0.0 0.0 0.0 0.0 0.0 0.0 0.0 0.0 0.0 0.0 0.0 0.0 0.0 1.0 0.0 0.0 0.0 0.746 1.0 0.746 0.746 0.0 0.0 -0.0 -0.0 0.723 1.0 0.723 0.0 0.723 0.0 0.0 0.0 0.0 0.0 0.0 0.0 0.0 0.0 0.0 0.769 1.0 0.769 0.0 0.769
0.0 0.0 0.0 0.0 0.0 0.0 0.0 0.0 0.0 0.0 0.0 0.0 0.0 0.0 0.0 0.0 0.0 0.0 0.0 0.0 0.0 0.0 0.0 1.0 0.0 0.46375 1.0 0.84 0.84 0.0 0.0 -0.0 -0.0 0.44525000000000003 1.0 0.803 -0.04 0.803 -0.1536666666666667 0.75 0.239 -0.81 -0.81 0.049 0.25 0.049 0.0 0.049 0.5335000000000001 1.0 0.903 0.0 0.903
0.0 0.0 0.0 0.0 0.0 0.0 1.0 0.0 0.0 0.0 0.0 0.0 0.0 0.0 0.0 0.0 0.0 0.0 0.0 0.0 0.0 1.0 0.0 0.0 0.0 0.746 0.5 0.746 0.746 0.81 0.5 -0.0 0.81 -0.11349999999999999 1.0 0.723 -0.95 0.723 0.0 0.0 0.0 0.0 0.0 0.721 0.5 0.721 0.0 0.721 0.009500000000000008 1.0 0.769 -0.75 0.769
0.0 0.0 0.0 0.0 0.0 0.0 1.0 0.0 0.0 0.0 0.0 0.0 0.0 0.0 0.0 0.0 0.0 0.0 0.0 0.0 0.0 1.0 0.0 0.0 0.0 0.5890000000000001 0.75 0.935 0.746 0.58 0.25 -0.0 0.58 0.36633333333333334 0.75 0.956 -0.58 0.723 0.196 0.25 0.196 0.0 0.196 0.21550000000000002 0.5 0.561 -0.13 0.561 0.31375000000000003 1.0 0.914 -0.62 0.769
0.0 0.0 0.0 0.0 0.0 0.0 0.0 0.0 0.0 0.0 0.0 1.0 0.0 0.0 0.0 0.0 0.0 0.0 0.0 0.0 0.0 0.0 0.0 1.0 0.0 0.76575 0.6666666666666666 0.815 0.789 0.305 0.3333333333333333 -0.0 0.58 0.3499999999999999 1.0 0.723 -0.58 0.633 -0.4543333333333333 0.5 0.077 -0.79 -0.79 0.24050000000000002 0.3333333333333333 0.561 -0.08 0.561 0.5599999999999999 0.8333333333333334 0.935 -0.62 0.935
0.0 0.0 0.0 0.0 0.0 0.0 0.0 0.0 0.0 0.0 0.0 0.0 0.0 0.0 0.0 0.0 0.0 0.0 0.0 0.0 0.0 0.0 0.0 1.0 0.0 0.422 0.6666666666666666 0.746 0.098 0.66 0.3333333333333333 -0.0 0.66 -0.005000000000000016 1.0 0.723 -0.78 0.042 0.338 0.3333333333333333 0.338 0.0 0.338 0.1875 0.6666666666666666 0.585 -0.21 -0.21 0.12366666666666666 1.0 0.769 -0.63 0.232
0.0 0.0 0.0 0.0 0.0 0.0 0.0 0.0 1.0 0.0 0.0 0.0 0.0 2.0 0.0 0.0 0.0 0.0 0.0 0.0 0.0 0.0 0.0 0.0 0.0 0.5233636363636364 0.7333333333333333 0.935 0.754 0.66625 0.26666666666666666 -0.0 0.87 0.23362499999999997 0.8 0.956 -0.98 0.89 0.10183333333333332 0.6 0.964 -0.83 -0.61 0.04092307692307692 0.43333333333333335 0.816 -0.74 -0.72 0.07756521739130436 0.7666666666666667 0.914 -0.99 0.757
0.0 0.0 0.0 0.0 0.0 1.0 0.0 0.0 0.0 1.0 0.0 0.0 0.0 1.0 0.0 0.0 0.0 0.0 0.0 0.0 0.0 0.0 0.0 1.0 0.0 0.6769000000000001 1.0 0.939 0.034 0.0 0.0 -0.0 -0.0 0.6557999999999999 1.0 1.0 0.0 0.094 -0.18212500000000004 0.8 0.979 -0.88 -0.03 0.0285 0.2 0.029 0.0 0.028 0.8306000000000001 0.5 0.935 0.0 0.935
0.0 0.0 0.0 0.0 0.0 0.0 1.0 0.0 0.0 0.0 0.0 0.0 0.0 0.0 0.0 0.0 0.0 0.0 0.0 0.0 0.0 1.0 0.0 0.0 0.0 0.746 0.5 0.746 0.746 0.83 0.5 -0.0 0.83 0.01150000000000001 1.0 0.723 -0.7 -0.7 0.0 0.0 0.0 0.0 0.0 0.0 0.0 0.0 0.0 0.0 -0.09549999999999997 1.0 0.769 -0.96 -0.96
0.0 0.0 0.0 0.0 0.0 0.0 1.0 0.0 0.0 0.0 0.0 0.0 0.0 0.0 0.0 0.0 0.0 0.0 0.0 0.0 0.0 1.0 0.0 0.0 0.0 0.7805 1.0 0.815 0.746 0.0 0.0 -0.0 -0.0 0.7124999999999999 1.0 0.723 0.0 0.723 0.0 0.0 0.0 0.0 0.0 0.0 0.0 0.0 0.0 0.0 0.8485 1.0 0.928 0.0 0.769
0.0 0.0 0.0 0.0 0.0 1.0 1.0 0.0 0.0 0.0 0.0 0.0 0.0 0.0 0.0 0.0 0.0 0.0 0.0 0.0 0.0 1.0 0.0 0.0 0.0 0.6363478260869565 0.7419354838709677 0.939 0.841 0.5775 0.25806451612903225 -0.0 0.03 0.34852173913043477 0.7419354838709677 0.968 -0.87 0.723 0.28071428571428575 0.6774193548387096 0.979 -0.79 0.87 0.2930833333333333 0.3870967741935484 0.98 -0.6 -0.08 0.34484000000000004 0.8064516129032258 0.935 -0.88 0.811
0.0 0.0 0.0 0.0 0.0 0.0 0.0 0.0 0.0 0.0 0.0 0.0 0.0 0.0 0.0 0.0 0.0 0.0 0.0 0.0 0.0 0.0 0.0 1.0 0.0 0.614 0.8571428571428571 0.935 0.935 0.58 0.14285714285714285 -0.0 0.58 0.4337142857142857 1.0 0.956 -0.58 -0.58 0.35766666666666663 0.42857142857142855 0.964 -0.13 0.239 0.213 0.42857142857142855 0.561 0.0 0.561 0.46740000000000004 0.7142857142857143 0.928 -0.62 -0.62
0.0 0.0 0.0 0.0 0.0 0.0 0.0 0.0 0.0 0.0 0.0 0.0 0.0 0.0 0.0 0.0 0.0 0.0 0.0 0.0 0.0 0.0 0.0 1.0 0.0 0.82025 1.0 0.931 0.746 0.0 0.0 -0.0 -0.0 0.739 1.0 0.898 0.0 0.723 0.08699999999999997 0.5 0.964 -0.79 0.964 0.0 0.0 0.0 0.0 0.0 0.8773333333333334 0.75 0.935 0.0 0.769
0.0 0.0 0.0 0.0 0.0 0.0 0.0 0.0 0.0 0.0 0.0 0.0 0.0 0.0 0.0 0.0 0.0 0.0 0.0 0.0 0.0 0.0 0.0 0.0 0.0 0.638 1.0 0.931 0.746 0.0 0.0 -0.0 -0.0 0.7513333333333333 0.75 0.898 0.0 0.723 0.1233333333333333 0.75 0.964 -0.79 0.964 -0.13 0.25 0.0 -0.13 -0.13 0.632 0.75 0.935 0.0 0.769
0.0 0.0 0.0 0.0 0.0 0.0 0.0 0.0 0.0 0.0 0.0 0.0 0.0 0.0 0.0 0.0 0.0 0.0 0.0 0.0 0.0 0.0 0.0 1.0 0.0 0.6251428571428572 1.0 0.931 0.16 0.0 0.0 -0.0 -0.0 0.638 0.8571428571428571 0.898 0.0 0.577 -0.13175 0.5714285714285714 0.964 -0.94 -0.94 0.049 0.14285714285714285 0.049 0.0 0.049 0.6321666666666667 0.8571428571428571 0.935 0.0 0.16
0.0 0.0 0.0 0.0 0.0 0.0 0.0 0.0 0.0 0.0 0.0 1.0 0.0 0.0 0.0 0.0 0.0 0.0 0.0 0.0 0.0 0.0 0.0 1.0 0.0 0.41 1.0 0.746 0.746 0.0 0.0 -0.0 -0.0 0.39 1.0 0.723 0.0 0.723 0.141 0.5 0.141 0.0 0.141 -0.06 0.5 0.0 -0.06 -0.06 0.4655 1.0 0.769 0.0 0.769
0.0 0.0 0.0 0.0 0.0 0.0 0.0 0.0 1.0 2.0 0.0 0.0 0.0 1.0 0.0 0.0 0.0 0.0 0.0 1.0 0.0 0.0 0.0 0.0 0.0 0.5761 0.8571428571428571 0.964 0.113 0.572 0.14285714285714285 -0.0 0.58 0.38527586206896547 0.8285714285714286 0.965 -0.84 0.061 0.35804545454545456 0.6285714285714286 0.991 -0.94 0.128 0.10258333333333332 0.34285714285714286 0.898 -0.23 0.561 0.4549375000000001 0.9142857142857143 0.98 -0.88 0.151
0.0 0.0 0.0 0.0 0.0 0.0 0.0 0.0 0.0 0.0 0.0 0.0 0.0 0.0 0.0 0.0 0.0 0.0 0.0 0.0 0.0 0.0 0.0 1.0 0.0 0.3297142857142857 1.0 0.889 0.082 0.0 0.0 -0.0 -0.0 0.4418 0.7142857142857143 0.877 0.0 0.277 0.26266666666666666 0.8571428571428571 0.902 0.0 0.093 0.039 0.2857142857142857 0.049 0.0 0.049 0.28500000000000003 0.8571428571428571 0.769 0.0 0.07
0.0 0.0 0.0 0.0 0.0 0.0 1.0 0.0 0.0 0.0 0.0 1.0 0.0 0.0 0.0 0.0 0.0 0.0 0.0 0.0 0.0 1.0 0.0 0.0 0.0 0.575625 0.8 0.935 0.935 0.6950000000000001 0.2 -0.0 0.81 0.36487499999999995 0.8 0.956 -0.95 -0.95 0.13399999999999998 0.5 0.964 -0.79 0.239 0.30025 0.4 0.721 -0.13 0.721 0.288888888888889 0.9 0.935 -0.75 -0.75
0.0 0.0 0.0 0.0 0.0 0.0 0.0 0.0 0.0 0.0 0.0 0.0 0.0 0.0 0.0 0.0 0.0 0.0 0.0 0.0 0.0 0.0 0.0 1.0 0.0 0.6296666666666667 0.6 0.935 0.935 0.54 0.4 -0.0 0.78 0.030799999999999984 1.0 0.956 -0.95 -0.95 0.221 0.4 0.239 0.0 0.239 -0.02533333333333332 0.6 0.475 -0.6 0.475 0.23579999999999995 1.0 0.914 -0.91 -0.91
0.0 0.0 0.0 0.0 0.0 0.0 0.0 0.0 0.0 0.0 0.0 0.0 0.0 0.0 0.0 0.0 0.0 0.0 0.0 0.0 0.0 0.0 0.0 1.0 0.0 0.0 0.0 0.0 0.0 0.0 0.0 -0.0 -0.0 0.0 0.0 0.0 0.0 0.0 0.0 0.0 0.0 0.0 0.0 0.0 0.0 0.0 0.0 0.0 0.0 0.0 0.0 0.0 0.0
0.0 0.0 0.0 0.0 0.0 1.0 1.0 0.0 0.0 0.0 0.0 0.0 0.0 0.0 0.0 0.0 0.0 0.0 0.0 0.0 0.0 1.0 0.0 0.0 0.0 0.935 0.5 0.935 0.935 0.06 0.5 -0.0 0.06 0.438 1.0 0.956 -0.08 -0.08 0.068 0.5 0.068 0.0 0.068 -0.13 0.5 0.0 -0.13 -0.13 0.402 1.0 0.914 -0.11 -0.11
0.0 0.0 0.0 0.0 0.0 0.0 0.0 0.0 0.0 0.0 0.0 0.0 0.0 1.0 0.0 0.0 0.0 0.0 0.0 0.0 0.0 0.0 0.0 1.0 0.0 0.846 0.3333333333333333 0.846 0.846 0.35000000000000003 0.6666666666666666 -0.0 0.66 -0.41000000000000003 0.6666666666666666 0.0 -0.78 -0.78 -0.94 0.3333333333333333 0.0 -0.94 -0.94 0.585 0.3333333333333333 0.585 0.0 0.585 0.021333333333333315 1.0 0.744 -0.63 -0.63
0.0 0.0 0.0 0.0 0.0 0.0 0.0 0.0 0.0 0.0 0.0 0.0 0.0 0.0 0.0 0.0 0.0 0.0 0.0 0.0 0.0 0.0 0.0 1.0 0.0 0.0 0.0 0.0 0.0 0.42000000000000004 1.0 -0.0 0.8 -0.42000000000000004 1.0 0.0 -0.8 -0.8 0.0 0.0 0.0 0.0 0.0 0.0 0.0 0.0 0.0 0.0 -0.05 0.5 0.0 -0.05 -0.05
0.0 0.0 0.0 0.0 0.0 0.0 0.0 0.0 0.0 0.0 0.0 0.0 0.0 0.0 0.0 0.0 0.0 0.0 0.0 0.0 0.0 0.0 0.0 1.0 0.0 0.0 0.0 0.0 0.0 0.27 1.0 -0.0 0.27 -0.75 1.0 0.0 -0.75 -0.75 0.154 1.0 0.154 0.0 0.154 -0.64 1.0 0.0 -0.64 -0.64 0.142 1.0 0.142 0.0 0.142
0.0 0.0 0.0 0.0 0.0 0.0 0.0 0.0 0.0 0.0 0.0 0.0 0.0 1.0 0.0 0.0 0.0 0.0 0.0 0.0 0.0 0.0 0.0 1.0 0.0 0.5627 0.7142857142857143 0.939 0.939 0.8825000000000001 0.2857142857142857 -0.0 0.77 0.1165 0.8571428571428571 0.956 -0.99 -0.98 0.20800000000000005 0.6428571428571429 0.979 -0.88 0.979 -0.006750000000000006 0.2857142857142857 0.383 -0.23 0.383 0.05541666666666664 0.8571428571428571 0.914 -0.99 -0.93
0.0 0.0 0.0 0.0 0.0 0.0 0.0 0.0 0.0 0.0 0.0 0.0 0.0 0.0 0.0 0.0 0.0 0.0 0.0 0.0 0.0 0.0 0.0 1.0 0.0 0.0 0.0 0.0 0.0 0.27 1.0 -0.0 0.27 -0.75 1.0 0.0 -0.75 -0.75 0.154 1.0 0.154 0.0 0.154 -0.64 1.0 0.0 -0.64 -0.64 0.142 1.0 0.142 0.0 0.142
0.0 0.0 0.0 0.0 0.0 0.0 0.0 0.0 0.0 0.0 0.0 0.0 0.0 1.0 0.0 0.0 0.0 0.0 0.0 0.0 0.0 0.0 0.0 1.0 0.0 0.6266666666666666 0.5 0.919 0.919 0.7633333333333333 0.5 -0.0 0.76 -0.2604 0.8333333333333334 0.979 -0.88 -0.88 -0.33299999999999996 0.3333333333333333 0.274 -0.94 0.274 0.55925 0.6666666666666666 0.903 -0.11 0.903 -0.058666666666666666 1.0 0.86 -0.96 -0.5
0.0 0.0 0.0 0.0 0.0 2.0 0.0 0.0 0.0 0.0 0.0 0.0 0.0 1.0 0.0 0.0 0.0 0.0 0.0 0.0 0.0 0.0 1.0 0.0 0.0 0.37968750000000007 0.64 0.939 0.939 0.6755555555555556 0.36 -0.0 0.81 0.04609523809523809 0.84 0.956 -0.96 0.899 0.19519999999999998 0.6 0.979 -0.79 0.979 0.0712857142857143 0.56 0.99 -0.75 0.049 0.11866666666666668 0.84 0.935 -0.94 0.914
0.0 0.0 0.0 0.0 0.0 0.0 0.0 0.0 0.0 0.0 0.0 0.0 0.0 0.0 0.0 0.0 0.0 0.0 0.0 0.0 0.0 0.0 0.0 1.0 0.0 0.0 0.0 0.0 0.0 0.27 1.0 -0.0 0.27 -0.75 1.0 0.0 -0.75 -0.75 0.154 1.0 0.154 0.0 0.154 -0.64 1.0 0.0 -0.64 -0.64 0.142 1.0 0.142 0.0 0.142
0.0 0.0 0.0 0.0 0.0 0.0 0.0 0.0 0.0 0.0 0.0 0.0 0.0 0.0 0.0 0.0 0.0 0.0 0.0 0.0 0.0 0.0 0.0 1.0 0.0 0.8099999999999999 0.42857142857142855 0.871 0.871 0.6050000000000001 0.5714285714285714 -0.0 0.27 -0.31266666666666665 0.42857142857142855 0.702 -0.82 -0.82 -0.056399999999999985 0.7142857142857143 0.856 -0.94 0.226 -0.017000000000000015 0.42857142857142855 0.869 -0.46 -0.46 0.05828571428571428 1.0 0.886 -0.99 -0.05
0.0 0.0 0.0 0.0 0.0 0.0 0.0 0.0 0.0 0.0 0.0 0.0 0.0 0.0 0.0 0.0 0.0 0.0 0.0 0.0 0.0 0.0 0.0 1.0 0.0 0.0 0.0 0.0 0.0 0.5800000000000001 1.0 -0.0 0.27 -0.79 1.0 0.0 -0.83 -0.75 0.154 0.5 0.154 0.0 0.154 0.11499999999999999 1.0 0.87 -0.64 -0.64 -0.414 1.0 0.142 -0.97 0.142
0.0 0.0 0.0 0.0 0.0 0.0 0.0 0.0 1.0 0.0 0.0 2.0 0.0 0.0 0.0 0.0 0.0 0.0 0.0 0.0 0.0 0.0 0.0 1.0 0.0 0.48132352941176487 0.8095238095238095 0.964 0.042 0.5437500000000001 0.19047619047619047 -0.0 0.83 0.2622162162162163 0.8809523809523809 0.965 -0.95 -0.95 0.20886666666666664 0.7142857142857143 0.988 -0.99 0.194 0.034058823529411766 0.40476190476190477 0.841 -0.64 0.549 0.21767647058823528 0.8095238095238095 0.939 -0.99 -0.99
0.0 0.0 0.0 0.0 0.0 0.0 0.0 0.0 0.0 0.0 0.0 0.0 0.0 0.0 0.0 0.0 0.0 0.0 0.0 0.0 0.0 0.0 0.0 1.0 0.0 0.0 0.0 0.0 0.0 0.27 1.0 -0.0 0.27 -0.75 1.0 0.0 -0.75 -0.75 0.154 1.0 0.154 0.0 0.154 -0.64 1.0 0.0 -0.64 -0.64 0.142 1.0 0.142 0.0 0.142
0.0 0.0 0.0 0.0 0.0 0.0 0.0 0.0 0.0 0.0 0.0 1.0 0.0 0.0 0.0 0.0 0.0 0.0 0.0 0.0 0.0 0.0 0.0 1.0 0.0 0.778 0.5 0.778 0.778 0.87 0.5 -0.0 0.87 -0.04750000000000004 1.0 0.705 -0.8 -0.8 0.0 0.0 0.0 0.0 0.0 0.0 0.0 0.0 0.0 0.0 -0.044499999999999984 1.0 0.851 -0.94 -0.94
0.0 0.0 0.0 0.0 0.0 0.0 0.0 0.0 0.0 0.0 0.0 0.0 0.0 0.0 0.0 0.0 0.0 0.0 0.0 0.0 0.0 0.0 0.0 1.0 0.0 0.0 0.0 0.0 0.0 0.27 1.0 -0.0 0.27 -0.75 1.0 0.0 -0.75 -0.75 0.154 1.0 0.154 0.0 0.154 -0.64 1.0 0.0 -0.64 -0.64 0.142 1.0 0.142 0.0 0.142
0.0 0.0 0.0 0.0 0.0 0.0 0.0 0.0 1.0 0.0 0.0 0.0 0.0 2.0 0.0 0.0 0.0 0.0 0.0 0.0 0.0 0.0 0.0 1.0 0.0 0.7888 0.9090909090909091 0.973 0.789 0.76 0.09090909090909091 -0.0 0.76 0.4695714285714286 0.6363636363636364 0.956 -0.72 0.633 -0.22171428571428572 0.6363636363636364 0.976 -0.94 -0.79 0.351 0.18181818181818182 0.752 -0.05 -0.05 0.6534000000000001 0.9090909090909091 0.998 -0.81 0.935
0.0 0.0 0.0 0.0 0.0 0.0 0.0 0.0 0.0 0.0 0.0 0.0 0.0 0.0 0.0 0.0 0.0 0.0 0.0 0.0 0.0 0.0 0.0 1.0 0.0 0.878 1.0 0.878 0.878 0.0 0.0 -0.0 -0.0 0.812 1.0 0.812 0.0 0.812 0.984 1.0 0.984 0.0 0.984 0.0 0.0 0.0 0.0 0.0 0.838 1.0 0.838 0.0 0.838
0.0 0.0 0.0 0.0 0.0 0.0 0.0 0.0 0.0 0.0 0.0 0.0 0.0 0.0 0.0 0.0 0.0 0.0 0.0 0.0 0.0 0.0 0.0 1.0 0.0 0.5913333333333334 0.75 0.939 0.114 0.9133333333333334 0.25 -0.0 0.8 0.4311428571428571 0.5833333333333334 0.899 -1.0 -1.0 0.272875 0.6666666666666666 0.979 -0.94 0.185 -0.06725000000000002 0.3333333333333333 0.831 -0.93 -0.06 -0.04325 0.6666666666666666 0.935 -0.99 0.222
0.0 0.0 0.0 0.0 0.0 0.0 0.0 0.0 0.0 0.0 0.0 0.0 0.0 0.0 0.0 0.0 0.0 0.0 0.0 0.0 0.0 0.0 0.0 1.0 0.0 0.40750000000000003 0.6666666666666666 0.789 0.026 0.06 0.3333333333333333 -0.0 0.06 0.19600000000000004 1.0 0.633 -0.08 -0.08 -0.244 1.0 0.068 -0.79 0.068 -0.060500000000000005 0.6666666666666666 0.009 -0.13 -0.13 0.296 1.0 0.935 -0.11 -0.11
0.0 0.0 0.0 1.0 0.0 3.0 0.0 0.0 1.0 0.0 0.0 4.0 0.0 1.0 0.0 0.0 0.0 0.0 0.0 0.0 0.0 0.0 1.0 0.0 0.0 0.528 0.6666666666666666 0.97 0.97 0.43000000000000005 0.3333333333333333 -0.0 0.06 0.19619999999999999 0.8333333333333334 0.956 -0.89 0.949 0.5295 0.3333333333333333 0.991 0.0 0.991 0.28049999999999997 0.3333333333333333 0.691 -0.13 -0.13 0.04 0.8333333333333334 0.914 -0.83 0.141
0.0 0.0 1.0 0.0 0.0 0.0 2.0 0.0 0.0 0.0 0.0 1.0 0.0 0.0 0.0 0.0 0.0 0.0 0.0 0.0 0.0 1.0 0.0 0.0 0.0 0.879 0.6666666666666666 0.935 0.823 0.76 0.3333333333333333 -0.0 0.76 0.905 0.6666666666666666 0.956 0.0 0.854 -0.7 0.3333333333333333 0.0 -0.7 -0.7 -0.7 0.3333333333333333 0.0 -0.7 -0.7 0.3353333333333334 1.0 0.914 -0.82 0.912
0.0 0.0 0.0 0.0 1.0 0.0 0.0 0.0 0.0 0.0 0.0 0.0 0.0 0.0 0.0 0.0 0.0 0.0 0.0 0.0 0.0 0.0 0.0 1.0 0.0 0.684 0.6666666666666666 0.939 0.939 0.49666666666666676 0.3333333333333333 -0.0 0.65 0.124625 0.8888888888888888 0.899 -0.89 -0.86 -0.04833333333333336 0.6666666666666666 0.979 -0.79 0.979 0.38999999999999996 0.3333333333333333 0.691 -0.13 0.609 0.28787500000000005 0.8888888888888888 0.935 -0.83 -0.5
0.0 0.0 0.0 0.0 0.0 0.0 0.0 0.0 1.0 0.0 0.0 0.0 0.0 1.0 0.0 0.0 0.0 0.0 0.0 0.0 0.0 0.0 0.0 1.0 0.0 0.862 0.5 0.862 0.862 0.66 0.5 -0.0 0.66 0.07300000000000001 1.0 0.926 -0.78 -0.78 0.798 0.5 0.798 0.0 0.798 0.651 0.5 0.651 0.0 0.651 -0.56 0.5 0.0 -0.56 -0.56
0.0 0.0 0.0 0.0 1.0 0.0 0.0 0.0 0.0 0.0 0.0 0.0 0.0 0.0 0.0 0.0 0.0 0.0 0.0 0.0 0.0 0.0 0.0 0.0 1.0 0.622 0.8 0.846 0.789 0.06 0.2 -0.0 0.06 0.20333333333333337 0.6 0.633 -0.08 -0.08 -0.11040000000000001 1.0 0.779 -0.79 0.068 -0.095 0.4 0.0 -0.13 -0.13 0.48025 0.8 0.935 -0.11 -0.11
0.0 0.0 0.0 0.0 0.0 0.0 0.0 0.0 0.0 0.0 0.0 0.0 0.0 1.0 0.0 0.0 0.0 0.0 0.0 0.0 0.0 0.0 0.0 1.0 0.0 0.41971428571428565 0.875 0.939 0.773 0.66 0.125 -0.0 0.66 0.42216666666666663 0.75 0.899 -0.07 0.783 0.2705714285714286 0.875 0.979 -0.7 0.744 -0.2142 0.625 0.029 -0.66 -0.09 0.46399999999999997 0.75 0.912 0.0 0.791
0.0 0.0 0.0 0.0 0.0 1.0 0.0 0.0 0.0 0.0 0.0 0.0 0.0 0.0 0.0 0.0 0.0 0.0 0.0 0.0 0.0 0.0 1.0 0.0 0.0 0.042 0.5 0.042 0.042 0.81 0.5 -0.0 0.81 -0.5 1.0 0.0 -0.95 -0.95 0.076 0.5 0.076 0.0 0.076 0.721 0.5 0.721 0.0 0.721 -0.3215 1.0 0.107 -0.75 -0.75
0.0 0.0 0.0 0.0 0.0 1.0 0.0 0.0 0.0 0.0 0.0 1.0 0.0 0.0 0.0 0.0 0.0 0.0 0.0 0.0 0.0 0.0 1.0 0.0 0.0 0.41640000000000005 0.8333333333333334 0.859 0.208 0.83 0.16666666666666666 -0.0 0.83 0.0675 0.6666666666666666 0.633 -0.74 0.295 0.108 0.6666666666666666 0.792 -0.79 0.239 0.41500000000000004 0.3333333333333333 0.781 0.0 0.049 0.24883333333333332 1.0 0.935 -0.98 0.346
0.0 0.0 0.0 0.0 0.0 1.0 0.0 0.0 0.0 0.0 0.0 0.0 0.0 0.0 0.0 0.0 0.0 0.0 0.0 0.0 0.0 0.0 1.0 0.0 0.0 0.5862 1.0 0.939 0.082 0.0 0.0 -0.0 -0.0 0.68275 0.8 0.956 -0.08 0.956 0.577 0.4 0.979 0.0 0.979 -0.16 0.2 0.0 -0.16 -0.16 0.5355 0.8 0.914 0.0 0.082
