0.0 0.0 0.0 0.0 0.0 2.0 1.0 0.0 0.0 1.0 0.0 0.0 0.0 0.0 0.0 0.0 0.0 0.0 0.0 1.0 0.0 0.0 0.0 0.0 0.0 0.494125 1.0 0.922 0.105 0.0 0.0 -0.0 -0.0 0.4231428571428572 0.875 0.957 -0.05 0.091 0.228 0.75 0.923 -0.75 0.09 -0.1 0.125 0.0 -0.1 -0.1 0.4878571428571428 0.875 0.934 0.0 0.134
0.0 0.0 0.0 0.0 0.0 0.0 0.0 0.0 0.0 0.0 0.0 0.0 0.0 0.0 0.0 0.0 0.0 0.0 0.0 0.0 0.0 0.0 0.0 1.0 0.0 0.7076666666666668 0.5 0.935 0.095 0.5216666666666666 0.5 -0.0 0.07 0.09236363636363634 0.9166666666666666 0.956 -0.84 -0.09 0.6325 0.3333333333333333 0.929 0.0 0.145 0.11549999999999998 0.5 0.717 -0.8 0.064 -0.06014285714285713 0.5833333333333334 0.914 -0.97 -0.06
0.0 0.0 0.0 0.0 0.0 0.0 1.0 0.0 0.0 0.0 0.0 0.0 0.0 1.0 0.0 0.0 0.0 0.0 0.0 0.0 0.0 1.0 0.0 0.0 0.0 0.69175 0.5714285714285714 0.939 0.844 0.5233333333333333 0.42857142857142855 -0.0 0.66 0.5022 0.7142857142857143 0.899 -0.14 0.844 0.672 0.42857142857142855 0.979 0.0 0.979 0.0723333333333333 0.42857142857142855 0.828 -0.66 0.049 0.0865 0.2857142857142857 0.223 -0.05 0.223
0.0 0.0 0.0 0.0 0.0 0.0 0.0 0.0 0.0 0.0 0.0 0.0 0.0 0.0 0.0 0.0 0.0 0.0 0.0 0.0 0.0 0.0 0.0 1.0 0.0 0.2987 0.6666666666666666 0.789 0.063 0.594 0.3333333333333333 -0.0 0.06 0.032500000000000015 0.9333333333333333 0.943 -0.85 -0.04 -0.17099999999999996 0.6 0.239 -0.79 0.096 0.12609999999999996 0.6666666666666666 0.82 -0.7 -0.11 0.17450000000000007 0.8 0.935 -0.73 -0.03
0.0 0.0 0.0 0.0 1.0 0.0 1.0 0.0 0.0 0.0 0.0 0.0 0.0 1.0 0.0 0.0 0.0 0.0 1.0 0.0 0.0 1.0 0.0 0.0 0.0 0.846 0.25 0.846 0.846 0.5633333333333334 0.75 -0.0 0.14 -0.7766666666666667 0.75 0.0 -0.95 -0.44 -0.3145 0.5 0.311 -0.94 0.311 0.4423333333333333 0.75 0.721 0.0 0.049 -0.27649999999999997 1.0 0.744 -0.75 -0.39
0.0 0.0 0.0 0.0 0.0 0.0 0.0 0.0 0.0 0.0 0.0 0.0 0.0 0.0 0.0 0.0 0.0 0.0 0.0 0.0 0.0 0.0 0.0 1.0 0.0 0.4890238095238096 0.84 0.939 0.027 0.6174999999999999 0.16 -0.0 0.84 0.3583409090909091 0.88 0.956 -0.95 0.021 0.1675555555555555 0.54 0.979 -0.79 0.069 -0.21276470588235297 0.34 0.856 -0.96 0.067 0.3532105263157894 0.76 0.935 -0.82 0.086
0.0 0.0 0.0 0.0 0.0 1.0 0.0 0.0 0.0 0.0 0.0 0.0 0.0 0.0 0.0 0.0 0.0 0.0 0.0 0.0 0.0 0.0 1.0 0.0 0.0 0.5167777777777777 0.8490566037735849 0.97 0.113 0.7887500000000001 0.1509433962264151 -0.0 0.81 0.32985000000000003 0.7547169811320755 0.973 -0.95 0.061 0.17375862068965517 0.5471698113207547 0.991 -0.79 0.128 -0.11384615384615385 0.24528301886792453 0.721 -0.91 0.721 0.34259090909090917 0.8301886792452831 0.935 -0.95 0.151
0.0 0.0 0.0 0.0 0.0 3.0 0.0 0.0 0.0 0.0 0.0 0.0 0.0 1.0 0.0 0.0 0.0 0.0 0.0 0.0 0.0 0.0 1.0 0.0 0.0 0.41524242424242425 0.868421052631579 0.939 0.728 0.828 0.13157894736842105 -0.0 0.83 0.20507692307692313 0.6842105263157895 0.956 -0.95 -0.71 0.07070833333333333 0.631578947368421 0.979 -0.94 0.716 -0.07026666666666669 0.39473684210526316 0.94 -0.78 -0.12 0.2810000000000001 0.8157894736842105 0.935 -0.96 0.741
0.0 0.0 0.0 0.0 0.0 2.0 0.0 0.0 0.0 0.0 0.0 0.0 0.0 1.0 0.0 0.0 0.0 0.0 0.0 0.0 0.0 0.0 1.0 0.0 0.0 0.5356785714285714 0.875 0.97 0.935 0.6575 0.125 -0.0 0.82 0.43556000000000006 0.78125 0.956 -0.87 0.956 -0.022500000000000003 0.75 0.991 -0.95 -0.79 0.0020000000000000126 0.25 0.936 -0.8 0.026 0.3893846153846154 0.8125 0.935 -0.98 0.914
0.0 0.0 0.0 0.0 0.0 2.0 0.0 0.0 1.0 0.0 0.0 0.0 0.0 0.0 0.0 0.0 0.0 0.0 0.0 0.0 0.0 0.0 1.0 0.0 0.0 0.6064 0.9090909090909091 0.935 0.8 0.87 0.09090909090909091 -0.0 0.87 0.3781 0.9090909090909091 0.956 -0.95 0.8 -0.11771428571428573 0.6363636363636364 0.857 -0.85 0.194 -0.29500000000000004 0.36363636363636365 0.0 -0.78 -0.1 0.6659999999999999 0.8181818181818182 0.998 0.0 0.799
0.0 0.0 0.0 0.0 0.0 0.0 1.0 0.0 0.0 0.0 0.0 0.0 0.0 0.0 0.0 0.0 0.0 0.0 0.0 0.0 0.0 1.0 0.0 0.0 0.0 0.5563809523809525 0.7777777777777778 0.939 0.823 0.5116666666666666 0.2222222222222222 -0.0 0.1 0.30391666666666667 0.8888888888888888 0.967 -0.8 -0.09 0.293375 0.5925925925925926 0.979 -0.95 0.795 0.19519999999999998 0.37037037037037035 0.936 -0.08 0.614 0.2504090909090909 0.8148148148148148 0.914 -0.74 -0.1
0.0 0.0 0.0 0.0 0.0 1.0 0.0 0.0 1.0 0.0 0.0 1.0 0.0 0.0 0.0 0.0 0.0 0.0 0.0 0.0 0.0 0.0 1.0 0.0 0.0 0.46525000000000005 0.8421052631578947 0.939 0.819 0.6533333333333334 0.15789473684210525 -0.0 0.14 0.16586206896551725 0.7631578947368421 0.956 -0.78 0.777 -0.10319354838709675 0.8157894736842105 0.979 -0.94 -0.88 0.11519999999999998 0.39473684210526316 0.97 -0.95 -0.09 0.37166666666666665 0.7894736842105263 0.941 -0.74 0.79
0.0 0.0 0.0 0.0 0.0 0.0 0.0 0.0 0.0 0.0 0.0 1.0 0.0 1.0 0.0 0.0 0.0 0.0 0.0 0.0 0.0 0.0 0.0 1.0 0.0 0.5793333333333334 1.0 0.846 0.789 0.0 0.0 -0.0 -0.0 0.4095 0.6666666666666666 0.721 0.0 0.721 0.02766666666666669 1.0 0.858 -0.94 0.858 -0.13 0.3333333333333333 0.0 -0.13 -0.13 0.514 0.6666666666666666 0.744 0.0 0.284
0.0 0.0 0.0 0.0 0.0 1.0 0.0 0.0 0.0 0.0 0.0 0.0 0.0 0.0 0.0 0.0 0.0 0.0 0.0 0.0 0.0 0.0 1.0 0.0 0.0 0.6792500000000001 0.6666666666666666 0.935 0.107 0.375 0.3333333333333333 -0.0 0.72 0.20479999999999995 0.8333333333333334 0.956 -0.55 -0.55 -0.32725 0.6666666666666666 0.354 -0.94 0.147 0.1406666666666667 0.5 0.882 -0.25 0.882 0.36466666666666664 1.0 0.914 -0.73 -0.73
0.0 0.0 0.0 0.0 0.0 0.0 0.0 0.0 0.0 0.0 0.0 0.0 0.0 0.0 0.0 0.0 0.0 0.0 0.0 0.0 0.0 0.0 0.0 0.0 0.0 0.6666000000000001 1.0 0.854 0.746 0.0 0.0 -0.0 -0.0 0.5996666666666667 0.6 0.781 0.0 0.723 0.07900000000000003 0.6 0.808 -0.81 -0.81 0.049 0.2 0.049 0.0 0.049 0.6940000000000001 1.0 0.895 0.0 0.769
0.0 0.0 0.0 0.0 0.0 1.0 1.0 0.0 1.0 0.0 0.0 0.0 0.0 2.0 0.0 0.0 0.0 0.0 0.0 0.0 0.0 1.0 0.0 0.0 0.0 0.5499999999999999 0.7692307692307693 0.935 0.035 0.4383333333333333 0.23076923076923078 -0.0 0.05 0.2756818181818182 0.8461538461538461 0.967 -0.8 -0.06 0.1050625 0.6153846153846154 0.803 -0.94 0.124 0.06063636363636362 0.4230769230769231 0.828 -0.8 -0.04 0.42164999999999997 0.7692307692307693 0.958 -0.96 0.125
0.0 0.0 0.0 0.0 1.0 1.0 1.0 0.0 1.0 0.0 0.0 1.0 0.0 0.0 0.0 0.0 0.0 0.0 0.0 0.0 0.0 0.0 0.0 1.0 0.0 0.41514285714285715 0.875 0.935 0.822 0.5733333333333334 0.125 -0.0 0.79 0.2946000000000001 0.8333333333333334 1.0 -0.93 -0.93 0.052307692307692305 0.5416666666666666 0.943 -0.79 0.85 0.11525 0.3333333333333333 0.828 -0.21 0.595 0.3655 0.9166666666666666 0.935 -0.83 -0.83
0.0 0.0 0.0 0.0 0.0 0.0 1.0 0.0 0.0 0.0 0.0 0.0 0.0 0.0 0.0 0.0 0.0 0.0 0.0 0.0 0.0 1.0 0.0 0.0 0.0 0.6241052631578947 1.0 0.935 0.147 0.0 0.0 -0.0 -0.0 0.6115000000000002 0.7368421052631579 0.972 -0.03 0.159 0.07728571428571429 0.7368421052631579 0.99 -0.94 0.21 -0.01675 0.21052631578947367 0.059 -0.11 -0.11 0.6719411764705884 0.8947368421052632 0.935 0.0 0.345
0.0 0.0 0.0 0.0 0.0 0.0 1.0 0.0 1.0 1.0 0.0 0.0 0.0 0.0 0.0 0.0 0.0 0.0 0.0 1.0 0.0 0.0 0.0 0.0 0.0 0.5681999999999999 0.6666666666666666 0.846 0.047 0.33399999999999996 0.3333333333333333 -0.0 0.06 0.16841666666666666 0.8 0.935 -0.78 -0.04 -0.01936363636363637 0.7333333333333333 0.764 -0.8 0.119 0.13114285714285712 0.4666666666666667 0.614 -0.23 0.035 0.26485714285714296 0.9333333333333333 0.935 -0.74 -0.11
0.0 0.0 0.0 0.0 0.0 0.0 1.0 0.0 1.0 0.0 0.0 0.0 0.0 0.0 0.0 0.0 0.0 0.0 0.0 0.0 0.0 0.0 0.0 1.0 0.0 0.48783333333333334 1.0 0.906 0.262 0.0 0.0 -0.0 -0.0 0.5215 1.0 0.94 -0.04 0.43 0.034 0.6666666666666666 0.657 -0.87 0.657 -0.11550000000000002 0.3333333333333333 0.049 -0.28 -0.28 0.43620000000000003 0.8333333333333334 0.769 0.0 0.244
0.0 0.0 0.0 0.0 0.0 0.0 1.0 0.0 0.0 0.0 0.0 0.0 0.0 0.0 0.0 0.0 0.0 0.0 0.0 0.0 0.0 0.0 0.0 1.0 0.0 0.5348571428571428 0.9333333333333333 0.943 0.048 0.67 0.06666666666666667 -0.0 0.67 0.3785 0.9333333333333333 0.956 -0.63 -0.1 0.30236363636363633 0.7333333333333333 0.943 -1.0 0.14 0.23066666666666666 0.2 0.862 -0.11 -0.06 0.35800000000000004 0.7333333333333333 0.914 -0.52 0.105
0.0 0.0 0.0 0.0 0.0 0.0 1.0 0.0 0.0 0.0 0.0 0.0 0.0 0.0 0.0 0.0 0.0 0.0 0.0 0.0 0.0 1.0 0.0 0.0 0.0 0.5333333333333333 0.75 0.821 0.099 0.73 0.25 -0.0 0.76 0.3096 0.625 0.781 -0.75 0.068 0.5087999999999999 0.625 0.858 -0.01 0.163 -0.04224999999999999 0.5 0.614 -0.74 -0.09 0.14757142857142852 0.875 0.822 -0.78 0.232
0.0 0.0 0.0 0.0 0.0 0.0 1.0 0.0 0.0 1.0 0.0 1.0 0.0 0.0 0.0 0.0 0.0 0.0 0.0 0.0 0.0 1.0 0.0 0.0 0.0 0.6369999999999999 0.8666666666666667 0.935 0.83 0.43500000000000005 0.13333333333333333 -0.0 0.06 0.4549999999999999 0.8 1.0 -0.95 1.0 0.3144166666666666 0.8 0.99 -0.88 -0.79 0.029999999999999992 0.3333333333333333 0.721 -0.23 -0.18 0.5234 0.6666666666666666 0.935 -0.75 0.66
0.0 0.0 0.0 0.0 0.0 0.0 1.0 0.0 0.0 0.0 0.0 0.0 0.0 0.0 0.0 0.0 0.0 0.0 0.0 0.0 0.0 0.0 0.0 0.0 0.0 0.0 0.0 0.0 0.0 0.93 1.0 -0.0 0.93 -0.87 1.0 0.0 -0.87 -0.87 0.0 0.0 0.0 0.0 0.0 0.936 1.0 0.936 0.0 0.936 -0.98 1.0 0.0 -0.98 -0.98
0.0 0.0 0.0 0.0 0.0 0.0 1.0 0.0 2.0 0.0 0.0 0.0 0.0 1.0 0.0 0.0 0.0 0.0 0.0 0.0 0.0 1.0 0.0 0.0 0.0 0.5330958904109588 0.8690476190476191 0.952 0.952 0.6909090909090909 0.13095238095238096 -0.0 0.65 0.4164714285714283 0.8333333333333334 0.967 -0.99 0.95 0.04836363636363635 0.6547619047619048 0.982 -0.88 0.953 0.13600000000000004 0.36904761904761907 0.828 -0.89 0.609 0.4094705882352943 0.8095238095238095 0.969 -0.85 0.888
0.0 0.0 0.0 0.0 0.0 0.0 1.0 0.0 1.0 0.0 0.0 1.0 0.0 1.0 0.0 0.0 0.0 0.0 0.0 0.0 0.0 0.0 0.0 1.0 0.0 0.688875 0.8421052631578947 0.935 0.109 0.5733333333333334 0.15789473684210525 -0.0 0.93 0.5173125000000001 0.8421052631578947 0.97 -0.93 -0.93 -0.03953846153846155 0.6842105263157895 0.984 -1.0 0.113 -0.008750000000000008 0.21052631578947367 0.945 -0.74 0.945 0.4611875 0.8421052631578947 0.96 -0.93 -0.93
0.0 0.0 0.0 0.0 0.0 0.0 1.0 0.0 1.0 0.0 0.0 1.0 0.0 1.0 0.0 0.0 0.0 0.0 0.0 0.0 0.0 1.0 0.0 0.0 0.0 0.5590000000000002 0.9333333333333333 0.943 0.746 0.049999999999999996 0.06666666666666667 -0.0 0.03 0.50365625 0.7111111111111111 0.956 -0.07 0.723 -0.1290625 0.7111111111111111 0.979 -0.94 0.773 -0.08314285714285714 0.3111111111111111 0.063 -0.21 -0.2 0.5758749999999999 0.8888888888888888 0.98 -0.03 0.769
0.0 0.0 0.0 0.0 0.0 2.0 2.0 0.0 0.0 0.0 0.0 0.0 0.0 2.0 0.0 0.0 0.0 0.0 0.0 0.0 0.0 0.0 0.0 0.0 0.0 0.5812926829268292 0.82 0.957 0.076 0.5411111111111111 0.18 -0.0 0.11 0.3252647058823529 0.68 0.99 -0.85 0.076 -0.009551724137931043 0.58 0.979 -0.94 0.773 -0.016117647058823525 0.34 0.828 -0.8 -0.08 0.4025238095238095 0.84 0.945 -0.91 0.769
0.0 0.0 0.0 0.0 0.0 0.0 1.0 0.0 0.0 0.0 0.0 0.0 0.0 0.0 0.0 0.0 0.0 0.0 0.0 0.0 0.0 0.0 0.0 0.0 0.0 0.5838 0.625 0.878 0.115 0.7399999999999999 0.375 -0.0 0.73 0.06287500000000003 1.0 0.922 -0.96 -0.62 0.56825 0.5 0.984 0.0 0.274 0.378 0.5 0.988 -0.11 0.988 0.06585714285714285 0.875 0.963 -0.71 -0.59
0.0 0.0 0.0 0.0 0.0 0.0 0.0 0.0 0.0 0.0 0.0 0.0 0.0 0.0 0.0 0.0 0.0 0.0 0.0 0.0 0.0 0.0 0.0 1.0 0.0 0.62875 1.0 0.927 0.796 0.0 0.0 -0.0 -0.0 0.6585000000000001 1.0 0.996 -0.07 0.996 -0.31699999999999995 0.5 0.186 -0.82 -0.82 -0.1 0.25 0.0 -0.1 -0.1 0.48533333333333334 0.75 0.706 0.0 0.569
0.0 0.0 0.0 0.0 0.0 0.0 1.0 0.0 0.0 0.0 0.0 0.0 0.0 0.0 0.0 0.0 0.0 0.0 0.0 0.0 0.0 1.0 0.0 0.0 0.0 0.0 0.0 0.0 0.0 0.93 1.0 -0.0 0.93 -0.87 1.0 0.0 -0.87 -0.87 0.0 0.0 0.0 0.0 0.0 0.936 1.0 0.936 0.0 0.936 -0.98 1.0 0.0 -0.98 -0.98
0.0 0.0 0.0 0.0 1.0 0.0 1.0 0.0 0.0 0.0 0.0 0.0 0.0 0.0 0.0 0.0 0.0 0.0 0.0 0.0 0.0 0.0 0.0 0.0 0.0 0.4453809523809524 0.8076923076923077 0.935 0.746 0.7440000000000001 0.19230769230769232 -0.0 0.78 0.1992272727272727 0.8461538461538461 0.995 -0.89 0.723 0.03376470588235294 0.6538461538461539 0.795 -0.79 0.795 0.22028571428571425 0.5384615384615384 0.82 -0.21 0.82 0.3605 0.9230769230769231 0.935 -0.69 0.769
0.0 0.0 0.0 0.0 0.0 0.0 1.0 0.0 0.0 0.0 0.0 0.0 0.0 1.0 0.0 0.0 0.0 0.0 0.0 0.0 0.0 1.0 0.0 0.0 0.0 0.514483870967742 0.96875 0.935 0.034 0.03 0.03125 -0.0 0.03 0.5006785714285714 0.875 0.967 -0.1 0.094 0.1406 0.78125 0.993 -0.94 -0.03 -0.03427272727272728 0.34375 0.061 -0.16 0.028 0.49955555555555553 0.84375 0.935 -0.07 0.816
0.0 0.0 0.0 0.0 0.0 0.0 0.0 0.0 0.0 1.0 0.0 1.0 0.0 2.0 0.0 0.0 0.0 0.0 0.0 1.0 0.0 0.0 0.0 0.0 0.0 0.5790294117647059 0.8947368421052632 0.952 0.116 0.33 0.10526315789473684 -0.0 0.05 0.42944117647058827 0.8947368421052632 0.956 -0.81 -0.08 0.22096551724137933 0.7631578947368421 0.979 -0.94 0.152 -0.067 0.2894736842105263 0.049 -0.45 0.01 0.45944444444444443 0.7105263157894737 0.935 -0.39 -0.06
0.0 0.0 0.0 0.0 0.0 0.0 0.0 0.0 1.0 1.0 0.0 0.0 0.0 0.0 0.0 0.0 0.0 0.0 0.0 1.0 0.0 0.0 0.0 0.0 0.0 0.6238 0.625 0.996 0.996 0.7133333333333333 0.375 -0.0 0.78 -0.1302 0.625 0.996 -0.78 0.996 -0.23500000000000001 0.25 0.32 -0.79 -0.79 0.6729999999999999 0.375 0.82 0.0 0.82 0.11580000000000001 0.625 0.935 -0.74 0.917
0.0 0.0 0.0 0.0 0.0 0.0 2.0 0.0 0.0 1.0 0.0 0.0 0.0 0.0 0.0 0.0 0.0 0.0 0.0 1.0 0.0 0.0 0.0 0.0 0.0 0.6375483870967742 0.9393939393939394 0.964 0.208 0.41500000000000004 0.06060606060606061 -0.0 0.76 0.559923076923077 0.7878787878787878 0.977 -0.61 0.295 0.1993157894736842 0.5757575757575758 0.979 -0.94 0.239 0.060444444444444446 0.2727272727272727 0.856 -0.32 0.049 0.622225806451613 0.9393939393939394 0.965 -0.82 0.346
0.0 0.0 0.0 0.0 0.0 0.0 1.0 0.0 0.0 1.0 0.0 0.0 0.0 0.0 0.0 0.0 0.0 0.0 0.0 0.0 0.0 0.0 0.0 1.0 0.0 0.5467777777777779 1.0 0.953 0.073 0.0 0.0 -0.0 -0.0 0.597 0.8888888888888888 1.0 -0.02 0.045 0.2691428571428572 0.7777777777777778 0.988 -0.79 0.102 -0.0405 0.2222222222222222 0.029 -0.11 0.029 0.5246666666666667 0.6666666666666666 0.93 0.0 0.337
0.0 0.0 0.0 0.0 0.0 0.0 2.0 0.0 0.0 0.0 0.0 0.0 0.0 0.0 0.0 0.0 0.0 0.0 0.0 0.0 0.0 1.0 0.0 0.0 0.0 0.6333333333333333 0.75 0.911 0.911 0.78 0.25 -0.0 0.78 0.07766666666666666 0.75 0.865 -0.73 0.865 0.6194999999999999 0.5 0.99 0.0 0.249 -0.5 0.5 0.0 -0.84 -0.16 0.6576666666666667 0.75 0.958 0.0 0.958
0.0 0.0 0.0 0.0 0.0 0.0 0.0 0.0 0.0 0.0 0.0 0.0 0.0 0.0 0.0 0.0 0.0 0.0 0.0 0.0 0.0 0.0 0.0 1.0 0.0 0.793 1.0 0.857 0.857 0.0 0.0 -0.0 -0.0 0.8466666666666667 1.0 0.92 0.0 0.92 0.756 0.6666666666666666 0.794 0.0 0.794 0.0 0.0 0.0 0.0 0.0 0.706 0.3333333333333333 0.706 0.0 0.706
0.0 0.0 0.0 0.0 0.0 0.0 1.0 0.0 0.0 0.0 0.0 0.0 0.0 0.0 0.0 0.0 0.0 0.0 0.0 0.0 0.0 1.0 0.0 0.0 0.0 0.744 1.0 0.744 0.744 0.0 0.0 -0.0 -0.0 0.781 1.0 0.781 0.0 0.781 0.0 0.0 0.0 0.0 0.0 0.0 0.0 0.0 0.0 0.0 0.706 1.0 0.706 0.0 0.706
0.0 0.0 0.0 0.0 0.0 0.0 2.0 0.0 0.0 0.0 0.0 0.0 0.0 0.0 0.0 0.0 0.0 0.0 0.0 0.0 0.0 1.0 0.0 0.0 0.0 0.4005 1.0 0.746 0.033 0.0 0.0 -0.0 -0.0 0.505 0.6666666666666666 0.781 -0.05 -0.05 -0.19666666666666668 0.5 0.178 -0.91 0.178 -0.1 0.3333333333333333 0.0 -0.12 -0.12 0.426 1.0 0.769 0.0 0.142
0.0 0.0 0.0 0.0 0.0 0.0 0.0 0.0 0.0 0.0 0.0 3.0 0.0 0.0 0.0 0.0 0.0 0.0 0.0 0.0 0.0 0.0 0.0 0.0 0.0 0.4567500000000001 0.9411764705882353 0.935 0.073 0.71 0.058823529411764705 -0.0 0.71 0.3984166666666667 0.7058823529411765 0.956 -0.54 0.796 -0.06121428571428572 0.8235294117647058 0.828 -0.99 0.077 0.1485 0.23529411764705882 0.818 -0.17 0.818 0.4294705882352942 1.0 0.935 -0.77 0.068
0.0 0.0 0.0 0.0 1.0 0.0 2.0 0.0 0.0 0.0 0.0 0.0 0.0 0.0 0.0 0.0 0.0 0.0 0.0 0.0 0.0 1.0 0.0 0.0 0.0 0.4377500000000001 0.8 0.821 0.746 0.7150000000000001 0.2 -0.0 0.66 0.1025 0.8 0.781 -0.78 0.723 0.39999999999999997 0.6 0.892 0.0 0.097 -0.08120000000000001 0.5 0.585 -0.8 0.585 0.31462500000000004 0.8 0.822 -0.63 0.769
0.0 0.0 0.0 0.0 0.0 0.0 1.0 0.0 2.0 0.0 0.0 0.0 0.0 0.0 0.0 0.0 0.0 0.0 0.0 0.0 0.0 0.0 0.0 0.0 0.0 0.4535833333333333 0.8571428571428571 0.935 0.08 0.39 0.14285714285714285 -0.0 0.04 0.21427272727272728 0.7857142857142857 0.956 -0.74 -0.06 0.013499999999999995 0.7142857142857143 0.967 -0.79 0.201 -0.07566666666666667 0.42857142857142855 0.026 -0.16 0.026 0.4116153846153845 0.9285714285714286 0.935 -0.74 0.201
0.0 0.0 0.0 0.0 1.0 0.0 1.0 0.0 0.0 0.0 0.0 0.0 0.0 0.0 0.0 0.0 0.0 0.0 0.0 0.0 0.0 1.0 0.0 0.0 0.0 0.744 0.5 0.744 0.744 0.81 0.5 -0.0 0.81 -0.08449999999999996 1.0 0.781 -0.95 -0.95 0.0 0.0 0.0 0.0 0.0 0.721 0.5 0.721 0.0 0.721 -0.02200000000000002 1.0 0.706 -0.75 -0.75
0.0 0.0 0.0 0.0 0.0 0.0 1.0 0.0 0.0 0.0 0.0 0.0 0.0 0.0 0.0 0.0 0.0 0.0 0.0 0.0 0.0 1.0 0.0 0.0 0.0 0.527 0.75 0.746 0.091 0.78 0.25 -0.0 0.78 0.231 1.0 0.781 -0.75 0.17 0.0 0.0 0.0 0.0 0.0 0.45049999999999996 0.5 0.82 0.0 0.081 0.553 0.75 0.769 0.0 0.184
0.0 0.0 0.0 0.0 0.0 0.0 0.0 0.0 0.0 0.0 0.0 4.0 0.0 1.0 0.0 0.0 0.0 0.0 0.0 0.0 0.0 0.0 0.0 0.0 0.0 0.5161333333333333 0.7894736842105263 0.935 0.049 0.4275 0.21052631578947367 -0.0 0.76 0.3249333333333333 0.7894736842105263 0.956 -0.91 -0.03 0.2895454545454545 0.5789473684210527 0.99 -0.04 0.168 -0.16400000000000003 0.42105263157894735 0.113 -0.87 -0.07 0.4069375 0.8421052631578947 0.958 -0.73 0.139
0.0 0.0 1.0 0.0 3.0 0.0 3.0 0.0 1.0 2.0 0.0 0.0 1.0 1.0 0.0 0.0 0.0 0.0 0.0 0.0 0.0 0.0 0.0 0.0 1.0 0.434860465116279 0.9555555555555556 0.939 0.075 0.34500000000000003 0.044444444444444446 -0.0 0.66 0.36071794871794877 0.8666666666666667 0.956 -0.78 0.041 -0.017575757575757578 0.7333333333333333 0.979 -0.94 0.07 0.00335294117647059 0.37777777777777777 0.585 -0.1 0.03 0.41817073170731706 0.9111111111111111 0.958 -0.63 0.109
0.0 0.0 0.0 0.0 0.0 0.0 1.0 0.0 0.0 1.0 0.0 0.0 0.0 0.0 0.0 0.0 0.0 0.0 0.0 0.0 0.0 1.0 0.0 0.0 0.0 0.422 0.6666666666666666 0.746 0.746 0.66 0.3333333333333333 -0.0 0.66 -0.0050000000000000044 1.0 0.723 -0.78 0.723 0.338 0.3333333333333333 0.338 0.0 0.338 0.1875 0.6666666666666666 0.585 -0.21 -0.21 0.12366666666666666 1.0 0.769 -0.63 0.769
0.0 0.0 0.0 0.0 0.0 0.0 1.0 0.0 1.0 0.0 0.0 0.0 0.0 0.0 0.0 0.0 0.0 0.0 0.0 0.0 0.0 0.0 0.0 1.0 0.0 0.5716666666666667 1.0 0.87 0.864 0.0 0.0 -0.0 -0.0 0.4378571428571428 0.7777777777777778 0.88 -0.05 0.098 0.20187500000000003 0.8888888888888888 0.86 -0.79 0.165 -0.09999999999999999 0.3333333333333333 0.0 -0.13 -0.13 0.623875 0.8888888888888888 0.977 0.0 0.864
0.0 0.0 0.0 0.0 0.0 0.0 1.0 0.0 0.0 0.0 0.0 1.0 0.0 0.0 0.0 0.0 0.0 0.0 0.0 0.0 0.0 0.0 0.0 1.0 0.0 0.46069230769230785 0.9285714285714286 0.943 0.943 0.865 0.07142857142857142 -0.0 0.76 0.294076923076923 0.9285714285714286 0.922 -0.96 0.094 0.22066666666666665 0.8571428571428571 0.99 -0.88 0.943 0.022615384615384617 0.4642857142857143 0.856 -0.15 0.028 0.3496363636363637 0.7857142857142857 0.958 -0.97 0.21
0.0 0.0 0.0 0.0 0.0 0.0 0.0 0.0 0.0 1.0 0.0 0.0 0.0 0.0 0.0 0.0 0.0 0.0 0.0 1.0 0.0 0.0 0.0 0.0 0.0 0.4195 1.0 0.744 0.095 0.0 0.0 -0.0 -0.0 0.781 0.5 0.781 0.0 0.781 0.072 0.5 0.072 0.0 0.072 0.0 0.0 0.0 0.0 0.0 0.4115 1.0 0.706 0.0 0.117
0.0 0.0 0.0 0.0 0.0 5.0 2.0 0.0 1.0 0.0 0.0 5.0 0.0 0.0 0.0 0.0 0.0 0.0 0.0 0.0 0.0 1.0 0.0 0.0 0.0 0.6059696969696967 0.9041095890410958 0.988 0.112 0.45428571428571424 0.0958904109589041 -0.0 0.75 0.5630535714285713 0.7671232876712328 0.995 -0.78 -0.07 0.20975000000000005 0.7671232876712328 0.986 -0.95 0.202 -0.04395238095238096 0.2876712328767123 0.717 -0.74 0.717 0.49712727272727264 0.7534246575342466 0.99 -0.8 -0.8
0.0 0.0 0.0 0.0 1.0 0.0 1.0 0.0 0.0 0.0 0.0 0.0 0.0 0.0 0.0 0.0 0.0 0.0 0.0 0.0 0.0 1.0 0.0 0.0 0.0 0.346 1.0 0.346 0.346 0.0 0.0 -0.0 -0.0 0.572 1.0 0.572 0.0 0.572 0.668 1.0 0.668 0.0 0.668 -0.34 1.0 0.0 -0.34 -0.34 0.485 1.0 0.485 0.0 0.485
0.0 0.0 0.0 0.0 0.0 0.0 1.0 0.0 0.0 0.0 0.0 0.0 0.0 0.0 0.0 0.0 0.0 0.0 0.0 0.0 0.0 1.0 0.0 0.0 0.0 0.8046666666666668 1.0 0.924 0.746 0.0 0.0 -0.0 -0.0 0.83 1.0 0.986 0.0 0.723 0.0 0.0 0.0 0.0 0.0 0.0 0.0 0.0 0.0 0.0 0.779 1.0 0.862 0.0 0.769
0.0 0.0 0.0 0.0 0.0 0.0 1.0 0.0 0.0 0.0 0.0 0.0 0.0 0.0 0.0 0.0 0.0 0.0 0.0 0.0 0.0 1.0 0.0 0.0 0.0 0.0 0.0 0.0 0.0 0.93 1.0 -0.0 0.93 -0.87 1.0 0.0 -0.87 -0.87 0.0 0.0 0.0 0.0 0.0 0.936 1.0 0.936 0.0 0.936 -0.98 1.0 0.0 -0.98 -0.98
0.0 0.0 0.0 0.0 0.0 0.0 0.0 0.0 0.0 0.0 0.0 3.0 0.0 1.0 0.0 0.0 0.0 0.0 0.0 0.0 0.0 0.0 0.0 1.0 0.0 0.6184166666666666 0.9230769230769231 0.883 0.744 0.84 0.07692307692307693 -0.0 0.84 0.3930909090909091 0.8461538461538461 0.812 -0.85 0.805 0.030250000000000055 0.9230769230769231 0.984 -0.94 -0.72 0.15725 0.3076923076923077 0.833 -0.2 0.086 0.68575 0.9230769230769231 0.987 0.0 0.699
0.0 0.0 0.0 0.0 1.0 0.0 0.0 0.0 0.0 1.0 0.0 1.0 0.0 0.0 0.0 0.0 0.0 0.0 0.0 1.0 0.0 0.0 0.0 0.0 0.0 0.42173333333333335 0.9375 0.935 0.779 0.76 0.0625 -0.0 0.76 0.2995 0.875 0.971 -0.72 0.784 0.17230769230769233 0.8125 0.764 -0.79 0.764 0.0040000000000000105 0.5 0.752 -0.23 -0.09 0.4014666666666667 0.9375 0.935 -0.81 0.79
0.0 0.0 1.0 0.0 0.0 0.0 3.0 0.0 0.0 0.0 0.0 2.0 0.0 0.0 0.0 0.0 0.0 0.0 0.0 0.0 0.0 1.0 0.0 0.0 0.0 0.6180000000000001 0.7 0.939 0.857 0.8066666666666666 0.3 -0.0 0.81 0.1883 1.0 0.92 -0.91 0.92 0.37366666666666665 0.6 0.979 -0.65 0.794 0.14020000000000002 0.5 0.816 -0.72 -0.07 0.04837499999999999 0.8 0.892 -0.99 0.892
0.0 0.0 0.0 0.0 0.0 3.0 0.0 0.0 2.0 1.0 0.0 0.0 0.0 0.0 0.0 0.0 0.0 0.0 0.0 0.0 0.0 0.0 1.0 0.0 0.0 0.5637307692307691 0.896551724137931 0.966 0.068 0.7466666666666667 0.10344827586206896 -0.0 0.77 0.38867999999999997 0.8620689655172413 0.995 -0.83 0.059 -0.06041176470588236 0.5862068965517241 0.943 -0.94 0.132 0.173 0.3448275862068966 0.717 -0.12 -0.12 0.36748 0.8620689655172413 0.935 -0.97 0.201
0.0 0.0 0.0 0.0 0.0 0.0 1.0 0.0 0.0 0.0 0.0 0.0 0.0 1.0 0.0 0.0 0.0 0.0 0.0 0.0 0.0 1.0 0.0 0.0 0.0 0.6253877551020408 0.8448275862068966 0.943 0.036 0.6166666666666666 0.15517241379310345 -0.0 0.85 0.4186666666666667 0.7758620689655172 0.988 -0.95 -0.06 0.10926190476190477 0.7241379310344828 0.979 -0.95 0.109 0.15242105263157893 0.3275862068965517 0.816 -0.74 -0.05 0.3837708333333334 0.8275862068965517 0.935 -0.85 0.158
0.0 0.0 0.0 0.0 0.0 0.0 1.0 0.0 1.0 0.0 0.0 0.0 0.0 0.0 0.0 0.0 0.0 0.0 0.0 0.0 0.0 1.0 0.0 0.0 0.0 0.5366363636363635 0.7857142857142857 0.935 0.831 0.7833333333333333 0.21428571428571427 -0.0 0.78 0.1797272727272727 0.7857142857142857 0.956 -0.95 -0.75 -0.13633333333333333 0.6428571428571429 0.96 -0.79 -0.71 0.1968333333333333 0.42857142857142855 0.82 -0.11 0.82 0.39915384615384614 0.9285714285714286 0.935 -0.75 0.92
0.0 0.0 0.0 0.0 1.0 2.0 1.0 0.0 0.0 0.0 0.0 0.0 0.0 0.0 0.0 0.0 0.0 0.0 0.0 0.0 0.0 1.0 0.0 0.0 0.0 0.45338461538461555 0.9285714285714286 0.943 0.753 0.8300000000000001 0.07142857142857142 -0.0 0.93 0.29905555555555563 0.8571428571428571 0.967 -0.87 0.541 0.0754848484848485 0.7857142857142857 0.979 -0.95 -0.86 -0.14833333333333334 0.35714285714285715 0.049 -0.84 -0.16 0.40440000000000004 0.7142857142857143 0.935 -1.0 0.85
0.0 0.0 0.0 0.0 0.0 0.0 1.0 0.0 0.0 0.0 0.0 0.0 0.0 0.0 0.0 0.0 0.0 0.0 0.0 0.0 0.0 1.0 0.0 0.0 0.0 0.815 1.0 0.886 0.886 0.0 0.0 -0.0 -0.0 0.781 0.5 0.781 0.0 0.781 0.99 0.5 0.99 0.0 0.99 0.0 0.0 0.0 0.0 0.0 0.744 1.0 0.782 0.0 0.782
0.0 0.0 0.0 0.0 0.0 0.0 1.0 0.0 0.0 0.0 0.0 0.0 0.0 0.0 0.0 0.0 0.0 0.0 0.0 0.0 0.0 1.0 0.0 0.0 0.0 0.414 1.0 0.744 0.084 0.0 0.0 -0.0 -0.0 0.3355 1.0 0.781 -0.11 -0.11 0.283 0.5 0.283 0.0 0.283 -0.16 0.5 0.0 -0.16 -0.16 0.5185 1.0 0.706 0.0 0.331
0.0 0.0 0.0 0.0 0.0 0.0 1.0 0.0 0.0 0.0 0.0 0.0 0.0 0.0 0.0 0.0 0.0 0.0 0.0 0.0 0.0 1.0 0.0 0.0 0.0 0.42300000000000004 1.0 0.779 0.067 0.0 0.0 -0.0 -0.0 0.784 0.5 0.784 0.0 0.784 0.419 1.0 0.764 0.0 0.074 0.0 0.0 0.0 0.0 0.0 0.42500000000000004 1.0 0.79 0.0 0.06
0.0 0.0 0.0 0.0 0.0 0.0 1.0 0.0 1.0 0.0 0.0 0.0 0.0 0.0 0.0 0.0 0.0 0.0 0.0 0.0 0.0 1.0 0.0 0.0 0.0 0.47907692307692307 0.9285714285714286 0.935 0.903 0.04 0.07142857142857142 -0.0 0.04 0.5019230769230768 0.9285714285714286 0.97 -0.08 0.746 0.1817 0.7142857142857143 0.97 -0.79 0.97 0.09259999999999999 0.35714285714285715 0.773 -0.28 -0.28 0.5018461538461538 0.9285714285714286 0.994 -0.04 0.994
0.0 0.0 0.0 0.0 0.0 0.0 1.0 0.0 0.0 0.0 0.0 0.0 0.0 0.0 0.0 0.0 0.0 0.0 0.0 0.0 0.0 1.0 0.0 0.0 0.0 0.831 1.0 0.943 0.746 0.0 0.0 -0.0 -0.0 0.7776666666666666 0.75 0.905 0.0 0.723 0.858 0.5 0.943 0.0 0.943 0.0 0.0 0.0 0.0 0.0 0.8373333333333334 0.75 0.892 0.0 0.769
0.0 0.0 0.0 0.0 0.0 0.0 0.0 0.0 0.0 0.0 0.0 0.0 0.0 0.0 0.0 0.0 0.0 0.0 0.0 0.0 0.0 0.0 0.0 0.0 0.0 0.6285555555555555 0.9 0.935 0.928 0.81 0.1 -0.0 0.81 0.357625 0.8 0.956 -0.77 -0.03 0.10899999999999999 0.5 0.99 -0.99 -0.99 0.32299999999999995 0.2 0.816 -0.17 -0.17 0.48650000000000004 1.0 0.914 -0.85 0.862
0.0 0.0 0.0 0.0 0.0 0.0 1.0 0.0 1.0 0.0 0.0 0.0 0.0 0.0 0.0 0.0 0.0 0.0 0.0 0.0 0.0 1.0 0.0 0.0 0.0 0.6587105263157894 0.9047619047619048 0.966 0.87 0.4075 0.09523809523809523 -0.0 0.74 0.5836060606060604 0.7857142857142857 0.967 -0.74 0.88 0.04127272727272728 0.7857142857142857 0.986 -0.94 0.86 -0.035818181818181825 0.2619047619047619 0.716 -0.23 -0.08 0.5722352941176471 0.8095238095238095 0.986 -0.94 0.111
0.0 0.0 0.0 0.0 0.0 1.0 0.0 0.0 0.0 1.0 0.0 0.0 0.0 0.0 0.0 0.0 0.0 0.0 0.0 1.0 0.0 0.0 0.0 0.0 0.0 0.5328666666666668 0.8823529411764706 0.939 0.034 0.315 0.11764705882352941 -0.0 0.03 0.3446 0.8823529411764706 0.967 -0.78 0.094 -0.007200000000000019 0.7352941176470589 0.979 -0.94 -0.03 -0.048499999999999995 0.4117647058823529 0.107 -0.42 0.028 0.49735483870967734 0.9117647058823529 0.947 -0.73 0.905
0.0 0.0 0.0 0.0 0.0 0.0 1.0 0.0 0.0 1.0 0.0 0.0 0.0 0.0 0.0 0.0 0.0 0.0 0.0 1.0 0.0 0.0 0.0 0.0 0.0 0.4776190476190476 0.9545454545454546 0.951 0.786 0.02 0.045454545454545456 -0.0 0.02 0.5253333333333334 0.6818181818181818 0.956 -0.05 0.793 0.33637500000000004 0.7272727272727273 0.943 -0.03 0.094 -0.0829090909090909 0.5 0.039 -0.22 -0.09 0.5115000000000001 0.9090909090909091 0.959 0.0 0.778
0.0 0.0 0.0 1.0 0.0 2.0 2.0 0.0 1.0 0.0 0.0 1.0 0.0 2.0 0.0 0.0 0.0 0.0 0.0 0.0 0.0 1.0 0.0 0.0 0.0 0.5416000000000001 0.6818181818181818 0.935 0.823 0.7942857142857143 0.3181818181818182 -0.0 0.84 0.01020000000000002 0.9090909090909091 0.986 -0.99 -0.99 0.06150000000000002 0.5454545454545454 0.817 -0.94 0.795 0.3152222222222221 0.4090909090909091 0.97 -0.13 0.049 0.2342631578947368 0.8636363636363636 0.935 -0.73 -0.7
0.0 0.0 0.0 0.0 0.0 0.0 1.0 0.0 0.0 0.0 0.0 1.0 0.0 1.0 0.0 0.0 0.0 0.0 0.0 0.0 0.0 1.0 0.0 0.0 0.0 0.5778 0.9259259259259259 0.939 0.823 0.81 0.07407407407407407 -0.0 0.84 0.4213333333333333 0.8888888888888888 0.967 -0.85 0.967 0.17534782608695654 0.8518518518518519 0.979 -0.79 0.795 0.19028571428571425 0.25925925925925924 0.833 -0.1 -0.1 0.5849375 0.5925925925925926 0.935 0.0 0.706
0.0 0.0 0.0 0.0 0.0 0.0 0.0 0.0 0.0 0.0 0.0 0.0 0.0 1.0 0.0 0.0 0.0 0.0 0.0 0.0 0.0 0.0 0.0 0.0 0.0 0.5021111111111111 0.9 0.935 0.875 0.93 0.1 -0.0 0.93 0.3169999999999999 0.65 0.956 -0.99 -0.99 -0.12823076923076926 0.65 0.75 -0.91 0.171 0.08583333333333336 0.3 0.936 -0.2 -0.1 0.40410526315789475 0.95 0.935 -0.98 0.875
0.0 0.0 0.0 0.0 0.0 0.0 0.0 0.0 0.0 0.0 0.0 0.0 0.0 0.0 0.0 0.0 0.0 0.0 0.0 0.0 0.0 0.0 0.0 1.0 0.0 0.6487037037037034 0.7714285714285715 0.943 0.125 0.15625 0.22857142857142856 -0.0 0.78 0.4340322580645163 0.8857142857142857 0.956 -0.75 0.044 0.022449999999999998 0.5714285714285714 0.979 -0.93 0.795 0.03788888888888889 0.2571428571428571 0.82 -0.26 0.82 0.54375 0.45714285714285713 0.935 -0.03 0.206
0.0 0.0 0.0 0.0 0.0 1.0 0.0 0.0 2.0 0.0 0.0 5.0 0.0 0.0 0.0 0.0 0.0 0.0 0.0 0.0 0.0 0.0 1.0 0.0 0.0 0.5620487804878046 0.8541666666666666 0.964 0.766 0.6628571428571428 0.14583333333333334 -0.0 0.71 0.3385121951219511 0.8541666666666666 0.995 -0.97 0.7 0.10706060606060601 0.6875 0.979 -0.79 -0.64 0.053875000000000006 0.3333333333333333 0.84 -0.72 -0.72 0.4550263157894738 0.7916666666666666 0.996 -0.85 0.953
0.0 0.0 0.0 0.0 0.0 0.0 0.0 0.0 0.0 0.0 0.0 0.0 0.0 1.0 0.0 0.0 0.0 0.0 0.0 0.0 0.0 0.0 0.0 0.0 0.0 0.5218333333333333 0.9473684210526315 0.949 0.719 0.91 0.05263157894736842 -0.0 0.91 0.4580588235294117 0.8947368421052632 0.956 -0.05 0.728 -0.036625000000000026 0.8421052631578947 0.988 -0.87 0.713 0.0695 0.3157894736842105 0.837 -0.11 -0.11 0.44047058823529417 0.8947368421052632 0.935 -0.99 0.715
0.0 0.0 0.0 0.0 1.0 0.0 1.0 0.0 2.0 2.0 0.0 3.0 0.0 1.0 0.0 0.0 0.0 0.0 0.0 0.0 0.0 0.0 0.0 0.0 0.0 0.5201875 0.9696969696969697 0.939 0.127 0.82 0.030303030303030304 -0.0 0.82 0.5393 0.6060606060606061 0.995 -0.84 0.967 0.11718518518518518 0.8181818181818182 0.979 -0.94 -0.12 -0.1582727272727273 0.3333333333333333 0.049 -0.8 -0.13 0.5268461538461539 0.7878787878787878 0.968 0.0 0.706
1.0 0.0 0.0 0.0 1.0 0.0 0.0 0.0 1.0 2.0 0.0 6.0 0.0 1.0 0.0 0.0 0.0 0.0 0.0 0.0 0.0 0.0 0.0 0.0 0.0 0.47781250000000014 0.8421052631578947 0.935 0.746 0.6466666666666667 0.15789473684210525 -0.0 0.82 0.25621875000000005 0.8421052631578947 0.956 -0.95 -0.69 0.2614230769230769 0.6842105263157895 0.96 -0.67 0.077 0.1918666666666666 0.39473684210526316 0.883 -0.44 0.883 0.2806176470588235 0.8947368421052632 0.914 -0.91 -0.91
0.0 0.0 0.0 0.0 0.0 0.0 1.0 0.0 1.0 0.0 0.0 1.0 0.0 1.0 0.0 0.0 0.0 0.0 0.0 0.0 0.0 1.0 0.0 0.0 0.0 0.5017222222222223 0.8571428571428571 0.935 0.817 0.695 0.14285714285714285 -0.0 0.88 0.28519999999999995 0.8333333333333334 0.991 -0.93 0.819 -0.035428571428571455 0.6666666666666666 0.978 -0.94 0.103 -0.06362500000000001 0.38095238095238093 0.816 -0.91 0.739 0.3782857142857144 0.8333333333333334 0.948 -0.96 0.816
0.0 0.0 0.0 0.0 0.0 0.0 1.0 0.0 0.0 0.0 0.0 0.0 0.0 0.0 0.0 0.0 0.0 0.0 0.0 0.0 0.0 1.0 0.0 0.0 0.0 0.8673333333333333 1.0 0.924 0.924 0.0 0.0 -0.0 -0.0 0.931 0.6666666666666666 0.957 0.0 0.957 0.8290000000000001 1.0 0.894 0.0 0.894 0.0 0.0 0.0 0.0 0.0 0.8783333333333333 1.0 0.921 0.0 0.921
0.0 0.0 0.0 0.0 0.0 0.0 1.0 0.0 0.0 0.0 0.0 1.0 0.0 0.0 0.0 0.0 0.0 0.0 0.0 0.0 0.0 0.0 0.0 0.0 0.0 0.49662500000000004 0.8 0.935 0.07 0.21250000000000002 0.2 -0.0 0.07 0.334 0.95 0.956 -0.75 -0.07 0.08585714285714284 0.7 0.919 -0.79 0.22 0.02166666666666668 0.45 0.614 -0.17 0.009 0.417625 0.8 0.935 -0.74 -0.12
0.0 0.0 0.0 0.0 0.0 0.0 0.0 0.0 0.0 1.0 0.0 0.0 0.0 3.0 0.0 0.0 0.0 0.0 0.0 1.0 0.0 0.0 0.0 0.0 0.0 0.6493125000000001 1.0 0.935 0.903 0.0 0.0 -0.0 -0.0 0.8077272727272727 0.6875 0.986 0.0 0.746 -0.03808333333333336 0.75 0.97 -0.94 0.97 0.2853333333333333 0.1875 0.773 0.0 0.773 0.6555384615384615 0.8125 0.994 0.0 0.994
0.0 0.0 0.0 0.0 0.0 0.0 1.0 0.0 0.0 0.0 0.0 0.0 0.0 0.0 0.0 0.0 0.0 0.0 0.0 0.0 0.0 1.0 0.0 0.0 0.0 0.8275 1.0 0.911 0.911 0.0 0.0 -0.0 -0.0 0.823 1.0 0.865 0.0 0.865 0.0 0.0 0.0 0.0 0.0 0.0 0.0 0.0 0.0 0.0 0.832 1.0 0.958 0.0 0.958
0.0 0.0 0.0 0.0 0.0 0.0 1.0 0.0 0.0 0.0 0.0 0.0 0.0 0.0 0.0 0.0 0.0 0.0 0.0 0.0 0.0 0.0 0.0 1.0 0.0 0.5018695652173912 0.6571428571428571 0.97 0.091 0.4491666666666665 0.34285714285714286 -0.0 0.1 0.17326666666666665 0.8571428571428571 0.961 -0.87 -0.12 -0.049454545454545445 0.6285714285714286 0.991 -0.94 0.152 0.17880000000000001 0.2857142857142857 0.99 -0.74 -0.08 0.1449230769230769 0.7428571428571429 0.935 -0.87 0.208
0.0 0.0 0.0 0.0 0.0 0.0 1.0 0.0 0.0 0.0 0.0 0.0 0.0 0.0 0.0 0.0 0.0 0.0 0.0 0.0 0.0 1.0 0.0 0.0 0.0 0.5144 0.8695652173913043 0.966 0.039 0.7799999999999999 0.13043478260869565 -0.0 0.84 0.36014999999999997 0.8695652173913043 0.966 -0.99 -0.99 0.3042307692307692 0.5652173913043478 0.984 -0.87 0.713 0.045666666666666654 0.2608695652173913 0.585 -0.14 0.585 0.2717894736842106 0.8260869565217391 0.948 -0.7 0.069
0.0 0.0 0.0 0.0 0.0 0.0 0.0 0.0 0.0 0.0 0.0 1.0 0.0 0.0 0.0 0.0 0.0 0.0 0.0 0.0 0.0 0.0 0.0 1.0 0.0 0.6712 0.8333333333333334 0.901 0.744 0.8 0.16666666666666666 -0.0 0.8 0.4514 0.8333333333333334 0.809 -0.77 0.781 0.753 0.6666666666666666 0.992 0.0 0.915 0.291 0.3333333333333333 0.842 -0.26 0.842 0.613 0.5 0.841 0.0 0.706
0.0 0.0 0.0 0.0 0.0 0.0 0.0 0.0 0.0 1.0 0.0 0.0 0.0 0.0 0.0 0.0 0.0 0.0 0.0 1.0 0.0 0.0 0.0 0.0 0.0 0.103 0.5 0.103 0.103 0.78 0.5 -0.0 0.78 -0.326 1.0 0.098 -0.75 0.098 0.249 0.5 0.249 0.0 0.249 0.32999999999999996 1.0 0.82 -0.16 -0.16 0.233 0.5 0.233 0.0 0.233
0.0 0.0 0.0 0.0 0.0 1.0 1.0 0.0 0.0 0.0 0.0 0.0 0.0 2.0 0.0 0.0 0.0 0.0 0.0 0.0 0.0 0.0 1.0 0.0 0.0 0.6335999999999999 0.9375 0.99 0.043 0.845 0.0625 -0.0 0.82 0.5210454545454545 0.6875 0.993 -0.91 -0.06 0.24605263157894736 0.59375 0.99 -0.94 0.083 0.020285714285714275 0.21875 0.828 -0.72 -0.04 0.5721428571428572 0.875 0.99 -0.99 0.2
0.0 0.0 0.0 0.0 0.0 0.0 0.0 0.0 0.0 0.0 0.0 1.0 0.0 0.0 0.0 0.0 0.0 0.0 0.0 0.0 0.0 0.0 0.0 1.0 0.0 0.5252857142857144 0.7777777777777778 0.939 0.744 0.065 0.2222222222222222 -0.0 0.08 0.38711111111111113 1.0 0.956 -0.05 0.781 0.458 0.5555555555555556 0.979 0.0 0.153 -0.08259999999999999 0.5555555555555556 0.077 -0.14 -0.11 0.5316666666666667 0.6666666666666666 0.916 0.0 0.706
0.0 0.0 0.0 0.0 1.0 0.0 1.0 0.0 0.0 0.0 0.0 3.0 0.0 0.0 0.0 0.0 0.0 0.0 0.0 0.0 0.0 0.0 0.0 0.0 0.0 0.579655172413793 0.90625 0.939 0.857 0.5666666666666667 0.09375 -0.0 0.04 0.5296249999999999 0.75 0.995 -0.89 0.905 0.12082608695652174 0.71875 0.979 -0.94 0.773 -0.22612500000000005 0.25 0.011 -0.8 -0.05 0.5568148148148148 0.84375 0.935 -0.04 0.892
0.0 0.0 0.0 0.0 0.0 0.0 1.0 0.0 0.0 0.0 0.0 1.0 0.0 1.0 0.0 0.0 0.0 0.0 0.0 0.0 0.0 1.0 0.0 0.0 0.0 0.6067692307692308 0.8666666666666667 0.957 0.019 0.755 0.13333333333333333 -0.0 0.77 0.3610714285714285 0.9333333333333333 1.0 -0.85 -0.03 0.006111111111111095 0.6 0.969 -0.79 0.096 -0.09266666666666667 0.4 0.584 -0.8 -0.06 0.5138461538461538 0.8666666666666667 0.996 -0.79 0.077
0.0 0.0 0.0 0.0 0.0 0.0 1.0 0.0 0.0 0.0 0.0 0.0 0.0 0.0 0.0 0.0 0.0 0.0 0.0 0.0 0.0 1.0 0.0 0.0 0.0 0.5234583333333332 0.75 0.939 0.841 0.505 0.25 -0.0 0.07 0.21438461538461542 0.8125 0.956 -0.85 -0.12 0.18655000000000002 0.625 0.99 -0.88 -0.05 0.03184615384615385 0.40625 0.605 -0.74 -0.05 0.275074074074074 0.84375 0.958 -0.87 -0.19
0.0 0.0 0.0 0.0 0.0 0.0 1.0 0.0 0.0 0.0 0.0 0.0 0.0 0.0 0.0 0.0 0.0 0.0 0.0 0.0 0.0 0.0 0.0 1.0 0.0 0.5052 1.0 0.927 0.048 0.0 0.0 -0.0 -0.0 0.46420000000000006 1.0 0.927 -0.07 -0.07 0.148 0.4 0.186 0.0 0.186 -0.1 0.2 0.0 -0.1 -0.1 0.44300000000000006 0.8 0.769 0.0 0.181
0.0 0.0 0.0 0.0 0.0 1.0 1.0 0.0 1.0 0.0 0.0 0.0 0.0 1.0 0.0 0.0 0.0 0.0 0.0 0.0 0.0 0.0 0.0 0.0 0.0 0.40875000000000006 0.7692307692307693 0.943 0.819 0.4933333333333334 0.23076923076923078 -0.0 0.81 0.14936363636363637 0.8461538461538461 0.97 -0.77 0.777 -0.10329411764705886 0.6538461538461539 0.943 -0.88 -0.88 0.19146666666666665 0.5769230769230769 0.816 -0.28 0.051 0.26668181818181824 0.8461538461538461 0.935 -0.85 0.79
0.0 0.0 0.0 0.0 0.0 2.0 1.0 0.0 1.0 0.0 0.0 0.0 0.0 0.0 0.0 0.0 0.0 0.0 0.0 0.0 0.0 0.0 1.0 0.0 0.0 0.5403499999999999 0.9090909090909091 0.935 0.864 0.4 0.09090909090909091 -0.0 0.76 0.34710526315789475 0.8636363636363636 0.957 -0.93 -0.05 0.02623529411764707 0.7727272727272727 0.894 -1.0 -0.94 -0.0014444444444444442 0.4090909090909091 0.508 -0.17 -0.08 0.4743500000000001 0.9090909090909091 0.935 -0.84 0.864
0.0 0.0 0.0 0.0 0.0 0.0 0.0 0.0 0.0 0.0 0.0 0.0 0.0 0.0 0.0 0.0 0.0 0.0 0.0 0.0 0.0 0.0 0.0 0.0 0.0 0.6149 1.0 0.935 0.846 0.0 0.0 -0.0 -0.0 0.509625 0.8 0.956 -0.04 0.633 0.00687500000000002 0.8 0.984 -0.94 -0.94 -0.21 0.1 0.0 -0.21 -0.21 0.6378 1.0 0.935 0.0 0.744
0.0 0.0 0.0 0.0 0.0 0.0 2.0 0.0 0.0 0.0 0.0 0.0 0.0 0.0 0.0 0.0 0.0 0.0 0.0 0.0 0.0 1.0 0.0 0.0 0.0 0.7518750000000001 0.8888888888888888 0.943 0.746 0.95 0.1111111111111111 -0.0 0.95 0.46040000000000003 0.5555555555555556 0.917 -0.91 0.723 0.4686666666666666 0.6666666666666666 0.99 -0.9 0.794 -0.98 0.1111111111111111 0.0 -0.98 -0.98 0.6517999999999999 0.5555555555555556 0.941 0.0 0.769
0.0 0.0 0.0 0.0 0.0 0.0 1.0 0.0 0.0 0.0 0.0 0.0 0.0 0.0 0.0 0.0 0.0 0.0 0.0 0.0 0.0 1.0 0.0 0.0 0.0 0.5853333333333333 0.75 0.951 0.951 0.04 0.25 -0.0 0.04 0.227 0.75 0.781 -0.06 -0.06 0.5105000000000001 0.5 0.911 0.0 0.911 0.026 0.25 0.026 0.0 0.026 0.604 0.75 0.99 0.0 0.99
0.0 0.0 0.0 0.0 0.0 0.0 0.0 0.0 0.0 0.0 0.0 0.0 0.0 0.0 0.0 0.0 0.0 0.0 0.0 0.0 0.0 0.0 0.0 1.0 0.0 0.5674 1.0 0.935 0.16 0.0 0.0 -0.0 -0.0 0.5225 0.8 0.956 0.0 0.137 0.18824999999999997 0.8 0.82 -0.65 0.344 -0.08049999999999999 0.4 0.049 -0.21 -0.21 0.6477999999999999 1.0 0.914 0.0 0.369
0.0 0.0 0.0 0.0 0.0 0.0 1.0 0.0 0.0 0.0 0.0 0.0 0.0 0.0 0.0 0.0 0.0 0.0 0.0 0.0 0.0 1.0 0.0 0.0 0.0 0.745 1.0 0.746 0.746 0.0 0.0 -0.0 -0.0 0.752 1.0 0.781 0.0 0.723 0.0 0.0 0.0 0.0 0.0 0.0 0.0 0.0 0.0 0.0 0.7375 1.0 0.769 0.0 0.769
0.0 0.0 0.0 0.0 0.0 2.0 0.0 0.0 0.0 0.0 0.0 1.0 0.0 1.0 0.0 0.0 0.0 0.0 0.0 0.0 0.0 0.0 0.0 1.0 0.0 0.5960625 0.7272727272727273 0.943 0.069 0.43 0.2727272727272727 -0.0 0.87 0.12357142857142854 0.6363636363636364 0.899 -0.93 -0.91 0.17341176470588235 0.7727272727272727 0.979 -0.94 0.103 -0.1627 0.45454545454545453 0.096 -0.77 -0.72 0.2078888888888889 0.8181818181818182 0.935 -0.99 -0.99
0.0 0.0 1.0 0.0 1.0 0.0 3.0 0.0 0.0 0.0 0.0 0.0 0.0 0.0 0.0 0.0 0.0 0.0 0.0 0.0 0.0 0.0 0.0 0.0 1.0 0.6174999999999999 1.0 0.886 0.094 0.0 0.0 -0.0 -0.0 0.516 0.75 0.781 0.0 0.044 0.99 0.25 0.99 0.0 0.99 0.0 0.0 0.0 0.0 0.0 0.6002500000000001 1.0 0.782 0.0 0.144
0.0 0.0 0.0 0.0 0.0 0.0 0.0 0.0 0.0 1.0 0.0 0.0 0.0 0.0 0.0 0.0 0.0 0.0 0.0 1.0 0.0 0.0 0.0 0.0 0.0 0.7386666666666667 0.75 0.778 0.692 0.76 0.25 -0.0 0.76 0.3035 1.0 0.723 -0.78 0.566 -0.91 0.25 0.0 -0.91 -0.91 0.0 0.0 0.0 0.0 0.0 0.37224999999999997 1.0 0.851 -0.73 0.599
0.0 0.0 0.0 0.0 0.0 0.0 1.0 0.0 0.0 0.0 0.0 1.0 0.0 0.0 0.0 0.0 0.0 0.0 0.0 0.0 0.0 1.0 0.0 0.0 0.0 0.38233333333333336 0.6 0.861 0.22 0.5 0.4 -0.0 0.93 0.04600000000000002 1.0 0.86 -0.93 -0.93 -0.1645 0.4 0.461 -0.79 0.461 -0.635 0.4 0.0 -0.93 -0.93 0.12925000000000003 0.8 0.93 -0.94 -0.94
0.0 0.0 0.0 0.0 0.0 1.0 0.0 0.0 0.0 0.0 0.0 0.0 0.0 0.0 0.0 0.0 0.0 0.0 0.0 0.0 0.0 0.0 1.0 0.0 0.0 0.593689655172414 0.8529411764705882 0.948 0.149 0.51 0.14705882352941177 -0.0 0.77 0.35911538461538456 0.7647058823529411 0.956 -0.74 0.118 0.09291304347826088 0.6764705882352942 0.944 -0.99 0.181 -0.026666666666666665 0.2647058823529412 0.83 -0.8 -0.07 0.50284 0.7352941176470589 0.947 -0.96 0.374
0.0 0.0 0.0 0.0 0.0 2.0 0.0 0.0 2.0 0.0 0.0 0.0 0.0 0.0 0.0 0.0 0.0 0.0 0.0 0.0 0.0 0.0 1.0 0.0 0.0 0.40385714285714286 0.6666666666666666 0.833 0.819 0.7828571428571429 0.3333333333333333 -0.0 0.82 -0.05694736842105262 0.9047619047619048 0.791 -0.96 0.777 -0.17169230769230767 0.6190476190476191 0.959 -0.88 -0.88 0.2602 0.47619047619047616 0.883 -0.96 0.883 -0.013157894736842105 0.9047619047619048 0.935 -0.91 0.79
0.0 0.0 0.0 0.0 0.0 3.0 0.0 0.0 0.0 0.0 0.0 2.0 0.0 1.0 0.0 0.0 0.0 0.0 0.0 0.0 0.0 0.0 1.0 0.0 0.0 0.5636500000000001 0.6896551724137931 0.97 0.789 0.6666666666666666 0.3103448275862069 -0.0 0.76 0.08026315789473684 0.6551724137931034 0.949 -0.99 -0.61 0.18389999999999995 0.6896551724137931 0.991 -0.94 -0.79 0.5089090909090909 0.3793103448275862 0.988 -0.12 0.856 0.14325000000000004 0.8275862068965517 0.947 -0.82 -0.82
0.0 0.0 0.0 0.0 0.0 0.0 0.0 0.0 0.0 0.0 0.0 2.0 0.0 1.0 0.0 0.0 0.0 0.0 0.0 0.0 0.0 0.0 0.0 1.0 0.0 0.45365306122448973 0.875 0.97 0.084 0.7814285714285715 0.125 -0.0 0.66 0.30842222222222226 0.8035714285714286 0.971 -0.98 0.032 0.26224324324324316 0.6607142857142857 0.991 -0.94 0.261 0.1341176470588235 0.30357142857142855 0.82 -0.21 -0.15 0.24366666666666661 0.8035714285714286 0.935 -0.93 0.198
0.0 0.0 0.0 0.0 0.0 1.0 0.0 0.0 0.0 0.0 0.0 0.0 0.0 0.0 0.0 0.0 0.0 0.0 0.0 0.0 0.0 0.0 1.0 0.0 0.0 0.504529411764706 0.7727272727272727 0.935 0.875 0.44000000000000006 0.22727272727272727 -0.0 0.9 0.26662499999999995 0.7272727272727273 0.967 -0.98 0.825 0.10423076923076922 0.5909090909090909 0.795 -0.79 -0.79 -0.10300000000000001 0.4090909090909091 0.615 -0.91 -0.91 0.3983 0.9090909090909091 0.958 -0.9 0.875
0.0 0.0 0.0 0.0 0.0 0.0 1.0 0.0 0.0 0.0 0.0 3.0 0.0 2.0 0.0 0.0 0.0 0.0 0.0 0.0 0.0 0.0 0.0 0.0 0.0 0.5009117647058824 0.7555555555555555 0.943 0.693 0.760909090909091 0.24444444444444444 -0.0 0.66 0.1786315789473684 0.8444444444444444 0.956 -0.99 0.691 0.02167857142857141 0.6222222222222222 0.979 -0.95 -0.5 -0.019761904761904786 0.4666666666666667 0.98 -0.81 0.585 0.21082051282051287 0.8666666666666667 0.935 -0.96 0.882
0.0 0.0 0.0 0.0 0.0 0.0 0.0 0.0 1.0 0.0 0.0 5.0 0.0 1.0 0.0 0.0 0.0 0.0 0.0 0.0 0.0 0.0 0.0 1.0 0.0 0.587223684210526 0.8 0.943 0.693 0.7384210526315791 0.2 -0.0 0.88 0.2511 0.8421052631578947 0.956 -0.96 0.691 0.1702641509433962 0.5578947368421052 0.984 -0.95 -0.5 0.19219444444444445 0.37894736842105264 0.948 -0.84 -0.12 0.3129375000000002 0.8421052631578947 0.959 -0.96 0.882
0.0 0.0 0.0 0.0 0.0 0.0 3.0 0.0 3.0 0.0 0.0 1.0 0.0 1.0 0.0 0.0 0.0 0.0 0.0 0.0 0.0 1.0 0.0 0.0 0.0 0.4713870967741936 0.8857142857142857 0.996 0.047 0.7675000000000001 0.11428571428571428 -0.0 0.7 0.22078571428571428 0.8 0.996 -0.96 -0.08 -0.04542307692307691 0.7428571428571429 0.916 -0.94 0.106 0.03745454545454542 0.3142857142857143 0.816 -0.96 -0.08 0.32954838709677425 0.8857142857142857 0.935 -0.85 0.125
0.0 0.0 0.0 0.0 0.0 1.0 0.0 0.0 3.0 0.0 0.0 1.0 0.0 1.0 0.0 0.0 0.0 0.0 0.0 0.0 0.0 0.0 0.0 1.0 0.0 0.5854150943396227 0.7794117647058824 0.964 0.784 0.5446666666666666 0.22058823529411764 -0.0 0.08 0.27796610169491526 0.8676470588235294 0.965 -0.99 0.889 0.05357142857142861 0.7205882352941176 0.979 -0.94 -0.9 0.11032000000000007 0.36764705882352944 0.893 -0.8 -0.07 0.2892264150943396 0.7794117647058824 0.935 -0.97 0.559
0.0 0.0 0.0 0.0 0.0 0.0 0.0 0.0 0.0 0.0 0.0 0.0 0.0 1.0 0.0 0.0 0.0 0.0 0.0 0.0 0.0 0.0 0.0 0.0 0.0 0.5172857142857142 0.8235294117647058 0.966 0.057 0.4300000000000001 0.17647058823529413 -0.0 0.12 0.26660714285714293 0.8235294117647058 0.966 -0.96 0.033 0.09070833333333334 0.7058823529411765 0.979 -0.94 0.943 -0.059333333333333335 0.2647058823529412 0.856 -0.96 0.049 0.26260000000000006 0.7352941176470589 0.935 -0.82 0.081
0.0 0.0 0.0 0.0 0.0 0.0 1.0 0.0 0.0 0.0 0.0 0.0 0.0 0.0 0.0 0.0 0.0 0.0 0.0 0.0 0.0 1.0 0.0 0.0 0.0 0.16 0.5 0.16 0.16 0.28 0.5 -0.0 0.28 0.028500000000000004 1.0 0.137 -0.08 -0.08 0.273 1.0 0.344 0.0 0.202 0.2025 1.0 0.615 -0.21 0.615 -0.1255 1.0 0.369 -0.62 -0.62
0.0 0.0 0.0 0.0 1.0 0.0 0.0 0.0 0.0 0.0 0.0 0.0 0.0 1.0 0.0 0.0 0.0 0.0 0.0 0.0 0.0 0.0 0.0 0.0 1.0 0.3948333333333333 1.0 0.933 0.933 0.0 0.0 -0.0 -0.0 0.418 0.8333333333333334 0.993 -0.04 0.993 0.166 1.0 0.962 -0.84 0.962 -0.095 0.3333333333333333 0.0 -0.11 -0.08 0.4421666666666666 1.0 0.947 0.0 0.845
0.0 0.0 0.0 0.0 0.0 0.0 0.0 0.0 0.0 0.0 0.0 0.0 0.0 0.0 0.0 0.0 0.0 0.0 0.0 0.0 0.0 0.0 0.0 1.0 0.0 0.6300000000000001 0.6666666666666666 0.935 0.043 0.825 0.3333333333333333 -0.0 0.82 -0.00980000000000002 0.8333333333333334 0.956 -0.93 -0.07 0.4355 0.3333333333333333 0.759 0.0 0.112 0.385 0.3333333333333333 0.83 -0.06 -0.06 0.1741666666666667 1.0 0.914 -0.96 0.191
0.0 0.0 0.0 0.0 1.0 0.0 1.0 0.0 0.0 0.0 0.0 0.0 0.0 0.0 0.0 0.0 0.0 0.0 0.0 0.0 0.0 0.0 0.0 0.0 0.0 0.4665 0.6666666666666666 0.857 0.778 0.61 0.3333333333333333 -0.0 0.88 0.38549999999999995 0.6666666666666666 0.92 -0.14 -0.14 0.323 0.6666666666666666 0.794 0.0 0.098 0.5166666666666667 0.5 0.948 -0.06 0.948 -0.0784 0.8333333333333334 0.851 -0.81 -0.81
0.0 0.0 0.0 0.0 0.0 0.0 0.0 0.0 0.0 0.0 0.0 1.0 0.0 0.0 0.0 0.0 0.0 0.0 0.0 0.0 0.0 0.0 0.0 1.0 0.0 0.3862 0.5 0.939 0.124 0.716 0.5 -0.0 0.14 -0.12311111111111112 0.9 0.899 -0.93 -0.1 0.15699999999999997 0.5 0.979 -0.79 0.323 -0.22033333333333335 0.6 0.998 -0.95 -0.11 -0.21922222222222218 0.9 0.935 -0.94 -0.2
0.0 0.0 0.0 0.0 0.0 0.0 0.0 0.0 2.0 0.0 0.0 0.0 0.0 0.0 0.0 0.0 0.0 0.0 0.0 0.0 0.0 0.0 0.0 1.0 0.0 0.4797499999999999 0.8 0.861 0.208 0.7075 0.2 -0.0 0.87 0.19168749999999993 0.8 0.86 -0.91 0.295 -0.13868750000000002 0.8 0.715 -0.79 0.239 -0.035874999999999976 0.4 0.672 -0.72 0.049 0.23511111111111113 0.9 0.935 -0.99 0.346
0.0 0.0 0.0 0.0 0.0 0.0 1.0 0.0 0.0 0.0 0.0 1.0 0.0 0.0 0.0 0.0 0.0 0.0 0.0 0.0 0.0 0.0 0.0 0.0 0.0 0.7251249999999999 0.7272727272727273 0.939 0.805 0.6 0.2727272727272727 -0.0 0.83 0.34722222222222215 0.8181818181818182 0.956 -0.78 0.743 0.5916666666666667 0.5454545454545454 0.99 -0.08 0.979 0.14133333333333334 0.2727272727272727 0.754 -0.24 0.754 0.22311111111111112 0.8181818181818182 0.914 -0.96 0.868
0.0 0.0 0.0 0.0 0.0 0.0 0.0 0.0 3.0 0.0 0.0 0.0 0.0 1.0 0.0 0.0 0.0 0.0 0.0 0.0 0.0 0.0 0.0 1.0 0.0 0.7209354838709676 0.7560975609756098 0.97 0.08 0.709 0.24390243902439024 -0.0 0.93 0.4096666666666665 0.7317073170731707 0.956 -0.96 -0.96 0.049956521739130434 0.5609756097560976 0.991 -0.94 0.08 0.14244444444444446 0.21951219512195122 0.948 -0.91 0.88 0.3901562499999999 0.7804878048780488 0.964 -0.94 -0.94
0.0 0.0 0.0 0.0 0.0 0.0 0.0 0.0 1.0 0.0 0.0 2.0 0.0 0.0 0.0 0.0 0.0 0.0 0.0 0.0 0.0 0.0 0.0 1.0 0.0 0.46782352941176475 0.8947368421052632 0.939 0.08 0.48000000000000004 0.10526315789473684 -0.0 0.93 0.28646666666666665 0.7894736842105263 0.956 -0.93 -0.03 0.08433333333333334 0.7894736842105263 0.979 -0.94 0.201 -0.17700000000000005 0.42105263157894735 0.113 -0.93 -0.04 0.36782352941176466 0.8947368421052632 0.935 -0.94 0.201
0.0 0.0 0.0 0.0 0.0 1.0 0.0 0.0 0.0 0.0 0.0 0.0 0.0 0.0 0.0 0.0 0.0 0.0 0.0 0.0 0.0 0.0 1.0 0.0 0.0 0.4757666666666668 0.75 0.935 0.738 0.7769999999999999 0.25 -0.0 0.74 0.11661764705882352 0.85 0.956 -0.99 0.71 -0.0918846153846154 0.65 0.842 -0.95 0.766 0.21842857142857142 0.35 0.936 -0.73 -0.23 0.19424999999999992 0.9 0.935 -0.82 0.329
0.0 0.0 0.0 0.0 1.0 0.0 0.0 0.0 0.0 0.0 0.0 0.0 0.0 0.0 0.0 0.0 0.0 0.0 0.0 0.0 0.0 0.0 0.0 1.0 0.0 0.5844000000000001 0.8333333333333334 0.935 0.8 0.5866666666666668 0.16666666666666666 -0.0 0.65 0.32629411764705873 0.9444444444444444 0.956 -0.94 -0.86 0.06215384615384615 0.7222222222222222 0.919 -0.85 0.775 0.19528571428571428 0.3888888888888889 0.662 -0.24 0.609 0.33813333333333334 0.8333333333333334 0.935 -0.74 -0.5
0.0 0.0 0.0 0.0 0.0 1.0 0.0 0.0 3.0 0.0 0.0 0.0 0.0 0.0 0.0 0.0 0.0 0.0 0.0 0.0 0.0 0.0 0.0 1.0 0.0 0.6591428571428571 0.7777777777777778 0.939 0.845 0.815 0.2222222222222222 -0.0 0.81 0.308625 0.8888888888888888 0.94 -0.88 0.731 0.33299999999999996 0.4444444444444444 0.979 -0.87 0.979 0.47766666666666663 0.3333333333333333 0.864 -0.12 0.689 0.10416666666666664 0.6666666666666666 0.96 -0.9 0.96
0.0 0.0 0.0 0.0 0.0 1.0 1.0 0.0 0.0 0.0 0.0 2.0 0.0 1.0 0.0 0.0 0.0 0.0 0.0 0.0 0.0 0.0 1.0 0.0 0.0 0.5361111111111112 0.6923076923076923 0.966 0.753 0.7249999999999999 0.3076923076923077 -0.0 0.76 0.26706250000000004 0.6153846153846154 0.966 -0.99 0.686 0.12949999999999995 0.5384615384615384 0.979 -0.88 -0.77 -0.034199999999999994 0.38461538461538464 0.856 -0.74 0.856 0.07376190476190475 0.8076923076923077 0.924 -0.82 0.797
0.0 0.0 0.0 0.0 0.0 1.0 0.0 0.0 0.0 0.0 0.0 0.0 0.0 0.0 0.0 0.0 0.0 0.0 0.0 0.0 0.0 0.0 0.0 0.0 0.0 0.7771428571428572 0.7777777777777778 0.846 0.766 0.635 0.2222222222222222 -0.0 0.57 0.38137499999999996 0.8888888888888888 0.854 -0.75 0.719 -0.08085714285714286 0.7777777777777778 0.892 -0.94 0.812 0.6025 0.2222222222222222 0.614 0.0 0.591 0.32083333333333336 0.6666666666666666 0.935 -0.74 -0.59
0.0 0.0 0.0 0.0 1.0 0.0 1.0 0.0 1.0 0.0 0.0 0.0 0.0 0.0 0.0 0.0 0.0 0.0 0.0 0.0 0.0 0.0 0.0 1.0 0.0 0.48082758620689653 0.725 0.948 0.856 0.7236363636363636 0.275 -0.0 0.71 0.21457575757575756 0.825 0.967 -0.85 0.804 0.20484000000000002 0.625 0.986 -0.95 -0.95 0.27499999999999997 0.4 0.948 -0.74 0.813 0.05348387096774193 0.775 0.914 -0.96 0.813
0.0 0.0 0.0 0.0 1.0 1.0 0.0 0.0 3.0 0.0 0.0 2.0 0.0 3.0 0.0 0.0 0.0 0.0 0.0 0.0 0.0 0.0 0.0 1.0 0.0 0.5155102040816324 0.765625 0.939 0.063 0.5853333333333334 0.234375 -0.0 0.06 0.3085849056603772 0.828125 0.995 -0.87 0.069 -0.05513888888888891 0.5625 0.979 -0.94 0.14 0.17773913043478262 0.359375 0.97 -0.86 -0.06 0.27810344827586203 0.90625 0.935 -0.82 0.108
0.0 0.0 0.0 0.0 0.0 1.0 0.0 0.0 3.0 0.0 0.0 1.0 0.0 2.0 0.0 0.0 0.0 0.0 0.0 0.0 0.0 0.0 1.0 0.0 0.0 0.5427187499999998 0.8311688311688312 0.939 0.103 0.573076923076923 0.16883116883116883 -0.0 0.6 0.286774193548387 0.8051948051948052 0.956 -0.93 0.098 -0.04151020408163266 0.6363636363636364 0.99 -0.94 0.165 -0.005888888888888893 0.35064935064935066 0.948 -0.93 -0.13 0.37097142857142856 0.9090909090909091 0.935 -0.99 0.284
0.0 0.0 0.0 0.0 0.0 1.0 0.0 0.0 0.0 0.0 0.0 0.0 0.0 0.0 0.0 0.0 0.0 0.0 0.0 0.0 0.0 0.0 0.0 1.0 0.0 0.81225 0.8 0.846 0.778 0.31 0.2 -0.0 0.31 0.50025 0.8 0.743 -0.08 -0.08 -0.16074999999999998 0.8 0.929 -0.94 0.158 0.659 0.2 0.659 0.0 0.659 0.4700000000000001 0.8 0.935 -0.65 -0.65
0.0 0.0 0.0 0.0 0.0 1.0 1.0 0.0 1.0 0.0 0.0 0.0 0.0 1.0 0.0 0.0 0.0 0.0 0.0 0.0 0.0 1.0 0.0 0.0 0.0 0.48464705882352943 0.7727272727272727 0.935 0.784 0.6060000000000001 0.22727272727272727 -0.0 0.34 0.2991891891891892 0.8409090909090909 0.979 -0.8 0.889 -0.02303225806451613 0.7045454545454546 0.928 -0.94 -0.9 0.14371428571428568 0.4772727272727273 0.936 -0.18 0.662 0.254925 0.9090909090909091 0.947 -0.96 0.559
0.0 0.0 1.0 0.0 0.0 1.0 3.0 0.0 1.0 0.0 0.0 1.0 0.0 0.0 0.0 0.0 0.0 0.0 0.0 0.0 0.0 0.0 1.0 0.0 0.0 0.6003888888888889 0.6206896551724138 0.939 0.767 0.43090909090909085 0.3793103448275862 -0.0 0.04 0.1830769230769231 0.896551724137931 0.956 -0.82 0.824 -0.0256 0.6896551724137931 0.979 -0.94 0.71 0.16978571428571426 0.4827586206896552 0.99 -0.64 0.079 0.21729166666666666 0.8275862068965517 0.935 -0.96 -0.09
0.0 1.0 0.0 0.0 0.0 1.0 0.0 0.0 0.0 0.0 1.0 1.0 0.0 2.0 0.0 0.0 0.0 0.0 0.0 0.0 1.0 0.0 0.0 0.0 0.0 0.4798518518518519 0.75 0.927 0.862 0.6211111111111111 0.25 -0.0 0.29 0.2737857142857143 0.7777777777777778 0.995 -0.8 -0.16 0.16975 0.7777777777777778 0.978 -0.94 0.179 -0.05816666666666667 0.3333333333333333 0.694 -0.8 0.568 0.10144827586206899 0.8055555555555556 0.998 -0.96 -0.61
0.0 0.0 0.0 0.0 0.0 1.0 1.0 0.0 0.0 0.0 0.0 3.0 0.0 1.0 0.0 0.0 0.0 0.0 0.0 0.0 0.0 0.0 1.0 0.0 0.0 0.35341935483870973 0.7560975609756098 0.853 0.775 0.438 0.24390243902439024 -0.0 0.03 0.1470344827586207 0.7073170731707317 0.967 -0.84 0.731 -0.001156250000000008 0.7804878048780488 0.809 -0.88 0.729 0.2008 0.36585365853658536 0.932 -0.1 -0.04 0.1988235294117647 0.8292682926829268 0.935 -0.96 0.866
0.0 0.0 0.0 0.0 0.0 0.0 0.0 0.0 1.0 0.0 0.0 0.0 0.0 3.0 0.0 0.0 0.0 0.0 0.0 0.0 0.0 0.0 0.0 1.0 0.0 0.44851063829787235 0.746031746031746 0.939 0.048 0.739375 0.25396825396825395 -0.0 0.8 0.19884615384615392 0.8253968253968254 0.956 -0.99 -0.71 -0.014311111111111104 0.7142857142857143 0.979 -0.87 0.14 -0.053965517241379324 0.4603174603174603 0.983 -0.86 0.983 0.16448148148148156 0.8571428571428571 0.935 -0.99 -0.72
0.0 0.0 0.0 0.0 0.0 0.0 1.0 0.0 0.0 0.0 0.0 0.0 0.0 0.0 0.0 0.0 0.0 0.0 0.0 0.0 0.0 1.0 0.0 0.0 0.0 0.544 0.625 0.939 0.08 0.8866666666666667 0.375 -0.0 0.93 -0.052125000000000005 1.0 0.899 -0.99 -0.99 0.1105 0.5 0.979 -0.95 0.201 0.242 0.375 0.936 -0.17 -0.04 -0.06599999999999999 0.875 0.979 -0.98 -0.88
0.0 0.0 0.0 0.0 1.0 0.0 0.0 0.0 0.0 0.0 0.0 1.0 0.0 0.0 0.0 0.0 0.0 0.0 0.0 0.0 0.0 0.0 0.0 1.0 0.0 0.39491666666666675 0.7272727272727273 0.935 0.917 0.7777777777777779 0.2727272727272727 -0.0 0.65 -0.014222222222222235 0.8181818181818182 0.956 -0.99 -0.86 0.20041176470588234 0.5151515151515151 0.917 -0.79 0.917 0.2888 0.45454545454545453 0.857 -0.21 0.609 0.08529999999999999 0.9090909090909091 0.963 -0.96 -0.5
0.0 0.0 0.0 0.0 0.0 0.0 1.0 0.0 0.0 0.0 0.0 0.0 0.0 0.0 0.0 0.0 0.0 0.0 0.0 0.0 0.0 1.0 0.0 0.0 0.0 0.8135 0.6666666666666666 0.914 0.914 0.93 0.3333333333333333 -0.0 0.93 -0.11400000000000005 0.6666666666666666 0.702 -0.93 -0.93 0.11499999999999999 0.6666666666666666 0.88 -0.65 0.88 -0.93 0.3333333333333333 0.0 -0.93 -0.93 0.26533333333333337 1.0 0.948 -0.94 0.948
0.0 0.0 0.0 0.0 0.0 0.0 0.0 0.0 0.0 0.0 0.0 0.0 0.0 0.0 0.0 0.0 0.0 0.0 0.0 0.0 0.0 0.0 0.0 1.0 0.0 0.6135714285714287 0.7777777777777778 0.889 0.716 0.835 0.2222222222222222 -0.0 0.93 0.2625555555555555 1.0 0.877 -0.94 0.694 0.39499999999999996 0.6666666666666666 0.902 -0.56 -0.56 0.16866666666666671 0.3333333333333333 0.557 -0.1 -0.1 0.10216666666666668 0.6666666666666666 0.888 -0.96 0.888
0.0 0.0 0.0 0.0 0.0 0.0 0.0 0.0 0.0 0.0 0.0 1.0 0.0 0.0 0.0 0.0 0.0 0.0 0.0 0.0 0.0 0.0 0.0 1.0 0.0 0.46675 0.8888888888888888 0.953 0.082 0.84 0.1111111111111111 -0.0 0.84 0.3529999999999999 0.7777777777777778 0.918 -0.76 0.295 -0.03300000000000001 0.8888888888888888 0.988 -0.79 0.203 -0.2662000000000001 0.5555555555555556 0.049 -0.91 -0.13 0.517 0.7777777777777778 0.935 0.0 0.18
0.0 0.0 0.0 0.0 0.0 2.0 0.0 0.0 1.0 0.0 0.0 2.0 0.0 1.0 0.0 0.0 0.0 0.0 0.0 0.0 0.0 0.0 0.0 1.0 0.0 0.4894210526315789 0.7307692307692307 0.935 0.821 0.687142857142857 0.2692307692307692 -0.0 0.06 0.10945833333333332 0.9230769230769231 0.956 -0.97 -0.08 -0.10628571428571432 0.5384615384615384 0.835 -0.94 0.835 -0.15036363636363637 0.4230769230769231 0.816 -0.99 0.039 0.30482608695652175 0.8846153846153846 0.96 -0.86 -0.84
0.0 0.0 0.0 0.0 0.0 0.0 1.0 0.0 0.0 0.0 0.0 0.0 0.0 1.0 0.0 0.0 0.0 0.0 0.0 0.0 0.0 1.0 0.0 0.0 0.0 0.40166666666666667 0.75 0.886 0.14 0.93 0.25 -0.0 0.93 -0.25300000000000006 0.75 0.111 -0.93 -0.93 0.5306666666666666 0.75 0.99 0.0 0.18 -0.55 0.5 0.0 -0.93 -0.93 0.09499999999999997 1.0 0.782 -0.94 -0.94
0.0 0.0 0.0 1.0 0.0 2.0 0.0 0.0 0.0 0.0 0.0 0.0 0.0 0.0 0.0 0.0 0.0 0.0 0.0 0.0 0.0 0.0 1.0 0.0 0.0 0.5658095238095238 0.8076923076923077 0.939 0.099 0.8099999999999999 0.19230769230769232 -0.0 0.74 0.24975999999999998 0.9615384615384616 0.956 -0.87 0.082 -0.10113333333333333 0.5769230769230769 0.979 -0.79 0.163 0.12079999999999999 0.38461538461538464 0.83 -0.15 -0.09 0.3465599999999999 0.9615384615384616 0.935 -0.96 0.232
0.0 0.0 0.0 0.0 0.0 0.0 0.0 0.0 0.0 0.0 0.0 0.0 0.0 0.0 0.0 0.0 0.0 0.0 0.0 0.0 0.0 0.0 0.0 1.0 0.0 0.9023333333333334 0.42857142857142855 0.935 0.886 0.5675 0.5714285714285714 -0.0 0.89 -0.1728 0.7142857142857143 0.956 -0.84 -0.82 0.585 0.5714285714285714 0.99 0.0 0.99 0.7546666666666667 0.42857142857142855 0.99 0.0 0.99 -0.05742857142857142 1.0 0.914 -0.87 0.782
0.0 0.0 0.0 0.0 0.0 0.0 0.0 0.0 0.0 0.0 0.0 0.0 0.0 0.0 0.0 0.0 0.0 0.0 0.0 0.0 0.0 0.0 0.0 1.0 0.0 0.35711111111111093 0.84375 0.935 0.091 0.6439999999999999 0.15625 -0.0 0.76 0.1451538461538461 0.8125 0.956 -0.99 0.047 -0.0018749999999999971 0.75 0.924 -0.95 0.152 -0.009999999999999992 0.59375 0.785 -0.73 -0.08 0.24564285714285714 0.875 0.935 -0.81 0.208
0.0 0.0 0.0 0.0 1.0 0.0 0.0 0.0 0.0 0.0 0.0 0.0 0.0 1.0 0.0 0.0 0.0 0.0 0.0 0.0 0.0 0.0 0.0 0.0 1.0 0.513 0.8181818181818182 0.939 0.939 0.6300000000000001 0.18181818181818182 -0.0 0.28 0.38145 0.9090909090909091 0.956 -0.78 0.899 0.0069285714285714185 0.6363636363636364 0.979 -0.65 0.979 0.004999999999999987 0.36363636363636365 0.615 -0.74 -0.09 0.2955 0.9090909090909091 0.959 -0.82 0.775
0.0 0.0 0.0 0.0 0.0 0.0 0.0 0.0 0.0 0.0 0.0 3.0 0.0 0.0 0.0 0.0 0.0 0.0 0.0 0.0 0.0 0.0 0.0 1.0 0.0 0.5760000000000002 0.7142857142857143 0.939 0.04 0.46666666666666673 0.2857142857142857 -0.0 0.03 0.30936111111111114 0.8571428571428571 0.956 -0.98 -0.04 -0.03535714285714289 0.6666666666666666 0.979 -0.87 0.146 0.043777777777777756 0.42857142857142855 0.856 -0.92 0.063 0.2902352941176471 0.8095238095238095 0.996 -0.89 0.126
0.0 0.0 0.0 0.0 0.0 0.0 1.0 0.0 0.0 0.0 0.0 1.0 0.0 0.0 0.0 0.0 0.0 0.0 0.0 0.0 0.0 0.0 0.0 1.0 0.0 0.4545625 0.6956521739130435 0.943 0.693 0.6335714285714286 0.30434782608695654 -0.0 0.93 0.049076923076923046 0.8478260869565217 0.956 -0.96 0.691 -0.17389285714285713 0.6086956521739131 0.893 -0.95 -0.5 0.13566666666666663 0.391304347826087 0.948 -0.96 0.88 0.1993414634146341 0.8913043478260869 0.947 -0.94 0.882
0.0 1.0 0.0 0.0 1.0 0.0 0.0 0.0 0.0 0.0 1.0 0.0 0.0 0.0 0.0 0.0 0.0 0.0 0.0 0.0 1.0 0.0 0.0 0.0 0.0 0.6415000000000001 0.8571428571428571 0.935 0.862 0.83 0.14285714285714285 -0.0 0.83 0.41250000000000003 0.8571428571428571 0.961 -0.71 -0.71 0.6124 0.7142857142857143 0.938 0.0 0.798 0.25966666666666666 0.42857142857142855 0.83 -0.1 0.83 0.35800000000000004 0.8571428571428571 0.914 -0.96 -0.96
0.0 0.0 0.0 0.0 1.0 0.0 1.0 0.0 1.0 0.0 0.0 0.0 0.0 1.0 0.0 0.0 0.0 0.0 0.0 0.0 0.0 0.0 0.0 0.0 1.0 0.5302333333333332 0.8108108108108109 0.935 0.095 0.7871428571428571 0.1891891891891892 -0.0 0.84 0.2258148148148148 0.7297297297297297 0.956 -0.96 0.633 -0.061043478260869574 0.6216216216216216 0.99 -0.95 0.072 0.27276923076923076 0.35135135135135137 0.856 -0.96 0.833 0.32058823529411773 0.918918918918919 0.935 -0.82 0.117
0.0 0.0 0.0 0.0 0.0 1.0 0.0 0.0 0.0 0.0 0.0 4.0 0.0 1.0 0.0 0.0 0.0 0.0 0.0 0.0 0.0 0.0 1.0 0.0 0.0 0.681888888888889 0.8181818181818182 0.97 0.884 0.5375 0.18181818181818182 -0.0 0.05 0.422081081081081 0.8409090909090909 0.995 -0.99 0.929 0.11334375000000002 0.7272727272727273 0.991 -0.94 0.861 -0.1426 0.22727272727272727 0.948 -0.81 -0.09 0.4748529411764706 0.7727272727272727 0.968 -0.85 0.862
0.0 0.0 0.0 0.0 0.0 1.0 0.0 0.0 0.0 0.0 0.0 0.0 0.0 0.0 0.0 0.0 0.0 0.0 0.0 0.0 0.0 0.0 0.0 0.0 0.0 0.6352857142857143 0.6666666666666666 0.939 0.794 0.6928571428571428 0.3333333333333333 -0.0 0.8 0.21136842105263154 0.9047619047619048 0.956 -0.95 0.731 -0.2381818181818182 0.5238095238095238 0.979 -0.95 -0.85 -0.0924 0.47619047619047616 0.721 -0.72 -0.71 0.16930769230769233 0.6190476190476191 0.914 -0.87 0.914
0.0 0.0 0.0 0.0 0.0 0.0 0.0 0.0 0.0 0.0 0.0 0.0 0.0 3.0 0.0 0.0 0.0 0.0 0.0 0.0 0.0 0.0 0.0 1.0 0.0 0.6117692307692308 0.8125 0.939 0.752 0.8266666666666667 0.1875 -0.0 0.76 0.30226666666666663 0.9375 0.94 -0.88 0.732 0.0595 0.75 0.979 -0.94 0.771 0.24266666666666667 0.375 0.977 -0.18 0.977 0.16945454545454544 0.6875 0.935 -0.96 -0.73
0.0 0.0 0.0 0.0 0.0 0.0 0.0 0.0 0.0 0.0 0.0 0.0 0.0 2.0 0.0 0.0 0.0 0.0 0.0 0.0 0.0 0.0 0.0 1.0 0.0 0.7205999999999999 0.625 0.901 0.901 0.5466666666666667 0.375 -0.0 0.7 0.11300000000000002 0.875 0.809 -0.83 0.809 0.10783333333333334 0.75 0.992 -0.94 0.992 0.6503333333333333 0.375 0.751 0.0 0.751 -0.0020000000000000018 0.75 0.816 -0.63 -0.52
0.0 0.0 0.0 0.0 0.0 0.0 0.0 0.0 0.0 0.0 0.0 0.0 0.0 0.0 0.0 0.0 0.0 0.0 0.0 0.0 0.0 0.0 0.0 1.0 0.0 0.456888888888889 0.8181818181818182 0.935 0.163 0.85 0.18181818181818182 -0.0 0.83 0.23633333333333337 0.8181818181818182 0.956 -0.71 0.096 -0.06671428571428571 0.6363636363636364 0.296 -0.94 0.296 0.22866666666666668 0.5454545454545454 0.943 -0.15 -0.15 0.30836363636363634 1.0 0.935 -0.96 0.419
0.0 0.0 0.0 0.0 0.0 1.0 1.0 0.0 1.0 0.0 0.0 1.0 0.0 0.0 0.0 0.0 0.0 0.0 0.0 0.0 0.0 1.0 0.0 0.0 0.0 0.5499999999999999 0.75 0.821 0.821 0.83 0.25 -0.0 0.83 0.0013333333333333346 0.75 0.622 -0.71 -0.71 0.10166666666666664 0.75 0.82 -0.72 0.82 0.375 0.5 0.83 -0.08 0.83 0.22750000000000004 1.0 0.822 -0.96 -0.96
0.0 0.0 0.0 0.0 0.0 0.0 0.0 0.0 1.0 0.0 0.0 0.0 0.0 0.0 0.0 0.0 0.0 0.0 0.0 0.0 0.0 0.0 0.0 1.0 0.0 0.523 0.6666666666666666 0.939 0.855 0.7133333333333333 0.3333333333333333 -0.0 0.97 0.05019999999999998 0.8333333333333334 0.901 -0.98 -0.98 0.3368461538461539 0.7222222222222222 0.979 -0.65 0.098 0.3628571428571429 0.3888888888888889 0.989 -0.15 0.989 -0.10149999999999999 0.7777777777777778 0.788 -0.93 -0.93
0.0 0.0 0.0 0.0 0.0 0.0 0.0 0.0 2.0 0.0 0.0 0.0 0.0 1.0 0.0 0.0 0.0 0.0 0.0 0.0 0.0 0.0 0.0 1.0 0.0 0.4785357142857144 0.875 0.939 0.869 0.51 0.125 -0.0 0.82 0.36824000000000007 0.78125 0.961 -0.84 -0.84 0.06523529411764709 0.53125 0.979 -0.83 -0.83 -0.23372727272727276 0.34375 0.083 -0.91 -0.8 0.4313333333333333 0.84375 0.935 -0.95 0.81
0.0 0.0 0.0 0.0 0.0 0.0 1.0 0.0 0.0 0.0 0.0 0.0 0.0 0.0 0.0 0.0 0.0 0.0 0.0 0.0 0.0 1.0 0.0 0.0 0.0 0.038 0.5 0.038 0.038 0.79 0.5 -0.0 0.79 -0.377 1.0 0.036 -0.79 0.036 0.111 0.5 0.111 0.0 0.111 0.32049999999999995 1.0 0.691 -0.05 -0.05 -0.413 1.0 0.054 -0.88 0.054
0.0 0.0 0.0 0.0 0.0 0.0 0.0 0.0 0.0 0.0 0.0 0.0 0.0 1.0 0.0 0.0 0.0 0.0 0.0 0.0 0.0 0.0 0.0 1.0 0.0 0.47350000000000003 0.8 0.846 0.062 0.825 0.2 -0.0 0.9 0.08133333333333334 0.6 0.705 -0.96 -0.05 -0.19600000000000004 0.6 0.712 -0.94 0.277 -0.48 0.4 0.0 -0.96 -0.08 0.2694 1.0 0.935 -0.78 0.111
0.0 0.0 0.0 0.0 0.0 0.0 0.0 0.0 0.0 0.0 0.0 1.0 0.0 0.0 0.0 0.0 0.0 0.0 0.0 0.0 0.0 0.0 0.0 0.0 0.0 0.37660000000000005 0.625 0.805 0.034 0.6166666666666667 0.375 -0.0 0.76 -0.0021250000000000054 1.0 0.743 -0.75 -0.1 0.21350000000000002 0.5 0.286 0.0 0.171 0.32983333333333337 0.75 0.82 -0.18 -0.1 0.1417142857142857 0.875 0.868 -0.81 0.17
0.0 0.0 0.0 0.0 1.0 0.0 0.0 0.0 0.0 0.0 0.0 1.0 0.0 0.0 0.0 0.0 0.0 0.0 0.0 0.0 0.0 0.0 0.0 0.0 1.0 0.6492500000000001 0.6666666666666666 0.935 0.935 0.78 0.3333333333333333 -0.0 0.84 0.2522 0.8333333333333334 0.982 -0.76 -0.76 -0.4383333333333333 0.5 0.145 -0.79 0.145 0.009333333333333341 0.5 0.882 -0.91 -0.91 0.39960000000000007 0.8333333333333334 0.935 -0.73 -0.73
0.0 0.0 0.0 0.0 0.0 0.0 0.0 0.0 0.0 0.0 0.0 0.0 0.0 1.0 0.0 0.0 0.0 0.0 0.0 0.0 0.0 0.0 0.0 1.0 0.0 0.4090000000000001 0.64 0.935 0.062 0.5611111111111111 0.36 -0.0 0.79 0.020041666666666662 0.96 0.956 -0.96 -0.79 0.03129411764705881 0.68 0.959 -0.79 0.277 -0.014071428571428577 0.56 0.936 -0.96 -0.79 0.18299999999999994 0.84 0.935 -0.78 0.111
0.0 0.0 0.0 0.0 0.0 0.0 0.0 0.0 0.0 0.0 0.0 0.0 0.0 0.0 0.0 0.0 0.0 0.0 0.0 0.0 0.0 0.0 0.0 0.0 0.0 0.8692 0.625 0.935 0.883 0.7000000000000001 0.375 -0.0 0.86 0.2635714285714286 0.875 0.982 -0.93 0.982 -0.20775 0.5 0.831 -0.94 0.831 0.17500000000000002 0.375 0.796 -0.93 0.796 0.19 1.0 0.914 -0.94 0.837
0.0 0.0 0.0 0.0 0.0 1.0 0.0 0.0 1.0 0.0 0.0 2.0 0.0 0.0 0.0 0.0 0.0 0.0 0.0 0.0 0.0 0.0 0.0 1.0 0.0 0.14614285714285716 0.7777777777777778 0.187 0.157 0.5 0.2222222222222222 -0.0 0.11 -0.15066666666666667 0.6666666666666666 0.052 -0.97 -0.05 0.189 0.4444444444444444 0.259 0.0 0.259 -0.105 0.2222222222222222 0.0 -0.12 -0.12 0.04533333333333331 1.0 0.322 -0.81 -0.16
0.0 0.0 0.0 0.0 0.0 1.0 0.0 0.0 2.0 0.0 0.0 2.0 0.0 4.0 0.0 0.0 0.0 0.0 0.0 0.0 0.0 0.0 1.0 0.0 0.0 0.4453829787234043 0.7121212121212122 0.939 0.062 0.7173684210526315 0.2878787878787879 -0.0 0.75 0.052 0.8787878787878788 0.956 -0.99 -0.05 0.018999999999999982 0.5606060606060606 0.979 -0.94 0.277 0.21074193548387096 0.4696969696969697 0.99 -0.92 -0.08 0.1558709677419355 0.9393939393939394 0.96 -0.97 0.111
0.0 0.0 0.0 0.0 0.0 0.0 0.0 0.0 0.0 0.0 0.0 0.0 0.0 0.0 0.0 0.0 0.0 0.0 0.0 0.0 0.0 0.0 0.0 1.0 0.0 0.4585 0.6666666666666666 0.855 0.062 0.27 0.3333333333333333 -0.0 0.27 -0.4 0.6666666666666666 0.0 -0.75 -0.05 0.466 1.0 0.967 0.0 0.277 -0.36 0.6666666666666666 0.0 -0.64 -0.08 0.332 1.0 0.743 0.0 0.111
0.0 0.0 0.0 0.0 0.0 0.0 0.0 0.0 0.0 0.0 0.0 0.0 0.0 2.0 0.0 0.0 0.0 0.0 0.0 0.0 0.0 0.0 0.0 1.0 0.0 0.6010250000000001 0.7692307692307693 0.939 0.091 0.7925000000000001 0.23076923076923078 -0.0 0.71 0.25907142857142845 0.8076923076923077 0.995 -0.99 0.154 0.13541935483870968 0.5961538461538461 0.99 -0.94 0.086 0.2226842105263158 0.36538461538461536 0.948 -0.74 0.03 0.23829787234042554 0.9038461538461539 0.935 -0.99 0.153
0.0 0.0 0.0 0.0 0.0 1.0 0.0 0.0 0.0 0.0 0.0 0.0 0.0 1.0 0.0 0.0 0.0 0.0 0.0 0.0 0.0 0.0 0.0 1.0 0.0 0.5184848484848485 0.8918918918918919 0.935 0.075 0.6325 0.10810810810810811 -0.0 0.07 0.34421428571428586 0.7567567567567568 0.971 -0.91 -0.07 -0.0638148148148148 0.7297297297297297 0.967 -0.94 0.239 0.10554545454545455 0.2972972972972973 0.977 -0.12 0.576 0.42168571428571433 0.9459459459459459 0.935 -0.95 -0.07
0.0 0.0 0.0 0.0 0.0 0.0 1.0 0.0 0.0 0.0 0.0 1.0 0.0 0.0 0.0 0.0 0.0 0.0 0.0 0.0 0.0 1.0 0.0 0.0 0.0 0.623 0.42857142857142855 0.935 0.073 0.6025 0.5714285714285714 -0.0 0.89 -0.04566666666666669 0.8571428571428571 0.956 -0.85 -0.85 -0.35650000000000004 0.2857142857142857 0.077 -0.79 0.077 0.65525 0.5714285714285714 0.882 0.0 0.872 -0.08828571428571427 1.0 0.93 -0.94 -0.94
0.0 0.0 0.0 0.0 0.0 0.0 1.0 0.0 0.0 0.0 0.0 0.0 0.0 0.0 0.0 0.0 0.0 0.0 0.0 0.0 0.0 0.0 0.0 0.0 0.0 0.47925 0.5714285714285714 0.939 0.043 0.32666666666666666 0.42857142857142855 -0.0 0.73 -0.00642857142857145 1.0 0.899 -0.81 -0.81 0.10066666666666667 0.8571428571428571 0.979 -0.95 0.112 0.12966666666666665 0.42857142857142855 0.849 -0.4 0.849 0.07616666666666667 0.8571428571428571 0.768 -0.53 -0.53
0.0 0.0 0.0 0.0 0.0 0.0 1.0 0.0 0.0 0.0 0.0 1.0 0.0 0.0 0.0 0.0 0.0 0.0 0.0 0.0 0.0 0.0 0.0 1.0 0.0 0.5202 0.7894736842105263 0.935 0.845 0.6275 0.21052631578947367 -0.0 0.79 0.2498181818181818 0.868421052631579 0.956 -0.99 0.072 0.05575999999999999 0.6578947368421053 0.888 -0.88 0.872 0.06484615384615385 0.34210526315789475 0.948 -0.73 0.501 0.3372571428571428 0.9210526315789473 0.959 -0.92 0.819
0.0 0.0 0.0 0.0 0.0 1.0 0.0 0.0 0.0 0.0 0.0 0.0 0.0 0.0 0.0 0.0 0.0 0.0 0.0 0.0 0.0 0.0 0.0 0.0 0.0 0.045 0.5 0.045 0.045 0.24 0.5 -0.0 0.24 -0.331 1.0 0.088 -0.75 0.088 0.282 0.5 0.282 0.0 0.282 -0.42 0.5 0.0 -0.42 -0.42 -0.06 0.5 0.0 -0.06 -0.06
0.0 0.0 0.0 0.0 0.0 2.0 0.0 0.0 0.0 0.0 0.0 2.0 1.0 1.0 0.0 0.0 0.0 0.0 0.0 0.0 0.0 0.0 0.0 1.0 0.0 0.5087333333333333 0.9090909090909091 0.935 0.722 0.5233333333333333 0.09090909090909091 -0.0 0.65 0.33096428571428577 0.8484848484848485 0.957 -0.97 -0.86 0.006857142857142867 0.8484848484848485 0.967 -0.94 -0.71 0.05791666666666665 0.36363636363636365 0.691 -0.27 0.609 0.4594827586206897 0.8787878787878788 0.935 -0.96 -0.5
0.0 1.0 0.0 0.0 0.0 0.0 0.0 0.0 0.0 0.0 1.0 0.0 0.0 0.0 0.0 0.0 0.0 0.0 0.0 0.0 1.0 0.0 0.0 0.0 0.0 0.0 0.0 0.0 0.0 0.845 1.0 -0.0 0.91 -0.8300000000000001 1.0 0.0 -0.91 -0.91 0.0 0.0 0.0 0.0 0.0 0.82 0.5 0.82 0.0 0.82 0.0 0.0 0.0 0.0 0.0
0.0 0.0 0.0 0.0 0.0 0.0 0.0 0.0 0.0 0.0 0.0 2.0 0.0 0.0 0.0 0.0 0.0 0.0 0.0 0.0 0.0 0.0 0.0 1.0 0.0 0.485638888888889 0.8372093023255814 0.939 0.053 0.7185714285714286 0.16279069767441862 -0.0 0.05 0.35812903225806453 0.7209302325581395 0.956 -0.99 -0.02 0.11842857142857145 0.6511627906976745 0.979 -0.79 0.186 0.21036363636363634 0.2558139534883721 0.943 -0.1 0.077 0.2711578947368422 0.8837209302325582 0.935 -0.97 0.098
0.0 0.0 0.0 0.0 0.0 0.0 0.0 0.0 0.0 0.0 0.0 2.0 0.0 1.0 0.0 0.0 0.0 0.0 0.0 0.0 0.0 0.0 0.0 1.0 0.0 0.4875999999999999 0.8823529411764706 0.939 0.716 0.435 0.11764705882352941 -0.0 0.14 0.29286666666666666 0.8823529411764706 0.956 -0.83 0.694 0.29839999999999994 0.8823529411764706 0.99 -0.94 -0.56 0.05557142857142859 0.4117647058823529 0.513 -0.28 -0.28 0.28935714285714287 0.8235294117647058 0.914 -0.86 0.888
0.0 0.0 0.0 0.0 0.0 1.0 0.0 0.0 2.0 0.0 0.0 0.0 0.0 0.0 0.0 0.0 0.0 0.0 0.0 0.0 0.0 0.0 1.0 0.0 0.0 0.3440370370370371 0.7941176470588235 0.951 0.846 0.6071428571428571 0.20588235294117646 -0.0 0.93 0.10474074074074072 0.7941176470588235 0.995 -0.91 0.295 0.261875 0.7058823529411765 0.979 -0.94 -0.94 0.017571428571428564 0.4117647058823529 0.82 -0.91 -0.91 0.1469259259259259 0.7941176470588235 0.864 -0.95 0.744
0.0 0.0 0.0 0.0 0.0 1.0 0.0 0.0 1.0 0.0 0.0 1.0 0.0 1.0 0.0 0.0 0.0 0.0 0.0 0.0 0.0 0.0 0.0 1.0 0.0 0.5716206896551724 0.7631578947368421 0.952 0.034 0.7655555555555555 0.23684210526315788 -0.0 0.72 0.2663142857142858 0.9210526315789473 0.995 -0.96 0.094 -0.11463636363636363 0.5789473684210527 0.979 -0.88 -0.03 0.2768235294117647 0.4473684210526316 0.937 -0.81 0.028 0.2973437500000001 0.8421052631578947 0.969 -0.85 0.797
0.0 0.0 0.0 0.0 0.0 2.0 0.0 0.0 2.0 0.0 0.0 1.0 0.0 2.0 0.0 0.0 0.0 0.0 0.0 0.0 0.0 0.0 1.0 0.0 0.0 0.5925483870967742 0.9393939393939394 0.935 0.794 0.825 0.06060606060606061 -0.0 0.76 0.40079166666666666 0.7272727272727273 0.961 -0.82 0.731 -0.032 0.7272727272727273 0.916 -0.94 -0.85 0.09327272727272723 0.3333333333333333 0.99 -0.13 -0.04 0.5210666666666668 0.9090909090909091 0.948 -0.87 0.194
0.0 0.0 0.0 0.0 0.0 0.0 0.0 0.0 0.0 0.0 0.0 0.0 0.0 1.0 0.0 0.0 0.0 0.0 0.0 0.0 0.0 0.0 0.0 1.0 0.0 0.6236666666666667 0.75 0.921 0.921 0.14 0.25 -0.0 0.14 0.27749999999999997 0.5 0.995 -0.44 0.995 0.7006666666666667 0.75 0.99 0.0 0.801 0.049 0.25 0.049 0.0 0.049 0.371 1.0 0.968 -0.39 0.968
0.0 0.0 0.0 0.0 0.0 0.0 0.0 0.0 0.0 0.0 0.0 0.0 0.0 1.0 0.0 0.0 0.0 0.0 0.0 0.0 0.0 0.0 0.0 1.0 0.0 0.5135000000000001 0.8571428571428571 0.864 0.091 0.91 0.14285714285714285 -0.0 0.91 -0.0925 0.5714285714285714 0.295 -0.91 -0.05 -0.045999999999999985 0.5714285714285714 0.278 -0.94 0.278 -0.024000000000000004 0.42857142857142855 0.049 -0.17 -0.17 0.5805 0.8571428571428571 0.864 0.0 0.319
0.0 0.0 0.0 0.0 1.0 0.0 1.0 0.0 0.0 0.0 0.0 0.0 0.0 0.0 0.0 0.0 0.0 0.0 0.0 0.0 0.0 0.0 0.0 0.0 1.0 0.5896666666666667 0.375 0.935 0.115 0.8220000000000001 0.625 -0.0 0.82 0.012599999999999978 0.625 0.956 -0.91 0.059 0.4935 0.25 0.713 0.0 0.274 0.48566666666666664 0.375 0.816 -0.11 -0.11 -0.19528571428571428 0.875 0.914 -0.85 -0.82
0.0 0.0 0.0 0.0 0.0 2.0 0.0 0.0 1.0 0.0 0.0 0.0 0.0 2.0 0.0 0.0 0.0 0.0 0.0 0.0 0.0 0.0 1.0 0.0 0.0 0.6030249999999999 0.8888888888888888 0.939 0.644 0.5579999999999999 0.1111111111111111 -0.0 0.32 0.5310909090909088 0.7333333333333333 0.985 -0.77 0.554 -0.10424242424242423 0.7333333333333333 0.979 -0.94 -0.72 0.12569999999999998 0.2222222222222222 0.947 -0.45 -0.04 0.4218333333333333 0.8 0.959 -0.83 0.651
0.0 1.0 0.0 0.0 0.0 0.0 0.0 0.0 0.0 0.0 1.0 0.0 0.0 0.0 0.0 0.0 0.0 0.0 0.0 0.0 1.0 0.0 0.0 0.0 0.0 0.778 0.5 0.778 0.778 0.91 0.5 -0.0 0.91 -0.10250000000000004 1.0 0.705 -0.91 -0.91 0.0 0.0 0.0 0.0 0.0 0.0 0.0 0.0 0.0 0.0 0.851 0.5 0.851 0.0 0.851
0.0 0.0 0.0 0.0 1.0 0.0 0.0 0.0 0.0 0.0 0.0 0.0 0.0 2.0 0.0 0.0 0.0 0.0 0.0 0.0 0.0 0.0 0.0 0.0 1.0 0.6553529411764706 0.8095238095238095 0.939 0.045 0.665 0.19047619047619047 -0.0 0.14 0.3131052631578947 0.9047619047619048 0.956 -0.95 0.06 0.058875000000000004 0.7619047619047619 0.979 -0.94 0.772 0.3871428571428571 0.3333333333333333 0.971 -0.13 0.014 0.38600000000000007 0.7142857142857143 0.935 -0.55 0.089
0.0 1.0 0.0 0.0 0.0 0.0 1.0 0.0 1.0 0.0 1.0 0.0 0.0 0.0 0.0 0.0 0.0 0.0 0.0 0.0 1.0 0.0 0.0 0.0 0.0 0.8543333333333334 0.6 0.939 0.781 0.395 0.4 -0.0 0.65 0.10424999999999998 0.8 0.899 -0.93 -0.93 0.327 0.8 0.979 -0.79 0.808 0.07250000000000001 0.4 0.096 0.0 0.096 -0.18533333333333335 0.6 0.754 -0.92 -0.92
0.0 0.0 0.0 0.0 0.0 0.0 3.0 0.0 0.0 0.0 0.0 0.0 0.0 0.0 0.0 0.0 0.0 0.0 0.0 0.0 0.0 0.0 0.0 1.0 0.0 0.6411428571428572 0.875 0.935 0.886 0.755 0.125 -0.0 0.77 0.36281818181818176 0.6875 0.956 -0.85 0.728 0.2915 0.625 0.99 -0.75 0.99 -0.06160000000000002 0.3125 0.584 -0.8 0.049 0.5694666666666667 0.9375 0.934 -0.79 0.782
0.0 1.0 0.0 0.0 1.0 0.0 1.0 0.0 0.0 0.0 1.0 2.0 0.0 1.0 0.0 0.0 0.0 0.0 0.0 0.0 1.0 0.0 0.0 0.0 0.0 0.45 0.3333333333333333 0.771 0.129 0.5874999999999999 0.6666666666666666 -0.0 0.3 -0.638 0.8333333333333334 0.02 -0.87 -0.87 0.3525 0.6666666666666666 0.73 0.0 0.203 0.07320000000000002 0.8333333333333334 0.83 -0.6 -0.6 -0.1202 0.8333333333333334 0.813 -0.96 0.06
0.0 0.0 1.0 0.0 0.0 0.0 3.0 0.0 0.0 2.0 0.0 0.0 0.0 1.0 0.0 0.0 0.0 0.0 0.0 0.0 0.0 1.0 0.0 0.0 0.0 0.6139374999999999 0.8 0.935 0.884 0.8374999999999999 0.2 -0.0 0.82 0.23575000000000002 0.8 0.956 -0.99 0.929 0.32707692307692304 0.65 0.99 -0.79 0.861 0.12575 0.4 0.988 -0.78 -0.05 0.39735294117647063 0.85 0.959 -0.86 0.862
0.0 0.0 0.0 0.0 0.0 0.0 1.0 0.0 0.0 0.0 0.0 0.0 0.0 0.0 0.0 0.0 0.0 0.0 0.0 0.0 0.0 0.0 0.0 0.0 0.0 0.527 1.0 0.744 0.31 0.0 0.0 -0.0 -0.0 0.7535000000000001 1.0 0.781 0.0 0.726 0.497 0.5 0.497 0.0 0.497 -0.3 0.5 0.0 -0.3 -0.3 0.5155 1.0 0.706 0.0 0.325
0.0 0.0 0.0 0.0 0.0 0.0 1.0 0.0 0.0 1.0 0.0 0.0 0.0 0.0 0.0 0.0 0.0 0.0 0.0 1.0 0.0 0.0 0.0 0.0 0.0 0.656 1.0 0.911 0.761 0.0 0.0 -0.0 -0.0 0.6365 1.0 0.865 0.0 0.605 -0.34550000000000003 0.5 0.239 -0.93 -0.93 0.049 0.25 0.049 0.0 0.049 0.688 1.0 0.958 0.0 0.742
0.0 0.0 0.0 0.0 0.0 0.0 1.0 0.0 0.0 0.0 0.0 0.0 0.0 0.0 0.0 0.0 0.0 0.0 0.0 0.0 0.0 1.0 0.0 0.0 0.0 0.8603333333333333 1.0 0.935 0.935 0.0 0.0 -0.0 -0.0 0.8553333333333333 1.0 0.956 0.0 0.956 0.779 0.3333333333333333 0.779 0.0 0.779 0.0 0.0 0.0 0.0 0.0 0.8953333333333333 1.0 0.921 0.0 0.914
0.0 0.0 0.0 0.0 0.0 0.0 1.0 0.0 1.0 0.0 0.0 0.0 0.0 0.0 0.0 0.0 0.0 0.0 0.0 0.0 0.0 1.0 0.0 0.0 0.0 0.42000000000000004 0.8181818181818182 0.921 0.08 0.65 0.18181818181818182 -0.0 0.56 0.19190909090909092 1.0 0.995 -0.75 -0.04 0.4006666666666667 0.5454545454545454 0.801 0.0 0.228 0.16533333333333336 0.5454545454545454 0.785 -0.12 -0.1 0.29918181818181816 1.0 0.968 -0.7 0.238
0.0 0.0 0.0 0.0 0.0 0.0 1.0 0.0 0.0 0.0 0.0 0.0 0.0 0.0 0.0 0.0 0.0 0.0 0.0 0.0 0.0 0.0 0.0 0.0 0.0 0.779 0.5 0.779 0.779 0.66 0.5 -0.0 0.66 0.0020000000000000018 1.0 0.784 -0.78 -0.78 0.764 0.5 0.764 0.0 0.764 0.585 0.5 0.585 0.0 0.585 0.08000000000000002 1.0 0.79 -0.63 -0.63
0.0 0.0 0.0 0.0 0.0 0.0 1.0 0.0 0.0 0.0 0.0 0.0 0.0 0.0 0.0 0.0 0.0 0.0 0.0 0.0 0.0 1.0 0.0 0.0 0.0 0.6164666666666666 0.75 0.939 0.028 0.7060000000000001 0.25 -0.0 0.78 0.31658823529411767 0.85 0.905 -0.78 0.056 0.18671428571428575 0.7 0.979 -0.94 -0.01 0.38799999999999996 0.35 0.828 -0.1 0.036 0.3085714285714286 0.7 0.935 -0.74 0.073
0.0 0.0 0.0 0.0 3.0 0.0 1.0 0.0 0.0 0.0 0.0 0.0 1.0 0.0 0.0 0.0 0.0 0.0 0.0 0.0 0.0 0.0 0.0 0.0 0.0 0.6312307692307692 0.7647058823529411 0.948 0.838 0.7250000000000001 0.23529411764705882 -0.0 0.66 0.2815714285714286 0.8235294117647058 0.956 -0.89 0.837 0.14145454545454547 0.6470588235294118 0.986 -0.87 -0.83 0.12028571428571426 0.4117647058823529 0.672 -0.77 0.585 0.2052857142857143 0.8235294117647058 0.921 -0.88 0.856
0.0 0.0 0.0 0.0 1.0 0.0 1.0 0.0 0.0 1.0 0.0 0.0 0.0 0.0 0.0 0.0 0.0 0.0 0.0 0.0 0.0 1.0 0.0 0.0 0.0 0.6709166666666667 0.8 0.935 0.823 0.7600000000000001 0.2 -0.0 0.66 0.2743333333333334 0.8 0.967 -0.78 0.967 0.286 0.6666666666666666 0.892 -0.94 0.795 0.53675 0.26666666666666666 0.816 -0.07 0.585 0.2601818181818181 0.7333333333333333 0.914 -0.85 0.706
0.0 0.0 0.0 0.0 0.0 0.0 2.0 0.0 0.0 0.0 0.0 1.0 0.0 0.0 0.0 0.0 0.0 0.0 0.0 0.0 0.0 1.0 0.0 0.0 0.0 0.6966363636363636 0.9166666666666666 0.952 0.903 0.66 0.08333333333333333 -0.0 0.66 0.6703333333333332 1.0 0.982 -0.78 0.746 0.23044444444444442 0.75 0.979 -0.88 0.97 0.27675 0.3333333333333333 0.773 -0.3 0.773 0.5478888888888889 0.75 0.994 -0.63 0.994
0.0 0.0 0.0 0.0 0.0 0.0 0.0 0.0 0.0 1.0 0.0 1.0 0.0 0.0 0.0 0.0 0.0 0.0 0.0 1.0 0.0 0.0 0.0 0.0 0.0 0.5534000000000001 0.9090909090909091 0.935 0.734 0.03 0.09090909090909091 -0.0 0.03 0.4523 0.9090909090909091 0.956 -0.08 0.059 0.2615 0.7272727272727273 0.769 -0.65 0.75 -0.124 0.45454545454545453 0.0 -0.21 -0.12 0.5993333333333333 0.8181818181818182 0.914 0.0 0.717
0.0 0.0 0.0 0.0 0.0 0.0 1.0 0.0 0.0 0.0 0.0 0.0 0.0 0.0 0.0 0.0 0.0 0.0 0.0 0.0 0.0 0.0 0.0 0.0 0.0 0.6031176470588236 0.8947368421052632 0.935 0.034 0.385 0.10526315789473684 -0.0 0.05 0.49244444444444446 0.9473684210526315 0.956 -0.9 0.094 0.006714285714285691 0.7368421052631579 0.954 -0.88 -0.03 0.013833333333333336 0.3157894736842105 0.278 -0.12 0.028 0.46961538461538466 0.6842105263157895 0.935 -0.99 0.182
0.0 0.0 0.0 0.0 0.0 0.0 1.0 0.0 0.0 0.0 0.0 0.0 0.0 0.0 0.0 0.0 0.0 0.0 0.0 0.0 0.0 1.0 0.0 0.0 0.0 0.43440740740740735 0.7941176470588235 0.939 0.102 0.8357142857142856 0.20588235294117646 -0.0 0.79 0.08889655172413792 0.8529411764705882 0.967 -0.99 -0.93 0.029458333333333347 0.7058823529411765 0.979 -0.88 0.139 0.09694117647058824 0.5 0.856 -0.99 0.77 0.20833333333333337 0.7941176470588235 0.935 -0.88 -0.66
0.0 0.0 0.0 0.0 0.0 0.0 1.0 0.0 1.0 0.0 0.0 0.0 0.0 0.0 0.0 0.0 0.0 0.0 0.0 0.0 0.0 1.0 0.0 0.0 0.0 0.5791428571428572 0.9333333333333333 0.939 0.262 0.21 0.06666666666666667 -0.0 0.21 0.5012 1.0 0.956 -0.44 0.43 0.089 0.7333333333333333 0.979 -0.87 0.657 -0.107 0.2 0.049 -0.28 -0.28 0.47475 0.8 0.969 -0.36 0.244
0.0 0.0 0.0 0.0 0.0 1.0 0.0 0.0 0.0 0.0 0.0 4.0 0.0 1.0 0.0 0.0 0.0 0.0 0.0 0.0 0.0 0.0 0.0 1.0 0.0 0.5198571428571429 0.875 0.935 0.719 0.66 0.125 -0.0 0.66 0.35262499999999997 1.0 0.967 -0.78 0.728 0.4925454545454546 0.6875 0.965 0.0 0.713 0.07442857142857143 0.4375 0.616 -0.21 -0.12 0.34528571428571425 0.875 0.914 -0.7 0.715
0.0 0.0 0.0 0.0 0.0 0.0 1.0 0.0 0.0 0.0 0.0 0.0 0.0 0.0 0.0 0.0 0.0 0.0 0.0 0.0 0.0 1.0 0.0 0.0 0.0 0.733 0.8571428571428571 0.932 0.881 0.14 0.14285714285714285 -0.0 0.14 0.45475 0.5714285714285714 0.895 -0.44 0.895 0.14749999999999996 0.5714285714285714 0.82 -0.79 0.249 0.0305 0.2857142857142857 0.049 0.0 0.012 0.6187142857142857 1.0 0.969 -0.39 0.881
0.0 0.0 0.0 0.0 0.0 0.0 1.0 0.0 0.0 0.0 0.0 0.0 0.0 0.0 0.0 0.0 0.0 0.0 0.0 0.0 0.0 1.0 0.0 0.0 0.0 0.43657142857142855 0.875 0.935 0.104 0.74 0.125 -0.0 0.74 0.2325 1.0 0.956 -0.94 0.055 0.519 0.625 0.984 0.0 0.237 0.04160000000000001 0.625 0.557 -0.17 -0.11 0.29071428571428576 0.875 0.914 -0.71 0.24
0.0 0.0 0.0 0.0 0.0 0.0 1.0 0.0 0.0 0.0 0.0 1.0 0.0 1.0 0.0 0.0 0.0 0.0 0.0 0.0 0.0 1.0 0.0 0.0 0.0 0.4555 0.6153846153846154 0.92 0.789 0.6719999999999999 0.38461538461538464 -0.0 0.05 -0.08318181818181818 0.8461538461538461 0.794 -0.87 -0.04 -0.030142857142857134 0.5384615384615384 0.893 -0.79 -0.02 0.1564 0.38461538461538464 0.936 -0.91 0.021 0.11683333333333334 0.9230769230769231 0.947 -0.98 -0.17
0.0 0.0 0.0 0.0 0.0 0.0 1.0 0.0 0.0 0.0 0.0 0.0 0.0 0.0 0.0 0.0 0.0 0.0 0.0 0.0 0.0 1.0 0.0 0.0 0.0 0.6098888888888889 0.9 0.935 0.884 0.87 0.1 -0.0 0.87 0.2772857142857143 0.7 0.967 -0.91 0.929 0.6265 0.8 0.99 0.0 0.861 -0.2675 0.4 0.0 -0.72 -0.72 0.4232222222222222 0.9 0.914 -0.99 0.862
0.0 0.0 2.0 0.0 0.0 1.0 5.0 0.0 1.0 0.0 0.0 0.0 0.0 1.0 0.0 0.0 0.0 0.0 0.0 0.0 0.0 0.0 1.0 0.0 0.0 0.44366666666666665 0.8181818181818182 0.935 0.178 0.6950000000000001 0.18181818181818182 -0.0 0.73 0.3194444444444444 0.8181818181818182 0.956 -0.78 0.229 0.12885714285714284 0.6363636363636364 0.764 -0.79 0.127 -0.11100000000000002 0.45454545454545453 0.585 -0.74 -0.74 0.3297777777777779 0.8181818181818182 0.935 -0.72 -0.72
0.0 0.0 0.0 0.0 0.0 0.0 0.0 0.0 0.0 1.0 0.0 0.0 0.0 0.0 0.0 0.0 0.0 0.0 0.0 1.0 0.0 0.0 0.0 0.0 0.0 0.6385000000000001 0.8 0.83 0.83 0.87 0.2 -0.0 0.87 0.3644 1.0 0.995 -0.87 0.995 -0.13675000000000004 0.8 0.722 -0.79 0.722 0.0 0.0 0.0 0.0 0.0 0.3456 1.0 0.935 -0.86 0.773
0.0 0.0 0.0 0.0 0.0 0.0 1.0 0.0 0.0 0.0 0.0 1.0 0.0 0.0 0.0 0.0 0.0 0.0 0.0 0.0 0.0 1.0 0.0 0.0 0.0 0.6916 0.7142857142857143 0.935 0.789 0.8700000000000001 0.2857142857142857 -0.0 0.93 0.09216666666666667 0.8571428571428571 0.956 -0.95 -0.87 -0.4163333333333334 0.42857142857142855 0.191 -0.79 -0.79 0.8285 0.2857142857142857 0.936 0.0 0.936 0.28128571428571425 1.0 0.935 -0.98 -0.98
0.0 0.0 0.0 0.0 0.0 0.0 1.0 0.0 0.0 0.0 0.0 0.0 0.0 0.0 0.0 0.0 0.0 0.0 0.0 0.0 0.0 1.0 0.0 0.0 0.0 0.451 1.0 0.857 0.045 0.0 0.0 -0.0 -0.0 0.4965 1.0 0.905 0.0 0.088 0.773 0.5 0.773 0.0 0.773 0.0 0.0 0.0 0.0 0.0 0.892 0.5 0.892 0.0 0.892
0.0 0.0 0.0 0.0 0.0 0.0 1.0 0.0 0.0 0.0 0.0 0.0 0.0 0.0 0.0 0.0 0.0 0.0 0.0 0.0 0.0 0.0 0.0 0.0 0.0 0.43133333333333335 0.8571428571428571 0.789 0.115 0.87 0.14285714285714285 -0.0 0.87 0.24779999999999996 0.7142857142857143 0.781 -0.87 -0.87 -0.2785 0.5714285714285714 0.201 -0.79 -0.67 0.008 0.2857142857142857 0.056 -0.04 -0.04 0.3131428571428572 1.0 0.935 -0.86 0.115
0.0 0.0 0.0 0.0 0.0 0.0 0.0 0.0 0.0 0.0 0.0 1.0 0.0 1.0 0.0 0.0 0.0 0.0 0.0 0.0 0.0 0.0 0.0 1.0 0.0 0.4415 0.3333333333333333 0.793 0.09 0.6 0.6666666666666666 -0.0 0.87 -0.2102 0.8333333333333334 0.749 -0.95 -0.03 0.3396666666666666 0.5 0.837 -0.03 0.212 -0.5233333333333333 0.5 0.0 -0.78 -0.78 -0.4723333333333333 0.5 0.093 -0.78 0.093
0.0 0.0 0.0 0.0 0.0 0.0 1.0 0.0 0.0 0.0 0.0 1.0 0.0 0.0 0.0 0.0 0.0 0.0 0.0 0.0 0.0 0.0 0.0 0.0 0.0 0.5232857142857144 0.7 0.892 0.08 0.4633333333333334 0.3 -0.0 0.66 0.16724999999999998 0.8 0.967 -0.78 -0.03 0.3701428571428571 0.7 0.892 -0.65 0.201 0.1731666666666667 0.6 0.585 -0.21 -0.04 0.1447142857142857 0.7 0.788 -0.63 0.201
0.0 0.0 0.0 0.0 0.0 0.0 1.0 0.0 1.0 0.0 0.0 0.0 0.0 0.0 0.0 0.0 0.0 0.0 0.0 0.0 0.0 1.0 0.0 0.0 0.0 0.3701333333333334 1.0 0.935 0.262 0.0 0.0 -0.0 -0.0 0.265125 0.5333333333333333 0.956 -0.05 0.43 0.2653076923076923 0.8666666666666667 0.892 -0.99 0.657 -0.0754 0.3333333333333333 0.049 -0.28 -0.28 0.39892307692307694 0.8666666666666667 0.924 0.0 0.244
0.0 0.0 0.0 0.0 0.0 0.0 0.0 0.0 0.0 0.0 0.0 1.0 0.0 0.0 0.0 0.0 0.0 0.0 0.0 0.0 0.0 0.0 0.0 1.0 0.0 0.5285217391304348 0.8214285714285714 0.935 0.208 0.6380000000000001 0.17857142857142858 -0.0 0.04 0.33111999999999997 0.8928571428571429 0.956 -0.81 -0.06 -0.009000000000000018 0.7142857142857143 0.967 -0.79 0.239 0.06870000000000001 0.35714285714285715 0.845 -0.74 0.026 0.32295833333333335 0.8571428571428571 0.935 -0.86 0.346
0.0 0.0 0.0 0.0 0.0 0.0 1.0 0.0 0.0 0.0 0.0 0.0 0.0 0.0 0.0 0.0 0.0 0.0 0.0 0.0 0.0 1.0 0.0 0.0 0.0 0.084 0.6666666666666666 0.098 0.098 0.66 0.3333333333333333 -0.0 0.66 -0.2383333333333333 1.0 0.042 -0.78 0.042 0.2555 0.6666666666666666 0.338 0.0 0.338 0.09500000000000001 1.0 0.585 -0.21 -0.21 -0.072 1.0 0.232 -0.63 0.232
0.0 0.0 0.0 0.0 0.0 0.0 1.0 0.0 0.0 0.0 0.0 1.0 0.0 0.0 0.0 0.0 0.0 0.0 0.0 0.0 0.0 1.0 0.0 0.0 0.0 0.5235 0.3333333333333333 0.949 0.098 0.185 0.6666666666666666 -0.0 0.02 0.009000000000000015 1.0 0.91 -0.78 0.042 0.288 0.8333333333333334 0.988 -0.04 -0.04 0.03299999999999999 0.8333333333333334 0.585 -0.21 -0.05 -0.17933333333333334 0.5 0.232 -0.63 -0.14
0.0 0.0 0.0 0.0 0.0 0.0 0.0 0.0 0.0 0.0 0.0 2.0 0.0 0.0 0.0 0.0 0.0 0.0 0.0 0.0 0.0 0.0 0.0 1.0 0.0 0.5552758620689656 0.9354838709677419 0.943 0.141 0.81 0.06451612903225806 -0.0 0.87 0.49442857142857133 0.6774193548387096 0.956 -0.95 0.956 0.0031818181818181746 0.7096774193548387 0.943 -0.94 0.79 -0.023444444444444434 0.2903225806451613 0.801 -0.78 -0.11 0.4933200000000001 0.8064516129032258 0.986 -0.71 0.141
0.0 0.0 1.0 0.0 0.0 0.0 2.0 0.0 0.0 0.0 0.0 0.0 0.0 0.0 0.0 0.0 0.0 0.0 0.0 0.0 0.0 1.0 0.0 0.0 0.0 0.346125 0.8888888888888888 0.935 0.789 0.81 0.1111111111111111 -0.0 0.81 0.15337499999999996 0.8888888888888888 0.956 -0.95 -0.95 0.095 0.7777777777777778 0.713 -0.79 -0.79 0.11524999999999999 0.4444444444444444 0.721 -0.09 0.721 0.31275000000000003 0.8888888888888888 0.935 -0.75 -0.75
0.0 0.0 0.0 0.0 0.0 0.0 1.0 0.0 0.0 0.0 0.0 0.0 0.0 0.0 0.0 0.0 0.0 0.0 0.0 0.0 0.0 1.0 0.0 0.0 0.0 0.142 1.0 0.142 0.142 0.0 0.0 -0.0 -0.0 0.093 1.0 0.093 0.0 0.093 0.136 1.0 0.136 0.0 0.136 0.0 0.0 0.0 0.0 0.0 0.197 1.0 0.197 0.0 0.197
0.0 0.0 0.0 0.0 0.0 0.0 1.0 0.0 1.0 0.0 0.0 0.0 0.0 0.0 0.0 0.0 0.0 0.0 0.0 0.0 0.0 1.0 0.0 0.0 0.0 0.6589428571428572 0.9459459459459459 0.939 0.84 0.74 0.05405405405405406 -0.0 0.78 0.559709677419355 0.8378378378378378 0.961 -0.75 0.803 -0.06389285714285713 0.7567567567567568 0.979 -0.94 -0.81 0.19216666666666668 0.16216216216216217 0.82 -0.13 0.82 0.6160714285714285 0.7567567567567568 0.978 -0.74 0.903
0.0 0.0 0.0 0.0 0.0 1.0 1.0 0.0 1.0 0.0 0.0 0.0 0.0 1.0 0.0 0.0 0.0 0.0 0.0 0.0 0.0 1.0 0.0 0.0 0.0 0.5289444444444444 0.9 0.943 0.034 0.77 0.1 -0.0 0.66 0.3512222222222222 0.9 0.97 -0.95 0.094 0.038571428571428576 0.7 0.978 -0.88 -0.03 0.267125 0.4 0.822 -0.06 0.028 0.38933333333333325 0.75 0.994 -0.88 0.994
0.0 0.0 0.0 0.0 0.0 0.0 1.0 0.0 0.0 0.0 0.0 0.0 0.0 0.0 0.0 0.0 0.0 0.0 0.0 0.0 0.0 1.0 0.0 0.0 0.0 0.41740000000000005 1.0 0.778 0.074 0.0 0.0 -0.0 -0.0 0.49549999999999994 0.8 0.705 0.0 0.057 0.2826666666666667 0.6 0.568 0.0 0.141 -0.14 0.4 0.0 -0.22 -0.06 0.475 1.0 0.851 0.0 0.162
0.0 0.0 0.0 0.0 0.0 0.0 1.0 0.0 0.0 0.0 0.0 4.0 0.0 1.0 0.0 0.0 0.0 0.0 0.0 0.0 0.0 0.0 0.0 0.0 0.0 0.5523714285714286 0.8974358974358975 0.958 0.907 0.7699999999999999 0.10256410256410256 -0.0 0.94 0.3685428571428571 0.8974358974358975 0.997 -0.9 0.997 0.14614814814814814 0.6923076923076923 0.99 -0.79 0.99 0.018000000000000002 0.3076923076923077 0.585 -0.36 0.081 0.3946470588235294 0.8717948717948718 0.975 -1.0 0.735
0.0 0.0 0.0 0.0 0.0 0.0 0.0 0.0 0.0 0.0 0.0 0.0 0.0 0.0 0.0 0.0 0.0 0.0 0.0 0.0 0.0 0.0 0.0 1.0 0.0 0.46072727272727276 0.9166666666666666 0.935 0.208 0.82 0.08333333333333333 -0.0 0.82 0.27411111111111114 0.75 0.956 -0.51 0.295 0.42774999999999996 0.6666666666666666 0.893 0.0 0.239 0.20875 0.3333333333333333 0.946 -0.1 0.049 0.2974 0.8333333333333334 0.947 -0.99 0.346
0.0 0.0 0.0 0.0 0.0 0.0 1.0 0.0 0.0 0.0 0.0 0.0 0.0 0.0 0.0 0.0 0.0 0.0 0.0 0.0 0.0 1.0 0.0 0.0 0.0 0.5617777777777778 0.75 0.935 0.726 0.7566666666666667 0.25 -0.0 0.7 0.28169999999999995 0.8333333333333334 0.956 -0.77 0.501 -0.23500000000000001 0.6666666666666666 0.819 -0.99 -0.99 0.10200000000000001 0.4166666666666667 0.816 -0.74 -0.08 0.22218181818181817 0.9166666666666666 0.935 -0.85 0.68
