0.0 0.0 0.0 0.0 1.0 2.0 3.0 0.0 2.0 0.0 0.0 2.0 0.0 0.0 0.0 0.0 0.0 0.0 0.0 0.0 0.0 0.0 1.0 0.0 0.0 0.5255714285714287 0.8076923076923077 0.927 0.912 0.59 0.19230769230769232 -0.0 0.82 0.25347619047619047 0.8076923076923077 0.986 -0.84 0.986 0.38405882352941173 0.6538461538461539 0.872 -1.0 0.838 0.10518181818181817 0.4230769230769231 0.856 -0.8 -0.21 0.27188888888888896 0.6923076923076923 0.998 -0.82 0.113
0.0 0.0 0.0 0.0 0.0 0.0 1.0 0.0 1.0 0.0 0.0 0.0 0.0 0.0 0.0 0.0 0.0 0.0 0.0 0.0 0.0 1.0 0.0 0.0 0.0 0.4566 1.0 0.906 0.262 0.0 0.0 -0.0 -0.0 0.40624999999999994 0.8 0.94 -0.04 0.43 -0.12279999999999998 1.0 0.657 -0.87 0.657 -0.11550000000000002 0.4 0.049 -0.28 -0.28 0.41 0.8 0.934 0.0 0.244
0.0 0.0 0.0 0.0 0.0 0.0 1.0 0.0 0.0 0.0 0.0 0.0 0.0 0.0 0.0 0.0 0.0 0.0 0.0 0.0 0.0 1.0 0.0 0.0 0.0 0.5913333333333334 0.75 0.883 0.147 0.66 0.25 -0.0 0.66 0.2155 1.0 0.781 -0.78 0.091 0.121 0.25 0.121 0.0 0.121 0.585 0.25 0.585 0.0 0.585 0.32525000000000004 1.0 0.996 -0.63 0.229
0.0 0.0 0.0 0.0 0.0 0.0 1.0 0.0 0.0 0.0 0.0 3.0 0.0 0.0 0.0 0.0 0.0 0.0 0.0 0.0 0.0 1.0 0.0 0.0 0.0 0.5311935483870968 0.9393939393939394 0.943 0.823 0.75 0.06060606060606061 -0.0 0.75 0.5246999999999999 0.6060606060606061 0.967 -0.05 0.967 0.32844 0.7575757575757576 0.979 -0.85 0.795 0.049571428571428565 0.42424242424242425 0.801 -0.17 -0.11 0.34525000000000006 0.7272727272727273 0.935 -0.71 0.706
0.0 0.0 0.0 0.0 0.0 0.0 0.0 0.0 0.0 0.0 0.0 0.0 0.0 0.0 0.0 0.0 0.0 0.0 0.0 0.0 0.0 0.0 0.0 1.0 0.0 0.8380000000000001 1.0 0.932 0.932 0.0 0.0 -0.0 -0.0 0.8380000000000001 1.0 0.895 0.0 0.895 0.0 0.0 0.0 0.0 0.0 0.0 0.0 0.0 0.0 0.0 0.8374999999999999 1.0 0.969 0.0 0.969
0.0 0.0 0.0 0.0 0.0 0.0 1.0 0.0 0.0 0.0 0.0 0.0 0.0 0.0 0.0 0.0 0.0 0.0 0.0 0.0 0.0 1.0 0.0 0.0 0.0 0.5841818181818182 0.7857142857142857 0.935 0.868 0.5266666666666667 0.21428571428571427 -0.0 0.07 0.25872727272727275 0.7857142857142857 0.956 -0.77 -0.07 0.3873333333333333 0.6428571428571429 0.99 -0.65 0.779 0.24016666666666664 0.42857142857142855 0.816 -0.06 0.009 0.36423076923076925 0.9285714285714286 0.921 -0.85 -0.12
0.0 0.0 0.0 0.0 0.0 2.0 1.0 0.0 1.0 1.0 0.0 0.0 0.0 2.0 0.0 0.0 0.0 0.0 0.0 0.0 0.0 0.0 0.0 0.0 0.0 0.3277555555555556 0.8823529411764706 0.939 0.054 0.6699999999999999 0.11764705882352941 -0.0 0.05 0.20307692307692304 0.7647058823529411 0.942 -0.77 0.055 0.21882857142857146 0.6862745098039216 0.979 -0.85 -0.85 -0.023615384615384632 0.5098039215686274 0.816 -0.8 0.03 0.23872727272727268 0.8627450980392157 0.948 -0.9 0.136
0.0 0.0 0.0 0.0 0.0 2.0 2.0 0.0 1.0 0.0 0.0 1.0 0.0 0.0 0.0 0.0 0.0 0.0 0.0 0.0 0.0 0.0 0.0 0.0 0.0 0.5691428571428572 0.9333333333333333 0.943 0.118 0.83 0.06666666666666667 -0.0 0.82 0.5147600000000001 0.8333333333333334 0.956 -0.95 0.164 0.059479999999999984 0.8333333333333334 0.984 -0.88 0.13 -0.15666666666666668 0.2 0.049 -0.8 0.031 0.471125 0.8 0.935 -0.73 0.209
0.0 0.0 0.0 0.0 1.0 5.0 2.0 0.0 5.0 0.0 0.0 0.0 1.0 0.0 0.0 0.0 0.0 0.0 0.0 0.0 0.0 1.0 0.0 0.0 0.0 0.5521153846153845 0.8524590163934426 0.97 0.887 0.5566666666666666 0.14754098360655737 -0.0 0.06 0.34606976744186047 0.7049180327868853 0.965 -0.96 -0.07 0.3051489361702127 0.7704918032786885 0.991 -0.94 -0.07 0.06992000000000001 0.4098360655737705 0.99 -0.44 0.017 0.3257708333333332 0.7868852459016393 0.946 -0.99 -0.25
0.0 0.0 0.0 0.0 1.0 0.0 2.0 0.0 0.0 0.0 0.0 2.0 0.0 2.0 0.0 0.0 0.0 0.0 0.0 0.0 0.0 0.0 0.0 1.0 0.0 0.4632777777777776 0.9 0.996 0.086 0.67 0.1 -0.0 0.67 0.40780645161290313 0.775 0.996 -0.82 0.083 0.06717241379310343 0.725 0.915 -0.89 0.144 -0.08305882352941177 0.425 0.99 -0.91 -0.04 0.37982352941176467 0.85 0.935 -0.95 0.165
0.0 0.0 0.0 0.0 0.0 0.0 0.0 0.0 0.0 0.0 0.0 0.0 0.0 0.0 0.0 0.0 0.0 0.0 0.0 0.0 0.0 0.0 0.0 1.0 0.0 0.4485 1.0 0.84 0.84 0.0 0.0 -0.0 -0.0 0.43825000000000003 1.0 0.967 -0.04 0.803 0.067 1.0 0.795 -0.81 -0.81 -0.09 0.25 0.0 -0.09 -0.09 0.47675 1.0 0.903 0.0 0.903
0.0 0.0 0.0 0.0 0.0 0.0 0.0 0.0 0.0 1.0 0.0 0.0 0.0 0.0 0.0 0.0 0.0 0.0 0.0 1.0 0.0 0.0 0.0 0.0 0.0 0.36590909090909085 0.7857142857142857 0.939 0.693 0.75 0.21428571428571427 -0.0 0.78 0.10858333333333332 0.8571428571428571 0.928 -0.78 0.691 0.1439 0.7142857142857143 0.979 -0.87 -0.5 0.32783333333333337 0.42857142857142855 0.82 -0.21 -0.21 0.12036363636363637 0.7857142857142857 0.882 -0.85 0.882
0.0 0.0 0.0 0.0 0.0 0.0 1.0 0.0 1.0 1.0 0.0 0.0 0.0 0.0 0.0 0.0 0.0 0.0 0.0 1.0 0.0 0.0 0.0 0.0 0.0 0.7148 1.0 0.933 0.886 0.0 0.0 -0.0 -0.0 0.5676666666666667 0.6 0.972 -0.05 0.972 0.7603333333333332 0.6 0.99 0.0 0.99 -0.15 0.2 0.0 -0.15 -0.15 0.7004 1.0 0.894 0.0 0.782
0.0 0.0 0.0 0.0 0.0 2.0 0.0 0.0 0.0 1.0 0.0 3.0 0.0 1.0 0.0 0.0 0.0 0.0 0.0 0.0 0.0 0.0 0.0 0.0 0.0 0.4810588235294117 0.7906976744186046 0.943 0.82 0.3622222222222222 0.20930232558139536 -0.0 0.03 0.22833333333333333 0.7674418604651163 0.956 -0.94 0.723 0.14055172413793102 0.6744186046511628 0.979 -0.94 0.816 0.056210526315789475 0.4418604651162791 0.991 -0.74 -0.21 0.2774358974358974 0.9069767441860465 0.969 -0.97 0.922
0.0 0.0 0.0 0.0 0.0 1.0 1.0 0.0 0.0 0.0 0.0 0.0 0.0 0.0 0.0 0.0 0.0 0.0 0.0 0.0 0.0 1.0 0.0 0.0 0.0 0.45637499999999986 0.8888888888888888 0.935 0.097 0.625 0.1111111111111111 -0.0 0.89 0.31057142857142855 0.7777777777777778 0.956 -0.9 0.102 0.22756 0.6944444444444444 0.984 -0.79 0.142 0.07735714285714283 0.3888888888888889 0.883 -0.23 -0.08 0.40956250000000005 0.8888888888888888 0.935 -0.94 0.224
0.0 0.0 0.0 0.0 0.0 0.0 2.0 0.0 0.0 0.0 0.0 0.0 0.0 0.0 0.0 0.0 0.0 0.0 0.0 0.0 0.0 1.0 0.0 0.0 0.0 0.6752 1.0 0.857 0.073 0.0 0.0 -0.0 -0.0 0.8140000000000001 0.4 0.905 0.0 0.723 -0.17750000000000002 0.8 0.773 -0.81 0.077 0.0 0.0 0.0 0.0 0.0 0.7116 1.0 0.934 0.0 0.068
0.0 0.0 0.0 0.0 0.0 0.0 0.0 0.0 0.0 0.0 0.0 1.0 0.0 0.0 0.0 0.0 0.0 0.0 0.0 0.0 0.0 0.0 0.0 1.0 0.0 0.4952857142857142 1.0 0.889 0.106 0.0 0.0 -0.0 -0.0 0.5438333333333334 0.8571428571428571 0.905 0.0 0.04 -0.009666666666666676 0.8571428571428571 0.773 -0.65 0.142 -0.125 0.2857142857142857 0.0 -0.17 -0.08 0.5308333333333334 0.8571428571428571 0.892 0.0 0.258
0.0 0.0 0.0 0.0 0.0 0.0 1.0 0.0 0.0 0.0 0.0 0.0 0.0 0.0 0.0 0.0 0.0 0.0 0.0 0.0 0.0 1.0 0.0 0.0 0.0 0.5316 0.7142857142857143 0.935 0.801 0.715 0.2857142857142857 -0.0 0.83 0.2508 0.7142857142857143 0.956 -0.77 0.887 0.40925 0.5714285714285714 0.759 0.0 0.711 -0.07666666666666667 0.42857142857142855 0.511 -0.77 0.029 0.18785714285714286 1.0 0.914 -0.88 0.806
0.0 0.0 0.0 0.0 0.0 0.0 1.0 0.0 0.0 0.0 0.0 0.0 0.0 0.0 0.0 0.0 0.0 0.0 0.0 0.0 0.0 1.0 0.0 0.0 0.0 0.707 1.0 0.892 0.823 0.0 0.0 -0.0 -0.0 0.7155 0.8 0.967 0.0 0.967 0.3862 1.0 0.892 -0.79 0.795 0.049 0.2 0.049 0.0 0.049 0.67325 0.8 0.935 0.0 0.706
0.0 0.0 0.0 0.0 0.0 0.0 1.0 0.0 0.0 0.0 0.0 0.0 0.0 0.0 0.0 0.0 0.0 0.0 0.0 0.0 0.0 1.0 0.0 0.0 0.0 0.7033333333333333 1.0 0.903 0.903 0.0 0.0 -0.0 -0.0 0.8793333333333333 1.0 0.97 0.0 0.746 0.873 0.6666666666666666 0.97 0.0 0.97 0.773 0.3333333333333333 0.773 0.0 0.773 0.9359999999999999 0.6666666666666666 0.994 0.0 0.994
0.0 0.0 0.0 0.0 0.0 0.0 1.0 0.0 1.0 0.0 0.0 0.0 0.0 0.0 0.0 0.0 0.0 0.0 0.0 0.0 0.0 0.0 0.0 1.0 0.0 0.6952727272727273 1.0 0.935 0.829 0.0 0.0 -0.0 -0.0 0.7436666666666667 0.8181818181818182 0.963 0.0 0.928 -0.312625 0.7272727272727273 0.892 -0.87 -0.87 -0.12 0.18181818181818182 0.0 -0.13 -0.11 0.7230000000000001 0.9090909090909091 0.947 0.0 0.679
0.0 0.0 0.0 0.0 0.0 0.0 1.0 0.0 0.0 0.0 0.0 0.0 0.0 1.0 0.0 0.0 0.0 0.0 0.0 0.0 0.0 1.0 0.0 0.0 0.0 0.5506363636363637 0.7857142857142857 0.903 0.262 0.7733333333333334 0.21428571428571427 -0.0 0.7 0.36391666666666667 0.8571428571428571 0.99 -0.9 0.43 0.285 0.7142857142857143 0.97 -0.88 0.657 0.3155714285714285 0.5 0.865 -0.28 -0.28 0.18833333333333332 0.8571428571428571 0.994 -0.99 0.244
0.0 0.0 0.0 0.0 0.0 0.0 1.0 0.0 0.0 0.0 0.0 0.0 0.0 0.0 0.0 0.0 0.0 0.0 0.0 0.0 0.0 1.0 0.0 0.0 0.0 0.44508333333333344 0.9230769230769231 0.935 0.823 0.79 0.07692307692307693 -0.0 0.79 0.3298 0.7692307692307693 0.981 -0.96 0.967 0.41559999999999997 0.7692307692307693 0.892 0.0 0.795 -0.007571428571428576 0.5384615384615384 0.501 -0.32 -0.08 0.3778181818181819 0.8461538461538461 0.914 -0.92 0.706
0.0 0.0 0.0 0.0 1.0 0.0 1.0 0.0 0.0 1.0 0.0 2.0 0.0 1.0 0.0 0.0 0.0 0.0 1.0 1.0 0.0 0.0 0.0 0.0 0.0 0.4993684210526316 0.8636363636363636 0.935 0.123 0.82 0.13636363636363635 -0.0 0.84 0.24784210526315784 0.8636363636363636 0.967 -0.99 -0.99 0.054312499999999986 0.7272727272727273 0.984 -1.0 0.126 0.029874999999999995 0.36363636363636365 0.82 -0.22 -0.09 0.37489473684210517 0.8636363636363636 0.914 -0.7 -0.7
0.0 0.0 0.0 0.0 0.0 0.0 1.0 0.0 1.0 0.0 0.0 0.0 0.0 0.0 0.0 0.0 0.0 0.0 0.0 0.0 0.0 1.0 0.0 0.0 0.0 0.537611111111111 0.8181818181818182 0.943 0.889 0.41500000000000004 0.18181818181818182 -0.0 0.95 0.46746153846153854 0.5909090909090909 0.956 -0.78 0.889 0.4023333333333332 0.6818181818181818 0.979 -0.65 0.773 -0.0868 0.45454545454545453 0.585 -0.97 -0.97 0.26276470588235307 0.7727272727272727 0.969 -0.93 -0.93
0.0 0.0 0.0 0.0 0.0 0.0 1.0 0.0 0.0 0.0 0.0 0.0 0.0 0.0 0.0 0.0 0.0 0.0 0.0 0.0 0.0 1.0 0.0 0.0 0.0 0.0 0.0 0.0 0.0 0.93 1.0 -0.0 0.93 -0.87 1.0 0.0 -0.87 -0.87 0.0 0.0 0.0 0.0 0.0 0.936 1.0 0.936 0.0 0.936 -0.98 1.0 0.0 -0.98 -0.98
0.0 0.0 0.0 0.0 0.0 1.0 0.0 0.0 0.0 0.0 0.0 1.0 0.0 0.0 0.0 0.0 0.0 0.0 0.0 0.0 0.0 0.0 1.0 0.0 0.0 0.5092307692307692 0.6842105263157895 0.924 0.789 0.5533333333333333 0.3157894736842105 -0.0 0.93 0.13053846153846155 0.6842105263157895 0.986 -0.89 -0.87 0.04363636363636363 0.5789473684210527 0.928 -0.83 -0.79 0.060714285714285735 0.3684210526315789 0.82 -0.73 -0.11 0.23587500000000006 0.8421052631578947 0.956 -1.0 -1.0
0.0 0.0 0.0 0.0 0.0 0.0 0.0 0.0 0.0 0.0 0.0 0.0 0.0 0.0 0.0 0.0 0.0 0.0 0.0 0.0 0.0 0.0 0.0 1.0 0.0 0.36675 0.8888888888888888 0.855 0.035 0.04 0.1111111111111111 -0.0 0.04 0.29949999999999993 0.6666666666666666 0.95 -0.06 -0.06 0.3248571428571428 0.7777777777777778 0.967 0.0 0.069 -0.004999999999999998 0.3333333333333333 0.049 -0.09 0.026 0.33971428571428575 0.7777777777777778 0.858 0.0 0.075
0.0 0.0 0.0 0.0 0.0 0.0 1.0 0.0 1.0 0.0 0.0 1.0 0.0 0.0 0.0 0.0 0.0 0.0 0.0 0.0 0.0 1.0 0.0 0.0 0.0 0.5473125000000001 1.0 0.892 0.034 0.0 0.0 -0.0 -0.0 0.553 0.8125 0.967 0.0 0.022 0.2941333333333333 0.9375 0.924 -0.79 0.08 -0.0432 0.3125 0.015 -0.27 0.015 0.6427 0.625 0.935 0.0 0.096
0.0 0.0 0.0 0.0 0.0 0.0 1.0 0.0 0.0 0.0 0.0 0.0 0.0 0.0 0.0 0.0 0.0 0.0 0.0 0.0 0.0 1.0 0.0 0.0 0.0 0.3945 1.0 0.744 0.045 0.0 0.0 -0.0 -0.0 0.4345 1.0 0.781 0.0 0.088 0.0 0.0 0.0 0.0 0.0 0.0 0.0 0.0 0.0 0.0 0.706 0.5 0.706 0.0 0.706
0.0 0.0 0.0 0.0 1.0 0.0 1.0 0.0 0.0 0.0 0.0 0.0 0.0 0.0 0.0 0.0 0.0 0.0 0.0 0.0 0.0 0.0 0.0 0.0 1.0 0.8783333333333333 0.6 0.932 0.857 0.785 0.4 -0.0 0.79 0.02250000000000002 0.8 0.905 -0.96 -0.96 0.01150000000000001 0.4 0.773 -0.75 0.773 0.6605 0.4 0.82 0.0 0.501 0.46875 0.8 0.969 -0.92 -0.92
0.0 0.0 0.0 0.0 0.0 0.0 1.0 0.0 0.0 0.0 0.0 0.0 0.0 0.0 0.0 0.0 0.0 0.0 0.0 0.0 0.0 1.0 0.0 0.0 0.0 0.5523333333333333 1.0 0.939 0.841 0.0 0.0 -0.0 -0.0 0.5099999999999999 0.8 0.967 -0.04 0.811 0.1775 0.8 0.979 -0.95 0.871 -0.02466666666666667 0.2 0.049 -0.14 0.049 0.5149166666666667 0.8 0.935 0.0 0.706
0.0 0.0 0.0 0.0 0.0 0.0 1.0 0.0 0.0 1.0 0.0 0.0 0.0 0.0 0.0 0.0 0.0 0.0 0.0 0.0 0.0 1.0 0.0 0.0 0.0 0.56225 0.7272727272727273 0.939 0.033 0.49333333333333335 0.2727272727272727 -0.0 0.66 0.06855555555555554 0.8181818181818182 0.899 -0.78 -0.05 0.32775 0.7272727272727273 0.979 -0.79 0.178 -0.12083333333333333 0.5454545454545454 0.585 -0.8 -0.12 0.44400000000000006 0.7272727272727273 0.947 -0.63 0.142
0.0 0.0 0.0 0.0 0.0 0.0 0.0 0.0 0.0 0.0 0.0 0.0 0.0 0.0 0.0 0.0 0.0 0.0 0.0 0.0 0.0 0.0 0.0 1.0 0.0 0.46860000000000007 0.8333333333333334 0.935 0.043 0.44499999999999995 0.16666666666666666 -0.0 0.82 0.336375 0.6666666666666666 0.956 -0.1 -0.07 -0.04799999999999999 0.6666666666666666 0.902 -0.94 0.112 0.11283333333333334 0.5 0.828 -0.11 -0.06 0.50475 0.6666666666666666 0.914 0.0 0.191
0.0 0.0 0.0 0.0 1.0 0.0 2.0 0.0 2.0 0.0 0.0 2.0 0.0 1.0 0.0 0.0 0.0 0.0 0.0 0.0 0.0 1.0 0.0 0.0 0.0 0.5767894736842105 0.7916666666666666 0.952 0.82 0.7279999999999999 0.20833333333333334 -0.0 0.78 0.2798412698412698 0.875 0.986 -1.0 0.723 0.12613333333333332 0.625 0.953 -0.94 0.816 0.030639999999999987 0.3472222222222222 0.97 -0.92 0.028 0.3980545454545453 0.7638888888888888 0.947 -0.82 0.922
0.0 0.0 0.0 0.0 0.0 0.0 1.0 0.0 1.0 1.0 0.0 0.0 0.0 0.0 0.0 0.0 0.0 0.0 0.0 1.0 0.0 0.0 0.0 0.0 0.0 0.838 1.0 0.906 0.864 0.0 0.0 -0.0 -0.0 0.8605 0.6666666666666666 0.94 0.0 0.94 -0.87 0.3333333333333333 0.0 -0.87 -0.87 0.0 0.0 0.0 0.0 0.0 0.7849999999999999 0.6666666666666666 0.864 0.0 0.864
0.0 0.0 0.0 0.0 0.0 0.0 0.0 0.0 0.0 0.0 0.0 0.0 0.0 0.0 0.0 0.0 0.0 0.0 0.0 0.0 0.0 0.0 0.0 1.0 0.0 0.5481428571428572 1.0 0.969 0.969 0.0 0.0 -0.0 -0.0 0.4916666666666667 0.8571428571428571 0.986 0.0 0.967 0.3625 0.5714285714285714 0.892 0.0 0.228 -0.13333333333333333 0.42857142857142855 0.0 -0.14 -0.14 0.5688333333333334 0.8571428571428571 0.971 0.0 0.971
0.0 0.0 1.0 0.0 3.0 0.0 3.0 0.0 1.0 2.0 0.0 0.0 1.0 1.0 0.0 0.0 0.0 0.0 0.0 0.0 0.0 0.0 0.0 0.0 1.0 0.434860465116279 0.9555555555555556 0.939 0.075 0.34500000000000003 0.044444444444444446 -0.0 0.66 0.36071794871794877 0.8666666666666667 0.956 -0.78 0.041 -0.017575757575757578 0.7333333333333333 0.979 -0.94 0.07 0.00335294117647059 0.37777777777777777 0.585 -0.1 0.03 0.41817073170731706 0.9111111111111111 0.958 -0.63 0.109
0.0 1.0 0.0 0.0 1.0 1.0 0.0 0.0 5.0 0.0 1.0 1.0 0.0 1.0 0.0 0.0 0.0 0.0 0.0 0.0 0.0 0.0 1.0 0.0 0.0 0.5154459459459463 0.7956989247311828 0.939 0.675 0.5952631578947369 0.20430107526881722 -0.0 0.71 0.254578947368421 0.8172043010752689 0.968 -0.91 0.686 0.017927536231884054 0.7419354838709677 0.992 -0.96 0.526 0.04703333333333331 0.3225806451612903 0.82 -0.91 -0.72 0.33385507246376817 0.7419354838709677 0.996 -0.96 0.812
0.0 0.0 0.0 0.0 0.0 0.0 1.0 0.0 0.0 0.0 0.0 0.0 0.0 0.0 0.0 0.0 0.0 0.0 0.0 0.0 0.0 0.0 0.0 1.0 0.0 0.4622 0.7142857142857143 0.935 0.842 0.4475 0.2857142857142857 -0.0 0.89 0.1209090909090909 0.7857142857142857 0.956 -0.82 0.763 -0.03175 0.5714285714285714 0.921 -0.79 0.921 0.008142857142857146 0.5 0.99 -0.91 -0.09 0.2848333333333333 0.8571428571428571 0.935 -0.87 0.113
0.0 1.0 0.0 0.0 0.0 0.0 0.0 0.0 0.0 0.0 1.0 0.0 0.0 0.0 0.0 0.0 0.0 0.0 0.0 0.0 1.0 0.0 0.0 0.0 0.0 0.679 0.3333333333333333 0.679 0.679 0.845 0.6666666666666666 -0.0 0.91 -0.3136666666666667 1.0 0.719 -0.91 0.719 -0.58 0.3333333333333333 0.0 -0.58 -0.58 0.82 0.3333333333333333 0.82 0.0 0.82 0.739 0.3333333333333333 0.739 0.0 0.739
0.0 0.0 0.0 0.0 1.0 0.0 1.0 0.0 0.0 0.0 0.0 0.0 0.0 1.0 0.0 0.0 0.0 0.0 0.0 0.0 0.0 1.0 0.0 0.0 0.0 0.5823750000000001 0.8 0.939 0.931 0.46 0.2 -0.0 0.78 0.28662499999999996 0.8 0.95 -0.75 0.867 0.48214285714285715 0.7 0.996 -0.79 0.996 0.17475 0.4 0.82 -0.11 0.82 0.34383333333333327 0.6 0.947 -0.39 -0.39
0.0 0.0 0.0 0.0 0.0 1.0 0.0 0.0 0.0 0.0 0.0 0.0 0.0 1.0 0.0 0.0 0.0 0.0 0.0 0.0 0.0 0.0 0.0 0.0 0.0 0.5196756756756757 0.9024390243902439 0.98 0.082 0.6325000000000001 0.0975609756097561 -0.0 0.81 0.388735294117647 0.8292682926829268 0.995 -0.77 -0.77 0.05041935483870968 0.7560975609756098 0.965 -0.94 0.093 -0.008600000000000007 0.24390243902439024 0.816 -0.92 0.816 0.37897058823529417 0.8292682926829268 0.935 -0.85 0.07
0.0 0.0 0.0 0.0 0.0 0.0 0.0 0.0 0.0 0.0 1.0 0.0 1.0 1.0 0.0 0.0 0.0 0.0 0.0 0.0 0.0 0.0 0.0 1.0 0.0 0.65225 0.5 0.935 0.935 0.33 0.5 -0.0 0.05 -0.020714285714285713 0.875 0.956 -0.82 -0.02 0.09075000000000003 0.5 0.715 -0.94 0.277 0.1416 0.625 0.99 -0.44 0.077 0.07133333333333333 0.75 0.914 -0.87 0.914
0.0 0.0 0.0 0.0 0.0 0.0 0.0 0.0 1.0 0.0 0.0 0.0 0.0 0.0 0.0 0.0 0.0 0.0 0.0 0.0 0.0 0.0 0.0 1.0 0.0 0.43424999999999997 0.6666666666666666 0.814 0.09 0.8049999999999999 0.3333333333333333 -0.0 0.86 0.10724999999999998 0.6666666666666666 0.739 -0.99 -0.03 0.357 0.5 0.782 0.0 0.212 0.01050000000000001 0.3333333333333333 0.751 -0.73 -0.73 0.08200000000000002 0.6666666666666666 0.917 -0.75 0.093
0.0 1.0 0.0 0.0 0.0 0.0 0.0 0.0 0.0 0.0 1.0 0.0 0.0 0.0 0.0 0.0 0.0 0.0 0.0 0.0 1.0 0.0 0.0 0.0 0.0 0.4066666666666667 0.6 0.841 0.061 0.825 0.4 -0.0 0.87 -0.1632 1.0 0.862 -0.97 -0.97 -0.4366666666666666 0.6 0.11 -0.82 0.11 -0.07450000000000001 0.4 0.691 -0.84 0.691 -0.18499999999999997 0.6 0.289 -0.96 -0.96
0.0 0.0 0.0 0.0 0.0 0.0 0.0 0.0 0.0 0.0 0.0 0.0 0.0 1.0 0.0 0.0 0.0 0.0 0.0 0.0 0.0 0.0 0.0 1.0 0.0 0.5274666666666666 0.6818181818181818 0.939 0.09 0.5614285714285715 0.3181818181818182 -0.0 0.14 0.1687777777777778 0.8181818181818182 0.956 -0.8 -0.03 0.15383333333333332 0.5454545454545454 0.979 -0.86 0.212 0.330125 0.36363636363636365 0.936 -0.74 0.049 0.10894117647058822 0.7727272727272727 0.998 -0.78 0.093
0.0 0.0 0.0 0.0 1.0 0.0 0.0 0.0 0.0 0.0 0.0 2.0 0.0 0.0 0.0 0.0 0.0 0.0 0.0 0.0 0.0 0.0 0.0 0.0 1.0 0.5976 0.5555555555555556 0.939 0.939 0.7975 0.4444444444444444 -0.0 0.92 -0.09299999999999997 0.8888888888888888 0.899 -0.99 0.899 0.3894 0.5555555555555556 0.979 -0.79 0.979 0.3306 0.5555555555555556 0.827 -0.27 0.827 -0.20485714285714288 0.7777777777777778 0.935 -0.92 -0.92
0.0 0.0 0.0 0.0 0.0 0.0 1.0 0.0 0.0 0.0 0.0 0.0 0.0 1.0 0.0 0.0 0.0 0.0 0.0 0.0 0.0 1.0 0.0 0.0 0.0 0.5127499999999999 0.5714285714285714 0.939 0.163 0.4833333333333334 0.42857142857142855 -0.0 0.65 -0.17616666666666667 0.8571428571428571 0.899 -0.93 -0.93 0.16219999999999998 0.7142857142857143 0.979 -0.94 0.296 0.09 0.7142857142857143 0.585 -0.15 0.096 -0.08216666666666668 0.8571428571428571 0.744 -0.92 -0.92
0.0 0.0 0.0 0.0 0.0 0.0 0.0 0.0 1.0 0.0 0.0 0.0 0.0 0.0 0.0 0.0 0.0 0.0 0.0 0.0 0.0 0.0 0.0 1.0 0.0 0.5446428571428571 0.7368421052631579 0.935 0.14 0.8300000000000001 0.2631578947368421 -0.0 0.81 0.17155555555555554 0.9473684210526315 0.956 -0.91 0.172 0.027249999999999986 0.631578947368421 0.892 -0.79 0.236 0.246 0.42105263157894735 0.816 -0.14 -0.13 0.2704285714285714 0.7368421052631579 0.935 -0.85 0.287
0.0 0.0 0.0 0.0 0.0 0.0 0.0 0.0 0.0 0.0 0.0 0.0 0.0 1.0 0.0 0.0 0.0 0.0 0.0 0.0 0.0 0.0 0.0 1.0 0.0 0.4922307692307692 0.8863636363636364 0.964 0.849 0.366 0.11363636363636363 -0.0 0.82 0.3158235294117647 0.7727272727272727 0.956 -0.71 -0.69 -0.07486111111111113 0.8181818181818182 0.963 -0.99 0.85 0.059399999999999994 0.3409090909090909 0.883 -0.23 0.883 0.4160750000000001 0.9090909090909091 0.964 -0.91 -0.91
0.0 0.0 0.0 0.0 0.0 0.0 0.0 0.0 0.0 0.0 0.0 1.0 0.0 0.0 0.0 0.0 0.0 0.0 0.0 0.0 0.0 0.0 0.0 1.0 0.0 0.4492500000000001 0.7619047619047619 0.935 0.089 0.38 0.23809523809523808 -0.0 0.76 0.2567777777777778 0.8571428571428571 0.956 -0.95 0.04 0.03607142857142857 0.6666666666666666 0.902 -0.9 0.269 -0.0040909090909090895 0.5238095238095238 0.733 -0.21 -0.2 0.22510526315789478 0.9047619047619048 0.914 -0.98 0.251
0.0 0.0 0.0 0.0 0.0 0.0 0.0 0.0 0.0 0.0 0.0 0.0 0.0 1.0 0.0 0.0 0.0 0.0 0.0 0.0 0.0 0.0 0.0 1.0 0.0 0.6076666666666667 0.6 0.935 0.057 0.10500000000000001 0.4 -0.0 0.14 0.349 0.8 0.956 -0.44 -0.44 0.39366666666666666 0.6 0.712 0.0 0.311 -0.0355 0.4 0.049 -0.12 0.049 0.22066666666666668 0.6 0.914 -0.39 -0.39
0.0 0.0 0.0 0.0 0.0 1.0 0.0 0.0 0.0 0.0 0.0 0.0 0.0 0.0 0.0 0.0 0.0 0.0 0.0 0.0 0.0 0.0 1.0 0.0 0.0 0.40318181818181814 0.6875 0.935 0.084 0.8720000000000001 0.3125 -0.0 0.91 -0.014999999999999966 0.875 0.956 -0.91 -0.91 -0.08210000000000002 0.625 0.711 -0.88 0.212 0.08875 0.5 0.995 -0.72 0.886 0.19184615384615383 0.8125 0.935 -0.99 -0.95
0.0 1.0 0.0 0.0 0.0 0.0 0.0 0.0 0.0 0.0 1.0 0.0 0.0 0.0 0.0 0.0 0.0 0.0 0.0 0.0 1.0 0.0 0.0 0.0 0.0 0.778 0.5 0.778 0.778 0.81 0.5 -0.0 0.81 -0.0625 1.0 0.705 -0.83 -0.83 0.0 0.0 0.0 0.0 0.0 0.797 0.5 0.797 0.0 0.797 0.851 0.5 0.851 0.0 0.851
0.0 1.0 0.0 0.0 0.0 0.0 0.0 0.0 0.0 0.0 1.0 0.0 0.0 0.0 0.0 0.0 0.0 0.0 0.0 0.0 1.0 0.0 0.0 0.0 0.0 0.778 0.5 0.778 0.778 0.91 0.5 -0.0 0.91 -0.10250000000000004 1.0 0.705 -0.91 -0.91 0.0 0.0 0.0 0.0 0.0 0.0 0.0 0.0 0.0 0.0 0.851 0.5 0.851 0.0 0.851
0.0 0.0 0.0 0.0 0.0 0.0 0.0 0.0 0.0 0.0 0.0 0.0 0.0 0.0 0.0 0.0 0.0 0.0 0.0 0.0 0.0 0.0 0.0 1.0 0.0 0.6326666666666667 0.75 0.886 0.886 0.86 0.25 -0.0 0.86 0.082 0.25 0.082 0.0 0.082 0.7159999999999999 0.75 0.99 0.0 0.99 0.943 0.25 0.943 0.0 0.943 0.23325 1.0 0.782 -0.79 0.782
0.0 0.0 0.0 0.0 0.0 1.0 0.0 0.0 0.0 0.0 0.0 0.0 0.0 0.0 0.0 0.0 0.0 0.0 0.0 0.0 0.0 0.0 0.0 1.0 0.0 0.7443333333333334 0.5454545454545454 0.935 0.883 0.764 0.45454545454545453 -0.0 0.9 0.11850000000000001 0.9090909090909091 0.956 -0.96 -0.96 0.04666666666666667 0.2727272727272727 0.794 -0.79 0.794 -0.4555 0.36363636363636365 0.598 -0.96 -0.96 0.07933333333333331 0.8181818181818182 0.996 -0.8 -0.78
0.0 0.0 0.0 0.0 0.0 0.0 1.0 0.0 0.0 0.0 0.0 0.0 0.0 0.0 0.0 0.0 0.0 0.0 0.0 0.0 0.0 1.0 0.0 0.0 0.0 0.6805 0.6666666666666666 0.939 0.778 0.5 0.3333333333333333 -0.0 0.78 0.3752 0.8333333333333334 0.956 -0.71 0.705 0.49766666666666665 0.5 0.979 0.0 0.979 0.09133333333333334 0.5 0.784 -0.4 0.784 0.4625 0.6666666666666666 0.914 -0.08 0.851
0.0 0.0 0.0 0.0 0.0 0.0 1.0 0.0 0.0 0.0 0.0 0.0 0.0 1.0 0.0 0.0 0.0 0.0 0.0 0.0 0.0 1.0 0.0 0.0 0.0 0.4791666666666667 0.5454545454545454 0.935 0.039 0.628 0.45454545454545453 -0.0 0.75 -0.10636363636363635 1.0 0.956 -0.89 -0.05 0.1391666666666667 0.5454545454545454 0.929 -0.87 0.161 0.23149999999999996 0.5454545454545454 0.717 -0.41 -0.12 -0.08299999999999999 0.9090909090909091 0.914 -0.97 0.181
0.0 0.0 0.0 0.0 0.0 0.0 0.0 0.0 0.0 0.0 0.0 1.0 0.0 1.0 0.0 0.0 0.0 0.0 0.0 0.0 0.0 0.0 0.0 0.0 0.0 0.5301600000000001 0.8333333333333334 0.939 0.061 0.636 0.16666666666666666 -0.0 0.87 0.2902592592592593 0.9 0.972 -0.98 -0.96 -0.002000000000000001 0.4666666666666667 0.99 -0.95 0.11 0.16345454545454546 0.36666666666666664 0.959 -0.2 0.959 0.3772499999999999 0.9333333333333333 0.935 -0.77 -0.77
0.0 0.0 0.0 0.0 0.0 0.0 1.0 0.0 0.0 0.0 0.0 2.0 0.0 1.0 0.0 0.0 0.0 0.0 0.0 0.0 0.0 0.0 0.0 0.0 0.0 0.3956 0.78125 0.939 0.127 0.5871428571428571 0.21875 -0.0 0.02 0.1766666666666666 0.75 0.956 -0.93 -0.04 -0.09852173913043479 0.71875 0.979 -0.95 -0.01 -0.0036153846153846167 0.40625 0.948 -0.93 0.011 0.29462499999999997 0.75 0.935 -0.94 -0.06
0.0 0.0 0.0 0.0 0.0 0.0 0.0 0.0 0.0 0.0 0.0 1.0 0.0 1.0 0.0 0.0 0.0 0.0 0.0 0.0 0.0 0.0 0.0 1.0 0.0 0.5652499999999999 0.8888888888888888 0.935 0.932 0.835 0.1111111111111111 -0.0 0.86 0.30981250000000005 0.8888888888888888 0.956 -0.99 0.895 -0.18558333333333335 0.6666666666666666 0.756 -0.94 0.191 -0.06840000000000002 0.2777777777777778 0.689 -0.73 -0.27 0.504375 0.8888888888888888 0.969 -0.9 0.969
0.0 0.0 0.0 0.0 0.0 0.0 1.0 0.0 0.0 0.0 0.0 0.0 0.0 0.0 0.0 0.0 0.0 0.0 0.0 0.0 0.0 1.0 0.0 0.0 0.0 0.6043333333333334 0.375 0.935 0.935 0.826 0.625 -0.0 0.86 -0.3852857142857143 0.875 0.956 -0.99 -0.96 -0.386 0.25 0.108 -0.88 -0.88 0.18 0.625 0.893 -0.8 0.893 0.007400000000000006 0.625 0.914 -0.98 -0.73
0.0 0.0 0.0 0.0 0.0 0.0 0.0 0.0 1.0 0.0 0.0 0.0 0.0 1.0 0.0 0.0 0.0 0.0 0.0 0.0 0.0 0.0 0.0 0.0 0.0 0.35428571428571437 0.8235294117647058 0.846 0.061 0.25333333333333335 0.17647058823529413 -0.0 0.15 0.07999999999999999 0.7647058823529411 0.794 -0.75 -0.45 0.18266666666666667 0.8823529411764706 0.858 -0.94 0.154 -0.08362499999999998 0.47058823529411764 0.662 -0.64 -0.39 0.27825 0.9411764705882353 0.851 -0.65 0.094
0.0 0.0 0.0 0.0 0.0 0.0 0.0 0.0 0.0 0.0 0.0 0.0 0.0 0.0 0.0 0.0 0.0 0.0 0.0 0.0 0.0 0.0 0.0 1.0 0.0 0.5128999999999999 0.9090909090909091 0.926 0.753 0.86 0.09090909090909091 -0.0 0.86 0.3433636363636363 1.0 0.961 -0.99 0.686 -0.1739 0.9090909090909091 0.916 -0.88 -0.77 -0.274 0.45454545454545453 0.0 -0.73 -0.23 0.6209999999999999 0.9090909090909091 0.935 0.0 0.797
0.0 0.0 0.0 0.0 0.0 1.0 0.0 0.0 0.0 0.0 0.0 1.0 0.0 0.0 0.0 0.0 0.0 0.0 0.0 0.0 0.0 0.0 1.0 0.0 0.0 0.32817391304347826 0.7666666666666667 0.935 0.789 0.6428571428571427 0.23333333333333334 -0.0 0.7 0.017095238095238083 0.7 0.956 -0.95 -0.95 0.05927272727272726 0.7333333333333333 0.967 -0.94 -0.79 -0.23299999999999996 0.4 0.662 -0.91 0.647 0.21515384615384614 0.8666666666666667 0.935 -0.78 -0.52
0.0 0.0 0.0 0.0 1.0 1.0 0.0 0.0 0.0 0.0 0.0 1.0 1.0 0.0 0.0 0.0 0.0 0.0 0.0 0.0 0.0 0.0 1.0 0.0 0.0 0.5135873015873016 0.8076923076923077 0.964 0.73 0.7613333333333333 0.19230769230769232 -0.0 0.88 0.22219402985074632 0.8589743589743589 0.965 -1.0 -0.98 -0.09300000000000004 0.6025641025641025 0.979 -0.99 0.73 0.1972 0.32051282051282054 0.991 -0.91 0.869 0.27576388888888875 0.9230769230769231 0.996 -0.96 -0.8
0.0 0.0 0.0 0.0 1.0 1.0 0.0 0.0 0.0 0.0 0.0 0.0 0.0 0.0 0.0 0.0 0.0 0.0 0.0 0.0 0.0 0.0 0.0 1.0 0.0 0.5877500000000001 0.8888888888888888 0.935 0.778 0.54 0.1111111111111111 -0.0 0.34 0.4116923076923077 0.7222222222222222 0.988 -0.74 -0.14 0.032454545454545444 0.6111111111111112 0.857 -0.79 0.098 0.12000000000000002 0.2777777777777778 0.662 -0.08 0.662 0.4872941176470589 0.9444444444444444 0.998 -0.74 -0.65
0.0 0.0 0.0 0.0 0.0 0.0 1.0 0.0 0.0 0.0 0.0 1.0 0.0 0.0 0.0 0.0 0.0 0.0 0.0 0.0 0.0 1.0 0.0 0.0 0.0 0.0 0.0 0.0 0.0 0.83 1.0 -0.0 0.83 -0.71 1.0 0.0 -0.71 -0.71 0.0 0.0 0.0 0.0 0.0 0.83 1.0 0.83 0.0 0.83 -0.96 1.0 0.0 -0.96 -0.96
0.0 0.0 0.0 0.0 0.0 0.0 0.0 0.0 0.0 0.0 0.0 1.0 0.0 1.0 0.0 0.0 0.0 0.0 0.0 0.0 0.0 0.0 0.0 1.0 0.0 0.5801000000000001 0.8333333333333334 0.871 0.088 0.9 0.16666666666666666 -0.0 0.87 0.21454545454545454 0.9166666666666666 0.922 -0.93 -0.04 -0.09533333333333333 0.75 0.928 -0.94 0.234 -0.414 0.4166666666666667 0.0 -0.93 -0.1 0.34600000000000003 0.9166666666666666 0.935 -0.99 0.263
0.0 0.0 0.0 0.0 0.0 0.0 0.0 0.0 0.0 0.0 0.0 0.0 0.0 0.0 0.0 0.0 0.0 0.0 0.0 0.0 0.0 0.0 0.0 1.0 0.0 0.53525 0.8 0.939 0.924 0.93 0.2 -0.0 0.93 0.25460000000000005 1.0 0.986 -0.93 0.986 0.46366666666666667 0.6 0.979 0.0 0.979 -0.3236666666666667 0.6 0.049 -0.93 -0.93 0.11250000000000002 0.8 0.862 -0.94 0.862
0.0 0.0 0.0 0.0 0.0 0.0 0.0 0.0 0.0 0.0 0.0 0.0 0.0 0.0 0.0 0.0 0.0 0.0 0.0 0.0 0.0 0.0 0.0 1.0 0.0 0.5055 0.6486486486486487 0.939 0.861 0.6938461538461538 0.35135135135135137 -0.0 0.35 0.09544827586206898 0.7837837837837838 0.956 -0.98 -0.13 0.05357142857142857 0.5675675675675675 0.99 -0.79 0.071 0.10212499999999998 0.43243243243243246 0.717 -0.91 0.694 0.06362500000000003 0.8648648648648649 0.935 -0.99 -0.67
0.0 0.0 0.0 0.0 0.0 0.0 0.0 0.0 0.0 0.0 0.0 0.0 0.0 2.0 0.0 0.0 0.0 0.0 0.0 0.0 0.0 0.0 0.0 1.0 0.0 0.52159375 0.8 0.939 0.579 0.42125 0.2 -0.0 0.04 0.3232121212121212 0.825 0.956 -0.95 0.517 0.054607142857142854 0.7 0.979 -0.94 -0.67 -0.0015625000000000144 0.4 0.816 -0.84 -0.11 0.3553870967741935 0.775 0.935 -0.85 0.549
0.0 1.0 0.0 0.0 0.0 0.0 0.0 0.0 0.0 0.0 1.0 1.0 0.0 0.0 0.0 0.0 0.0 0.0 0.0 0.0 1.0 0.0 0.0 0.0 0.0 0.37100000000000005 0.8888888888888888 0.831 0.075 0.83 0.1111111111111111 -0.0 0.83 0.31371428571428567 0.7777777777777778 0.95 -0.71 0.95 0.4101666666666666 0.6666666666666666 0.717 0.0 0.366 0.057800000000000004 0.5555555555555556 0.83 -0.27 -0.27 0.15071428571428572 0.7777777777777778 0.851 -0.96 0.075
0.0 0.0 1.0 0.0 0.0 0.0 2.0 0.0 1.0 0.0 0.0 2.0 0.0 0.0 0.0 0.0 0.0 0.0 0.0 0.0 0.0 0.0 0.0 1.0 0.0 0.5379473684210526 0.8636363636363636 0.93 0.93 0.7633333333333333 0.13636363636363635 -0.0 0.78 0.31484615384615383 0.5909090909090909 0.998 -0.77 0.998 0.05047368421052628 0.8636363636363636 0.862 -0.88 0.862 0.24428571428571422 0.3181818181818182 0.82 -0.23 -0.08 0.3878947368421053 0.8636363636363636 0.935 -0.85 0.598
0.0 0.0 0.0 0.0 0.0 0.0 0.0 0.0 0.0 0.0 0.0 1.0 0.0 0.0 0.0 0.0 0.0 0.0 0.0 0.0 0.0 0.0 0.0 1.0 0.0 0.37925000000000003 0.5 0.756 0.105 0.6525000000000001 0.5 -0.0 0.78 -0.09628571428571431 0.875 0.766 -0.96 -0.96 0.0728 0.625 0.747 -0.74 0.171 -0.497 0.625 0.045 -0.96 -0.81 -0.2537142857142857 0.875 0.533 -0.96 -0.75
0.0 0.0 0.0 0.0 0.0 0.0 0.0 0.0 0.0 0.0 0.0 0.0 0.0 0.0 0.0 0.0 0.0 0.0 0.0 0.0 0.0 0.0 0.0 0.0 0.0 0.45157692307692315 0.896551724137931 0.939 0.865 0.58 0.10344827586206896 -0.0 0.05 0.32565 0.6896551724137931 0.956 -0.93 0.877 0.05708 0.8620689655172413 0.979 -0.92 -0.92 -0.08708333333333336 0.41379310344827586 0.049 -0.93 0.031 0.33103846153846156 0.896551724137931 0.914 -0.94 0.795
0.0 0.0 0.0 0.0 0.0 1.0 1.0 0.0 0.0 0.0 0.0 1.0 0.0 0.0 0.0 0.0 0.0 0.0 0.0 0.0 0.0 1.0 0.0 0.0 0.0 0.37099999999999994 0.7142857142857143 0.713 0.103 0.5449999999999999 0.2857142857142857 -0.0 0.84 0.06714285714285714 1.0 0.702 -0.95 -0.95 -0.09460000000000002 0.7142857142857143 0.296 -0.65 0.235 0.05200000000000001 0.42857142857142855 0.456 -0.15 0.456 0.1808571428571429 1.0 0.788 -0.73 -0.73
0.0 0.0 0.0 0.0 0.0 0.0 0.0 0.0 1.0 0.0 0.0 0.0 0.0 1.0 0.0 0.0 0.0 0.0 0.0 0.0 0.0 0.0 0.0 1.0 0.0 0.5172916666666668 0.8 0.935 0.106 0.5299999999999999 0.2 -0.0 0.05 0.3568636363636364 0.7333333333333333 0.956 -0.74 0.295 -0.06810000000000001 0.6666666666666666 0.817 -0.94 0.142 0.16549999999999998 0.4666666666666667 0.856 -0.11 -0.08 0.3378846153846154 0.8666666666666667 0.944 -0.96 0.258
0.0 0.0 0.0 0.0 0.0 0.0 0.0 0.0 0.0 0.0 0.0 2.0 0.0 0.0 0.0 0.0 0.0 0.0 0.0 0.0 0.0 0.0 0.0 1.0 0.0 0.551705882352941 0.8095238095238095 0.939 0.681 0.6075 0.19047619047619047 -0.0 0.77 0.32188235294117645 0.8095238095238095 0.956 -0.99 0.693 0.16741666666666666 0.5714285714285714 0.979 -0.94 -0.52 -0.3375714285714286 0.3333333333333333 0.056 -0.8 0.021 0.42493333333333333 0.7142857142857143 0.947 -0.78 0.82
0.0 0.0 0.0 0.0 2.0 0.0 1.0 0.0 0.0 0.0 0.0 1.0 0.0 1.0 0.0 0.0 0.0 0.0 0.0 0.0 0.0 1.0 0.0 0.0 0.0 0.5038421052631579 0.59375 0.939 0.784 0.5669230769230769 0.40625 -0.0 0.81 0.09570370370370365 0.84375 0.956 -0.99 0.889 0.27922222222222226 0.5625 0.979 -0.9 -0.9 0.1217333333333333 0.46875 0.856 -0.86 -0.86 -0.030857142857142847 0.65625 0.935 -0.96 0.559
0.0 0.0 0.0 0.0 0.0 0.0 0.0 0.0 0.0 0.0 0.0 1.0 0.0 0.0 0.0 0.0 0.0 0.0 0.0 0.0 0.0 0.0 0.0 1.0 0.0 0.7433333333333335 0.75 0.935 0.121 0.87 0.25 -0.0 0.84 0.08166666666666668 0.75 0.956 -0.96 0.041 -0.14575 0.5 0.99 -0.94 0.157 -0.96 0.125 0.0 -0.96 -0.96 0.37812500000000004 1.0 0.996 -0.78 0.164
0.0 0.0 0.0 0.0 0.0 0.0 0.0 0.0 2.0 0.0 0.0 0.0 0.0 1.0 0.0 0.0 0.0 0.0 0.0 0.0 0.0 0.0 0.0 1.0 0.0 0.5872222222222222 0.6428571428571429 0.935 0.789 0.49000000000000005 0.35714285714285715 -0.0 0.35 0.0918181818181818 0.7857142857142857 0.956 -0.96 -0.13 0.020272727272727265 0.7857142857142857 0.919 -0.94 0.071 0.05442857142857142 0.5 0.694 -0.84 0.694 0.20275000000000007 0.8571428571428571 0.988 -0.85 -0.67
0.0 0.0 0.0 0.0 0.0 1.0 0.0 0.0 1.0 0.0 0.0 1.0 0.0 0.0 0.0 0.0 0.0 0.0 0.0 0.0 0.0 0.0 0.0 1.0 0.0 0.34925000000000006 0.7692307692307693 0.996 0.996 0.77 0.23076923076923078 -0.0 0.82 0.1124090909090909 0.8461538461538461 0.996 -0.96 0.996 0.060000000000000005 0.7307692307692307 0.983 -0.79 0.345 -0.10746153846153847 0.5 0.614 -0.96 -0.2 0.05100000000000001 0.8846153846153846 0.935 -0.99 0.378
0.0 0.0 0.0 0.0 0.0 1.0 0.0 0.0 0.0 0.0 0.0 1.0 0.0 0.0 0.0 0.0 0.0 0.0 0.0 0.0 0.0 0.0 1.0 0.0 0.0 0.4464814814814815 0.7297297297297297 0.953 0.772 0.771 0.2702702702702703 -0.0 0.93 0.1687741935483871 0.8378378378378378 0.956 -0.98 -0.96 0.02054166666666667 0.6486486486486487 0.988 -0.9 -0.51 0.4588235294117647 0.4594594594594595 0.948 -0.2 0.88 0.08803333333333338 0.8108108108108109 0.935 -0.94 -0.94
0.0 0.0 0.0 0.0 0.0 0.0 1.0 0.0 0.0 0.0 0.0 1.0 0.0 1.0 0.0 0.0 0.0 0.0 0.0 0.0 0.0 0.0 0.0 1.0 0.0 0.846 0.3333333333333333 0.846 0.846 0.8200000000000001 0.6666666666666666 -0.0 0.71 -0.815 0.6666666666666666 0.0 -0.93 -0.7 -0.94 0.3333333333333333 0.0 -0.94 -0.94 -0.825 0.6666666666666666 0.0 -0.93 -0.72 -0.09799999999999998 0.6666666666666666 0.744 -0.94 0.744
0.0 0.0 0.0 0.0 0.0 2.0 1.0 0.0 0.0 0.0 0.0 0.0 0.0 0.0 0.0 0.0 0.0 0.0 0.0 0.0 0.0 0.0 0.0 1.0 0.0 0.6301818181818182 0.6875 0.935 0.08 0.664 0.3125 -0.0 0.76 0.08845454545454542 0.6875 0.956 -0.96 -0.03 -0.010800000000000004 0.625 0.892 -0.94 0.201 -0.3316666666666667 0.375 0.0 -0.96 -0.04 0.21576923076923074 0.8125 0.953 -0.78 0.201
0.0 0.0 0.0 0.0 0.0 0.0 1.0 0.0 1.0 0.0 0.0 0.0 0.0 1.0 0.0 0.0 0.0 0.0 0.0 0.0 0.0 0.0 0.0 1.0 0.0 0.8126666666666668 0.84 0.939 0.859 0.7825 0.16 -0.0 0.76 0.5357999999999999 0.8 0.961 -0.95 0.74 -0.31216666666666665 0.48 0.979 -0.94 -0.73 -0.138 0.2 0.585 -0.93 -0.74 0.526391304347826 0.92 0.978 -0.94 0.978
0.0 0.0 0.0 0.0 0.0 2.0 1.0 0.0 3.0 0.0 0.0 0.0 0.0 2.0 0.0 0.0 0.0 0.0 0.0 0.0 0.0 0.0 1.0 0.0 0.0 0.4730625 0.8888888888888888 0.986 0.776 0.4525 0.1111111111111111 -0.0 0.75 0.3907931034482758 0.8055555555555556 0.974 -0.8 0.943 0.10907407407407409 0.75 0.999 -0.94 0.812 -0.04833333333333332 0.3333333333333333 0.801 -0.8 0.049 0.3461290322580645 0.8611111111111112 0.96 -0.96 0.74
0.0 0.0 0.0 0.0 0.0 1.0 0.0 0.0 0.0 0.0 0.0 1.0 0.0 0.0 0.0 0.0 0.0 0.0 0.0 0.0 0.0 0.0 1.0 0.0 0.0 0.4038214285714286 0.717948717948718 0.935 0.071 0.7181818181818181 0.28205128205128205 -0.0 0.72 -0.01550000000000001 0.717948717948718 0.956 -0.96 0.026 -0.023039999999999998 0.6410256410256411 0.995 -0.94 0.277 0.17114285714285718 0.358974358974359 0.882 -0.74 0.882 0.08533333333333332 0.9230769230769231 0.935 -0.85 0.116
0.0 0.0 0.0 0.0 0.0 0.0 0.0 0.0 1.0 0.0 0.0 0.0 0.0 0.0 0.0 0.0 0.0 0.0 0.0 0.0 0.0 0.0 0.0 1.0 0.0 0.4451739130434782 0.8214285714285714 0.943 0.12 0.7799999999999999 0.17857142857142858 -0.0 0.76 0.24933333333333332 0.75 0.956 -0.98 0.048 0.15555555555555556 0.6428571428571429 0.943 -0.87 0.146 0.13853846153846153 0.4642857142857143 0.856 -0.8 0.081 0.12847826086956524 0.8214285714285714 0.93 -0.97 0.12
0.0 0.0 0.0 0.0 0.0 0.0 0.0 0.0 0.0 0.0 0.0 0.0 0.0 0.0 0.0 0.0 0.0 0.0 0.0 0.0 0.0 0.0 0.0 0.0 0.0 0.432 0.8 0.864 0.864 0.31 0.2 -0.0 0.31 0.13799999999999998 0.8 0.702 -0.08 -0.08 -0.04250000000000002 0.8 0.212 -0.65 0.158 0.659 0.2 0.659 0.0 0.659 0.24219999999999997 1.0 0.864 -0.65 -0.65
0.0 0.0 0.0 0.0 0.0 1.0 0.0 0.0 1.0 0.0 0.0 0.0 0.0 1.0 0.0 0.0 0.0 0.0 0.0 0.0 0.0 0.0 0.0 1.0 0.0 0.47217647058823536 0.7083333333333334 0.935 0.156 0.23 0.2916666666666667 -0.0 0.72 0.12 0.7916666666666666 0.979 -0.77 0.203 0.1796842105263158 0.7916666666666666 0.884 -0.79 0.077 -0.007818181818181814 0.4583333333333333 0.882 -0.44 0.882 0.3187142857142858 0.875 0.998 -0.73 0.189
0.0 0.0 0.0 0.0 0.0 0.0 1.0 0.0 5.0 0.0 0.0 1.0 0.0 1.0 0.0 0.0 0.0 0.0 0.0 0.0 0.0 0.0 0.0 0.0 0.0 0.5894285714285715 0.7954545454545454 0.953 0.837 0.7544444444444445 0.20454545454545456 -0.0 0.82 0.6092258064516128 0.7045454545454546 0.967 -0.96 0.902 0.07313793103448274 0.6590909090909091 0.988 -0.95 0.772 -0.07983333333333334 0.13636363636363635 0.932 -0.81 -0.19 0.18158333333333332 0.8181818181818182 0.935 -0.96 0.706
0.0 0.0 0.0 0.0 0.0 0.0 0.0 0.0 0.0 0.0 0.0 0.0 0.0 1.0 0.0 0.0 0.0 0.0 0.0 0.0 0.0 0.0 0.0 1.0 0.0 0.6543333333333333 0.42857142857142855 0.935 0.926 0.7000000000000001 0.5714285714285714 -0.0 0.93 -0.11942857142857143 1.0 0.956 -0.97 -0.97 0.4123333333333334 0.42857142857142855 0.961 0.0 0.098 -0.11319999999999997 0.7142857142857143 0.672 -0.97 -0.97 -0.19779999999999998 0.7142857142857143 0.914 -0.84 -0.84
0.0 0.0 0.0 0.0 0.0 0.0 0.0 0.0 0.0 0.0 0.0 0.0 0.0 0.0 0.0 0.0 0.0 0.0 0.0 0.0 0.0 0.0 0.0 1.0 0.0 0.5556666666666666 0.75 0.819 0.07 0.83 0.25 -0.0 0.83 0.23124999999999998 1.0 0.855 -0.71 0.075 0.741 0.25 0.741 0.0 0.741 0.385 0.5 0.83 -0.06 -0.06 0.239 1.0 0.862 -0.96 0.203
0.0 0.0 1.0 0.0 0.0 0.0 3.0 0.0 0.0 0.0 0.0 3.0 0.0 1.0 0.0 0.0 0.0 0.0 0.0 0.0 0.0 1.0 0.0 0.0 0.0 0.3558181818181818 0.7333333333333333 0.864 0.063 0.615 0.26666666666666666 -0.0 0.66 -0.13181818181818183 0.7333333333333333 0.633 -0.89 -0.78 0.009444444444444453 0.6 0.853 -0.94 0.136 0.34142857142857136 0.4666666666666667 0.717 -0.13 0.585 0.09913333333333334 1.0 0.935 -0.97 -0.63
0.0 0.0 0.0 0.0 0.0 0.0 1.0 0.0 0.0 0.0 0.0 0.0 0.0 1.0 0.0 0.0 0.0 0.0 0.0 0.0 0.0 1.0 0.0 0.0 0.0 0.39825 0.5714285714285714 0.778 0.693 0.6033333333333334 0.42857142857142855 -0.0 0.66 -0.043857142857142865 1.0 0.705 -0.78 0.691 -0.018750000000000003 0.5714285714285714 0.186 -0.5 -0.5 0.3806 0.7142857142857143 0.816 -0.1 0.585 -0.007714285714285737 1.0 0.882 -0.85 0.882
0.0 0.0 0.0 0.0 0.0 1.0 0.0 0.0 0.0 0.0 0.0 0.0 0.0 0.0 0.0 0.0 0.0 0.0 0.0 0.0 0.0 0.0 1.0 0.0 0.0 0.5778000000000001 0.8333333333333334 0.935 0.806 0.74 0.16666666666666666 -0.0 0.74 0.27566666666666667 0.5 0.956 -0.85 -0.85 0.5145 0.6666666666666666 0.892 0.0 0.892 0.237 0.3333333333333333 0.584 -0.11 0.584 0.29800000000000004 0.8333333333333334 0.914 -0.79 -0.79
0.0 0.0 0.0 0.0 0.0 2.0 0.0 0.0 3.0 0.0 0.0 2.0 0.0 0.0 0.0 0.0 0.0 0.0 0.0 0.0 0.0 0.0 1.0 0.0 0.0 0.5437142857142857 0.875 0.939 0.103 0.8125 0.125 -0.0 0.76 0.4727727272727273 0.6875 0.995 -0.85 -0.05 0.08122727272727272 0.6875 0.979 -0.94 0.301 0.1840909090909091 0.34375 0.955 -0.71 -0.07 0.3671538461538462 0.8125 0.935 -0.96 0.241
0.0 0.0 0.0 0.0 0.0 0.0 0.0 0.0 0.0 0.0 0.0 0.0 0.0 2.0 0.0 0.0 0.0 0.0 0.0 0.0 0.0 0.0 0.0 1.0 0.0 0.5680869565217392 0.8518518518518519 0.939 0.034 0.635 0.14814814814814814 -0.0 0.76 0.34108888888888894 0.8333333333333334 0.956 -0.95 0.094 0.01669767441860467 0.7962962962962963 0.99 -0.88 -0.03 0.022444444444444447 0.3333333333333333 0.828 -0.8 0.028 0.35156097560975613 0.7592592592592593 0.935 -0.96 0.123
0.0 0.0 0.0 0.0 0.0 0.0 0.0 0.0 0.0 0.0 0.0 3.0 0.0 4.0 0.0 0.0 0.0 0.0 0.0 0.0 0.0 0.0 0.0 1.0 0.0 0.5346875 0.7619047619047619 0.976 0.258 0.844 0.23809523809523808 -0.0 0.85 0.10866666666666666 0.7142857142857143 0.995 -0.99 0.277 0.12475000000000001 0.7619047619047619 0.986 -0.99 0.161 -0.23522222222222228 0.42857142857142855 0.584 -0.8 -0.06 0.13853333333333331 0.7142857142857143 0.968 -1.0 0.337
0.0 0.0 0.0 0.0 0.0 0.0 0.0 0.0 0.0 0.0 0.0 0.0 0.0 1.0 0.0 0.0 0.0 0.0 0.0 0.0 0.0 0.0 0.0 0.0 0.0 0.6098750000000001 0.8 0.839 0.075 0.84 0.2 -0.0 0.85 0.27240000000000003 1.0 0.801 -0.8 0.037 0.3421666666666667 0.6 0.876 -0.79 0.09 -0.02025000000000002 0.4 0.83 -0.8 0.049 0.184 0.7 0.935 -0.96 0.223
0.0 0.0 0.0 0.0 0.0 0.0 2.0 0.0 0.0 0.0 0.0 2.0 0.0 0.0 0.0 0.0 0.0 0.0 0.0 0.0 0.0 1.0 0.0 0.0 0.0 0.19757142857142856 0.6363636363636364 0.839 0.052 0.79 0.36363636363636365 -0.0 0.62 -0.16377777777777777 0.8181818181818182 0.797 -0.99 -0.07 0.1975 0.5454545454545454 0.348 0.0 0.18 0.004999999999999999 0.7272727272727273 0.856 -0.94 -0.08 0.011100000000000037 0.9090909090909091 0.88 -0.82 0.188
0.0 0.0 0.0 0.0 0.0 2.0 1.0 0.0 1.0 0.0 0.0 0.0 0.0 2.0 0.0 0.0 0.0 0.0 0.0 0.0 0.0 1.0 0.0 0.0 0.0 0.5870909090909091 0.7857142857142857 0.935 0.157 0.39999999999999997 0.21428571428571427 -0.0 0.28 0.22637499999999997 0.5714285714285714 0.956 -0.08 0.082 0.269 0.5714285714285714 0.88 -0.94 0.191 0.43333333333333335 0.21428571428571427 0.775 -0.09 0.615 0.3946153846153846 0.9285714285714286 0.948 -0.93 0.198
0.0 0.0 0.0 0.0 0.0 0.0 0.0 0.0 0.0 0.0 0.0 0.0 0.0 1.0 0.0 0.0 0.0 0.0 0.0 0.0 0.0 0.0 0.0 1.0 0.0 0.5792592592592594 0.7941176470588235 0.939 0.783 0.7271428571428572 0.20588235294117646 -0.0 0.75 0.4134799999999999 0.7352941176470589 0.961 -0.96 0.702 0.20559999999999995 0.5882352941176471 0.979 -0.87 0.865 -0.17441666666666666 0.35294117647058826 0.801 -0.93 0.015 0.33315384615384613 0.7647058823529411 0.935 -0.94 0.072
0.0 0.0 0.0 0.0 0.0 1.0 0.0 0.0 2.0 0.0 0.0 2.0 0.0 0.0 0.0 0.0 0.0 0.0 0.0 0.0 0.0 0.0 0.0 0.0 0.0 0.5448333333333334 0.8181818181818182 0.935 0.092 0.5875 0.18181818181818182 -0.0 0.07 0.25823529411764706 0.7727272727272727 0.967 -0.75 -0.05 0.12378571428571429 0.6363636363636364 0.885 -0.94 0.127 0.21670000000000003 0.45454545454545453 0.9 -0.1 0.079 0.34314285714285714 0.9545454545454546 0.935 -0.96 -0.08
0.0 0.0 0.0 0.0 0.0 0.0 0.0 0.0 0.0 0.0 0.0 0.0 0.0 0.0 0.0 0.0 0.0 0.0 0.0 0.0 0.0 0.0 0.0 1.0 0.0 0.282 0.7 0.789 0.727 0.8433333333333333 0.3 -0.0 0.88 0.05442857142857144 0.7 0.676 -0.96 0.676 -0.08342857142857142 0.7 0.277 -0.79 -0.7 0.07483333333333332 0.6 0.948 -0.96 0.948 0.03840000000000001 1.0 0.935 -0.81 -0.81
0.0 0.0 0.0 0.0 0.0 0.0 0.0 0.0 1.0 0.0 0.0 0.0 0.0 0.0 0.0 0.0 0.0 0.0 0.0 0.0 0.0 0.0 0.0 0.0 0.0 0.41774999999999995 0.8 0.789 0.126 0.87 0.2 -0.0 0.87 0.10639999999999998 1.0 0.721 -0.88 -0.88 0.15349999999999997 0.8 0.858 -0.65 0.294 0.22366666666666668 0.6 0.851 -0.12 0.851 0.0875 0.8 0.788 -0.9 -0.9
0.0 0.0 0.0 0.0 1.0 1.0 0.0 0.0 0.0 0.0 0.0 0.0 0.0 0.0 0.0 0.0 0.0 0.0 0.0 0.0 0.0 0.0 0.0 1.0 0.0 0.5393703703703703 0.7105263157894737 0.935 0.693 0.6809090909090909 0.2894736842105263 -0.0 0.93 0.1533939393939394 0.868421052631579 0.956 -0.97 0.691 -0.19050000000000003 0.631578947368421 0.961 -0.85 -0.5 0.12888235294117645 0.4473684210526316 0.856 -0.97 -0.05 0.24725000000000003 0.8421052631578947 0.935 -0.94 0.882
0.0 0.0 0.0 0.0 0.0 0.0 0.0 0.0 0.0 0.0 0.0 0.0 0.0 0.0 0.0 0.0 0.0 0.0 0.0 0.0 0.0 0.0 0.0 0.0 0.0 0.5282692307692309 0.9285714285714286 0.939 0.857 0.37 0.07142857142857142 -0.0 0.71 0.44447999999999993 0.8928571428571429 0.967 -0.8 0.905 0.16935000000000003 0.7142857142857143 0.979 -0.79 0.773 0.03211111111111112 0.32142857142857145 0.522 -0.13 -0.06 0.44731999999999994 0.8928571428571429 0.935 -0.83 0.892
0.0 0.0 0.0 0.0 0.0 1.0 0.0 0.0 0.0 0.0 0.0 1.0 0.0 1.0 0.0 0.0 0.0 0.0 0.0 0.0 0.0 0.0 1.0 0.0 0.0 0.5178076923076923 0.7878787878787878 0.935 0.772 0.7 0.21212121212121213 -0.0 0.89 0.25765217391304346 0.696969696969697 0.995 -0.95 -0.78 0.1525909090909091 0.6666666666666666 0.967 -0.79 0.071 0.283 0.2727272727272727 0.915 -0.8 0.915 0.24171874999999993 0.9696969696969697 0.968 -0.99 -0.99
0.0 0.0 0.0 0.0 0.0 1.0 0.0 0.0 1.0 0.0 0.0 1.0 0.0 1.0 0.0 0.0 0.0 0.0 0.0 0.0 0.0 0.0 1.0 0.0 0.0 0.5365294117647059 0.6538461538461539 0.935 0.753 0.62 0.34615384615384615 -0.0 0.76 0.15728571428571428 0.8076923076923077 0.956 -0.84 0.686 0.03379999999999999 0.5769230769230769 0.945 -0.88 -0.77 -0.001600000000000007 0.38461538461538464 0.752 -0.93 -0.2 0.10340909090909095 0.8461538461538461 0.935 -0.98 0.797
0.0 0.0 0.0 0.0 0.0 0.0 1.0 0.0 0.0 0.0 0.0 0.0 0.0 0.0 0.0 0.0 0.0 0.0 0.0 0.0 0.0 1.0 0.0 0.0 0.0 0.5744347826086955 0.6571428571428571 0.94 0.778 0.49499999999999994 0.34285714285714286 -0.0 0.34 0.18093103448275866 0.8285714285714286 0.956 -0.99 -0.14 -0.05804999999999995 0.5714285714285714 0.979 -0.94 0.098 0.3862352941176471 0.4857142857142857 0.893 -0.15 0.662 0.12938709677419352 0.8857142857142857 0.946 -0.92 -0.65
0.0 0.0 0.0 0.0 0.0 0.0 1.0 0.0 0.0 0.0 0.0 0.0 0.0 0.0 0.0 0.0 0.0 0.0 0.0 0.0 0.0 0.0 0.0 1.0 0.0 0.7356 0.7142857142857143 0.943 0.935 0.47000000000000003 0.2857142857142857 -0.0 0.03 0.289 0.8571428571428571 0.956 -0.97 -0.02 0.621 0.42857142857142855 0.943 0.0 0.749 -0.298 0.42857142857142855 0.016 -0.81 0.016 0.2016 0.7142857142857143 0.914 -0.95 -0.04
0.0 0.0 0.0 0.0 0.0 0.0 0.0 0.0 0.0 0.0 0.0 1.0 0.0 0.0 0.0 0.0 0.0 0.0 0.0 0.0 0.0 0.0 0.0 1.0 0.0 0.5014347826086957 0.7419354838709677 0.943 0.748 0.6525 0.25806451612903225 -0.0 0.88 0.13188888888888886 0.8709677419354839 0.988 -0.98 0.777 0.20577777777777773 0.5806451612903226 0.979 -0.85 -0.85 0.11976923076923078 0.41935483870967744 0.944 -0.99 0.026 0.12617391304347822 0.7419354838709677 0.935 -0.99 0.615
0.0 0.0 0.0 0.0 2.0 0.0 1.0 0.0 0.0 0.0 0.0 2.0 0.0 0.0 0.0 0.0 0.0 0.0 0.0 0.0 0.0 1.0 0.0 0.0 0.0 0.5522173913043478 0.7931034482758621 0.939 0.935 0.59 0.20689655172413793 -0.0 0.17 0.31200000000000006 0.8620689655172413 0.956 -0.96 0.956 0.06588888888888894 0.6206896551724138 0.979 -0.94 -0.94 0.05544444444444445 0.3103448275862069 0.882 -0.78 -0.08 0.278 0.7931034482758621 0.935 -0.96 0.914
0.0 0.0 0.0 0.0 0.0 0.0 1.0 0.0 2.0 0.0 0.0 0.0 0.0 0.0 0.0 0.0 0.0 0.0 0.0 0.0 0.0 1.0 0.0 0.0 0.0 0.2671111111111111 0.8181818181818182 0.864 0.864 0.855 0.18181818181818182 -0.0 0.88 0.1315 0.9090909090909091 0.878 -0.71 0.878 0.19214285714285717 0.6363636363636364 0.286 0.0 0.112 0.1967142857142857 0.6363636363636364 0.948 -0.18 -0.06 0.13218181818181815 1.0 0.851 -0.96 0.85
0.0 0.0 0.0 0.0 0.0 0.0 0.0 0.0 0.0 0.0 0.0 0.0 0.0 1.0 0.0 0.0 0.0 0.0 0.0 0.0 0.0 0.0 0.0 1.0 0.0 0.641090909090909 0.6875 0.939 0.855 0.388 0.3125 -0.0 0.35 0.27799999999999997 0.8125 0.956 -0.87 -0.13 0.11930769230769231 0.8125 0.979 -0.94 0.071 -0.03675000000000003 0.5 0.694 -0.8 0.694 0.2540714285714286 0.875 0.935 -0.94 -0.67
0.0 0.0 0.0 0.0 0.0 0.0 1.0 0.0 0.0 0.0 0.0 0.0 0.0 1.0 0.0 0.0 0.0 0.0 0.0 0.0 0.0 0.0 0.0 1.0 0.0 0.6883000000000001 0.625 0.935 0.935 0.48833333333333334 0.375 -0.0 0.06 0.20706666666666665 0.9375 0.956 -0.93 -0.08 0.1441111111111111 0.5625 0.85 -0.79 -0.03 0.117 0.4375 0.872 -0.93 -0.08 0.19113333333333335 0.9375 0.914 -0.94 -0.14
0.0 0.0 0.0 0.0 0.0 1.0 1.0 0.0 0.0 0.0 0.0 0.0 0.0 1.0 0.0 0.0 0.0 0.0 0.0 0.0 0.0 0.0 0.0 0.0 0.0 0.5788518518518518 0.84375 0.935 0.766 0.716 0.15625 -0.0 0.66 0.34149999999999997 0.875 0.97 -0.78 0.719 0.04563157894736842 0.59375 0.919 -0.94 0.812 0.42355555555555546 0.28125 0.829 -0.2 -0.08 0.33534615384615374 0.8125 0.944 -0.85 0.769
0.0 0.0 0.0 0.0 0.0 0.0 1.0 0.0 0.0 0.0 0.0 0.0 0.0 0.0 0.0 0.0 0.0 0.0 0.0 0.0 0.0 1.0 0.0 0.0 0.0 0.67225 0.8 0.935 0.16 0.86 0.2 -0.0 0.86 0.34199999999999997 1.0 0.956 -0.99 -0.99 0.18399999999999997 0.6 0.858 -0.65 0.344 -0.47 0.4 0.0 -0.73 -0.73 0.6903333333333332 0.6 0.914 0.0 0.369
0.0 0.0 0.0 0.0 0.0 2.0 0.0 0.0 2.0 0.0 0.0 1.0 0.0 0.0 0.0 0.0 0.0 0.0 0.0 0.0 0.0 0.0 0.0 0.0 0.0 0.5668823529411765 0.7391304347826086 0.943 0.89 0.6816666666666666 0.2608695652173913 -0.0 0.7 0.17640000000000003 0.8695652173913043 0.956 -0.95 0.849 0.08078571428571427 0.6086956521739131 0.979 -0.89 -0.89 0.37 0.43478260869565216 0.82 -0.24 0.647 0.16666666666666669 0.782608695652174 0.935 -0.97 0.924
0.0 0.0 0.0 0.0 0.0 0.0 1.0 0.0 0.0 0.0 0.0 1.0 0.0 1.0 0.0 0.0 0.0 0.0 0.0 0.0 0.0 1.0 0.0 0.0 0.0 0.5136521739130435 0.71875 0.935 0.817 0.44555555555555554 0.28125 -0.0 0.61 0.3001111111111111 0.84375 0.981 -0.78 0.819 0.1263125 0.5 0.812 -0.92 0.812 0.03825 0.375 0.773 -0.9 0.57 0.26452000000000003 0.78125 0.914 -0.85 0.816
0.0 0.0 0.0 0.0 0.0 0.0 1.0 0.0 0.0 0.0 0.0 0.0 0.0 0.0 0.0 0.0 0.0 0.0 0.0 0.0 0.0 0.0 0.0 0.0 0.0 0.5893333333333334 0.75 0.886 0.103 0.78 0.25 -0.0 0.78 0.04400000000000001 0.75 0.784 -0.75 0.098 0.6676666666666667 0.75 0.99 0.0 0.249 0.32999999999999996 0.5 0.82 -0.16 -0.16 0.6016666666666667 0.75 0.79 0.0 0.233
0.0 0.0 0.0 0.0 0.0 0.0 1.0 0.0 0.0 0.0 0.0 3.0 0.0 0.0 0.0 0.0 0.0 0.0 0.0 0.0 0.0 1.0 0.0 0.0 0.0 0.506695652173913 0.9019607843137255 0.939 0.048 0.8399999999999999 0.09803921568627451 -0.0 0.74 0.413780487804878 0.803921568627451 0.986 -0.94 -0.1 0.08248648648648645 0.7254901960784313 0.979 -0.95 0.14 -0.20645454545454545 0.21568627450980393 0.049 -0.74 -0.11 0.4291621621621623 0.7254901960784313 0.935 -0.95 0.105
0.0 0.0 0.0 0.0 0.0 0.0 0.0 0.0 0.0 0.0 0.0 0.0 0.0 1.0 0.0 0.0 0.0 0.0 0.0 0.0 0.0 0.0 0.0 1.0 0.0 0.5018999999999999 0.8333333333333334 0.935 0.84 0.675 0.16666666666666666 -0.0 0.93 0.30721739130434783 0.9583333333333334 1.0 -0.99 0.803 -0.08692857142857144 0.5833333333333334 0.895 -0.85 -0.81 0.2198571428571428 0.2916666666666667 0.936 -0.09 -0.09 0.3087727272727273 0.9166666666666666 0.996 -0.98 0.903
0.0 0.0 0.0 0.0 0.0 1.0 1.0 0.0 0.0 0.0 0.0 1.0 0.0 0.0 0.0 0.0 0.0 0.0 0.0 0.0 0.0 1.0 0.0 0.0 0.0 0.5702 0.7142857142857143 0.947 0.103 0.7725 0.2857142857142857 -0.0 0.78 0.13016666666666668 0.8571428571428571 1.0 -0.82 0.098 0.2724285714285714 0.5 0.979 -0.65 0.249 0.3938571428571428 0.5 0.99 -0.16 -0.16 0.24833333333333332 0.8571428571428571 0.968 -0.87 0.233
0.0 0.0 0.0 0.0 0.0 0.0 1.0 0.0 0.0 0.0 0.0 2.0 0.0 0.0 0.0 0.0 0.0 0.0 0.0 0.0 0.0 0.0 0.0 1.0 0.0 0.5670357142857144 0.9333333333333333 0.986 0.919 0.95 0.06666666666666667 -0.0 0.93 0.3768571428571428 0.7 0.986 -0.99 -0.87 0.060136363636363634 0.7333333333333333 0.983 -0.94 -0.87 0.19574999999999998 0.13333333333333333 0.964 -0.13 0.964 0.43788 0.8333333333333334 0.965 -1.0 -1.0
0.0 0.0 0.0 0.0 1.0 1.0 0.0 0.0 1.0 0.0 0.0 3.0 0.0 0.0 0.0 0.0 0.0 0.0 0.0 0.0 0.0 0.0 1.0 0.0 0.0 0.45990909090909093 0.868421052631579 0.966 0.358 0.514 0.13157894736842105 -0.0 0.07 0.3954827586206898 0.7631578947368421 1.0 -0.98 -0.11 0.3411666666666667 0.631578947368421 0.98 -0.65 -0.04 0.09100000000000001 0.3157894736842105 0.773 -0.23 0.773 0.3037096774193548 0.8157894736842105 0.914 -0.96 -0.13
0.0 0.0 0.0 0.0 0.0 0.0 1.0 0.0 1.0 0.0 0.0 2.0 0.0 1.0 0.0 0.0 0.0 0.0 0.0 0.0 0.0 1.0 0.0 0.0 0.0 0.57236 0.8928571428571429 0.939 0.779 0.5666666666666668 0.10714285714285714 -0.0 0.66 0.3844166666666666 0.8571428571428571 0.956 -0.9 0.706 0.26084999999999997 0.7142857142857143 0.99 -0.79 0.779 0.12755555555555553 0.32142857142857145 0.786 -0.2 -0.08 0.38152173913043486 0.8214285714285714 0.935 -0.99 0.111
0.0 0.0 0.0 0.0 0.0 0.0 0.0 0.0 0.0 0.0 0.0 0.0 0.0 0.0 0.0 0.0 0.0 0.0 0.0 0.0 0.0 0.0 0.0 1.0 0.0 0.8065 1.0 0.891 0.744 0.0 0.0 -0.0 -0.0 0.8032500000000001 1.0 0.918 0.0 0.781 0.3993333333333333 0.75 0.984 -0.65 0.984 0.0 0.0 0.0 0.0 0.0 0.7773333333333333 0.75 0.838 0.0 0.706
0.0 0.0 0.0 0.0 0.0 3.0 1.0 0.0 1.0 0.0 0.0 0.0 0.0 0.0 0.0 0.0 0.0 0.0 0.0 0.0 0.0 0.0 1.0 0.0 0.0 0.5374 0.7894736842105263 0.935 0.71 0.5275000000000001 0.21052631578947367 -0.0 0.04 0.11714285714285712 0.7368421052631579 0.956 -0.89 0.769 -0.2209090909090909 0.5789473684210527 0.96 -0.94 -0.61 0.19728571428571431 0.3684210526315789 0.672 -0.21 -0.21 0.3687222222222222 0.9473684210526315 0.935 -0.69 0.746
0.0 0.0 0.0 0.0 0.0 0.0 0.0 0.0 0.0 1.0 0.0 0.0 0.0 0.0 0.0 0.0 0.0 0.0 0.0 1.0 0.0 0.0 0.0 0.0 0.0 0.135 0.6666666666666666 0.147 0.147 0.78 0.3333333333333333 -0.0 0.78 -0.17066666666666666 1.0 0.147 -0.75 0.091 0.1235 0.6666666666666666 0.126 0.0 0.121 0.365 0.6666666666666666 0.82 -0.09 -0.09 0.2715 0.6666666666666666 0.314 0.0 0.229
0.0 0.0 0.0 0.0 0.0 0.0 1.0 0.0 0.0 0.0 0.0 0.0 0.0 0.0 0.0 0.0 0.0 0.0 0.0 0.0 0.0 1.0 0.0 0.0 0.0 0.7625 1.0 0.779 0.746 0.0 0.0 -0.0 -0.0 0.7535000000000001 1.0 0.784 0.0 0.723 0.764 0.5 0.764 0.0 0.764 0.0 0.0 0.0 0.0 0.0 0.7795000000000001 1.0 0.79 0.0 0.769
0.0 0.0 1.0 0.0 0.0 0.0 2.0 0.0 0.0 0.0 0.0 0.0 0.0 0.0 0.0 0.0 0.0 0.0 0.0 0.0 0.0 0.0 0.0 0.0 0.0 0.577 1.0 0.886 0.101 0.0 0.0 -0.0 -0.0 0.781 0.3333333333333333 0.781 0.0 0.781 0.61 0.6666666666666666 0.99 0.0 0.23 -0.12 0.3333333333333333 0.0 -0.12 -0.12 0.5619999999999999 1.0 0.782 0.0 0.198
0.0 0.0 0.0 0.0 0.0 0.0 1.0 0.0 1.0 0.0 0.0 0.0 0.0 1.0 0.0 0.0 0.0 0.0 0.0 0.0 0.0 0.0 0.0 1.0 0.0 0.6657500000000001 0.8 0.935 0.727 0.5875 0.2 -0.0 0.75 0.4875882352941177 0.85 0.997 -0.79 -0.79 0.019076923076923078 0.65 0.915 -0.94 -0.94 -0.11300000000000003 0.3 0.752 -0.74 -0.04 0.4103529411764706 0.85 0.969 -0.81 -0.71
0.0 0.0 0.0 0.0 0.0 0.0 1.0 0.0 0.0 1.0 0.0 0.0 0.0 0.0 0.0 0.0 0.0 0.0 0.0 1.0 0.0 0.0 0.0 0.0 0.0 0.3675 0.8571428571428571 0.926 0.778 0.05 0.14285714285714285 -0.0 0.05 0.44699999999999995 0.7142857142857143 0.961 -0.07 0.839 0.3507142857142857 1.0 0.916 -0.01 0.718 -0.11775 0.5714285714285714 0.029 -0.21 -0.21 0.3456 0.7142857142857143 0.901 0.0 0.203
0.0 0.0 0.0 0.0 0.0 0.0 1.0 0.0 0.0 0.0 0.0 0.0 0.0 0.0 0.0 0.0 0.0 0.0 0.0 0.0 0.0 1.0 0.0 0.0 0.0 0.628 0.8333333333333334 0.935 0.903 0.77 0.16666666666666666 -0.0 0.77 0.5948 0.8333333333333334 0.97 -0.62 0.746 0.6143333333333333 0.5 0.97 0.0 0.97 0.745 0.3333333333333333 0.773 0.0 0.717 0.3816 0.8333333333333334 0.994 -0.97 0.994
0.0 0.0 0.0 0.0 0.0 0.0 0.0 0.0 1.0 0.0 0.0 0.0 0.0 0.0 0.0 0.0 0.0 0.0 0.0 0.0 0.0 0.0 0.0 1.0 0.0 0.7411428571428572 1.0 0.926 0.887 0.0 0.0 -0.0 -0.0 0.702 0.7142857142857143 0.961 -0.04 0.868 0.3738 0.7142857142857143 0.916 -0.87 0.885 -0.08 0.14285714285714285 0.0 -0.08 -0.08 0.6998000000000001 0.7142857142857143 0.901 0.0 0.889
0.0 0.0 0.0 0.0 0.0 0.0 2.0 0.0 0.0 0.0 0.0 0.0 0.0 0.0 0.0 0.0 0.0 0.0 0.0 0.0 0.0 1.0 0.0 0.0 0.0 0.7692857142857144 0.875 0.97 0.939 0.73 0.125 -0.0 0.73 0.571125 1.0 0.956 -0.83 0.899 0.7416 0.625 0.991 0.0 0.979 0.20650000000000002 0.25 0.513 -0.1 0.513 0.3854000000000001 0.625 0.914 -0.86 -0.86
0.0 0.0 0.0 0.0 0.0 0.0 1.0 0.0 0.0 1.0 0.0 0.0 0.0 0.0 0.0 0.0 0.0 0.0 0.0 1.0 0.0 0.0 0.0 0.0 0.0 0.615 1.0 0.879 0.109 0.0 0.0 -0.0 -0.0 0.5823333333333334 1.0 0.905 0.0 0.075 0.6473333333333334 1.0 0.992 0.0 0.177 0.0 0.0 0.0 0.0 0.0 0.484 0.6666666666666666 0.892 0.0 0.076
0.0 0.0 1.0 0.0 0.0 2.0 2.0 0.0 0.0 0.0 0.0 0.0 1.0 1.0 0.0 0.0 0.0 0.0 0.0 0.0 0.0 1.0 0.0 0.0 0.0 0.5346470588235295 0.8793103448275862 0.939 0.895 0.5114285714285715 0.1206896551724138 -0.0 0.27 0.3471521739130435 0.7931034482758621 0.971 -0.91 0.893 0.10151162790697672 0.7413793103448276 0.979 -0.94 0.239 -0.03464285714285716 0.2413793103448276 0.614 -0.8 -0.44 0.4225625 0.8275862068965517 0.959 -0.92 0.898
0.0 0.0 1.0 0.0 2.0 0.0 3.0 0.0 0.0 0.0 0.0 0.0 0.0 0.0 0.0 0.0 0.0 0.0 2.0 0.0 0.0 1.0 0.0 0.0 0.0 0.0 0.0 0.0 0.0 0.0 0.0 -0.0 -0.0 0.0 0.0 0.0 0.0 0.0 0.0 0.0 0.0 0.0 0.0 0.0 0.0 0.0 0.0 0.0 0.0 0.0 0.0 0.0 0.0
0.0 0.0 0.0 0.0 0.0 0.0 1.0 0.0 0.0 1.0 0.0 0.0 0.0 0.0 0.0 0.0 0.0 0.0 0.0 0.0 0.0 1.0 0.0 0.0 0.0 0.7156 1.0 0.943 0.859 0.0 0.0 -0.0 -0.0 0.6496666666666666 0.6 0.931 0.0 0.295 0.658 0.6 0.943 0.0 0.792 0.049 0.2 0.049 0.0 0.049 0.68825 0.8 0.925 0.0 0.925
0.0 0.0 0.0 0.0 1.0 0.0 1.0 0.0 0.0 0.0 0.0 0.0 0.0 0.0 0.0 0.0 0.0 0.0 0.0 0.0 0.0 0.0 0.0 0.0 1.0 0.529 1.0 0.748 0.095 0.0 0.0 -0.0 -0.0 0.7785 0.6666666666666666 0.781 0.0 0.776 0.097 0.3333333333333333 0.097 0.0 0.097 0.0 0.0 0.0 0.0 0.0 0.5063333333333334 1.0 0.721 0.0 0.092
0.0 0.0 0.0 0.0 0.0 0.0 1.0 0.0 0.0 0.0 0.0 0.0 0.0 0.0 0.0 0.0 0.0 0.0 0.0 0.0 0.0 1.0 0.0 0.0 0.0 0.6512 1.0 0.892 0.823 0.0 0.0 -0.0 -0.0 0.5135 0.8 0.967 -0.07 0.967 0.06659999999999999 1.0 0.892 -0.79 0.795 -0.1 0.2 0.0 -0.1 -0.1 0.6625 0.8 0.935 0.0 0.706
0.0 0.0 0.0 0.0 0.0 0.0 1.0 0.0 0.0 0.0 0.0 1.0 0.0 0.0 0.0 0.0 0.0 0.0 0.0 0.0 0.0 0.0 0.0 1.0 0.0 0.6723333333333334 0.8571428571428571 0.84 0.84 0.76 0.14285714285714285 -0.0 0.76 0.43071428571428566 1.0 0.829 -0.72 0.803 0.1475 0.8571428571428571 0.896 -0.81 -0.81 0.752 0.14285714285714285 0.752 0.0 0.752 0.44850000000000007 0.8571428571428571 0.935 -0.81 0.903
0.0 0.0 0.0 0.0 0.0 0.0 1.0 0.0 0.0 0.0 0.0 1.0 0.0 0.0 0.0 0.0 0.0 0.0 0.0 0.0 0.0 0.0 0.0 1.0 0.0 0.41300000000000003 0.9 0.886 0.858 0.74 0.1 -0.0 0.74 0.2717777777777778 0.9 0.985 -0.85 0.791 0.463 0.8 0.924 0.0 0.924 -0.031 0.6 0.584 -0.26 -0.23 0.16814285714285712 0.7 0.706 -0.79 0.706
0.0 0.0 0.0 0.0 0.0 0.0 1.0 0.0 0.0 0.0 0.0 0.0 0.0 0.0 0.0 0.0 0.0 0.0 0.0 0.0 0.0 0.0 0.0 1.0 0.0 0.7986666666666666 0.75 0.906 0.746 0.66 0.25 -0.0 0.66 0.416 1.0 0.94 -0.78 0.723 -0.87 0.25 0.0 -0.87 -0.87 0.585 0.25 0.585 0.0 0.585 0.2816666666666667 0.75 0.769 -0.63 0.769
0.0 0.0 0.0 0.0 0.0 0.0 1.0 0.0 0.0 0.0 0.0 0.0 0.0 1.0 0.0 0.0 0.0 0.0 0.0 0.0 0.0 1.0 0.0 0.0 0.0 0.5085714285714286 0.7777777777777778 0.883 0.819 0.42 0.2222222222222222 -0.0 0.7 0.12575000000000003 0.8888888888888888 0.777 -0.75 0.777 -0.24471428571428572 0.7777777777777778 0.311 -0.94 -0.88 0.0786 0.5555555555555556 0.614 -0.11 0.614 0.3234444444444444 1.0 0.996 -0.74 0.79
0.0 0.0 0.0 0.0 0.0 0.0 2.0 0.0 3.0 0.0 0.0 2.0 0.0 1.0 0.0 0.0 0.0 0.0 0.0 0.0 0.0 1.0 0.0 0.0 0.0 0.4424 0.8695652173913043 0.935 0.885 0.4166666666666667 0.13043478260869565 -0.0 0.78 0.30394736842105263 0.8260869565217391 0.99 -0.78 0.882 0.14686111111111114 0.782608695652174 0.992 -0.94 0.887 -0.05912500000000001 0.34782608695652173 0.748 -0.21 0.748 0.3133513513513514 0.8043478260869565 0.958 -0.81 -0.81
0.0 0.0 0.0 0.0 0.0 0.0 2.0 0.0 0.0 0.0 0.0 0.0 0.0 0.0 0.0 0.0 0.0 0.0 0.0 0.0 0.0 1.0 0.0 0.0 0.0 0.5156666666666666 0.75 0.746 0.74 0.78 0.25 -0.0 0.78 0.23174999999999998 1.0 0.994 -0.75 0.994 -0.275 0.5 0.11 -0.66 -0.66 0.82 0.25 0.82 0.0 0.82 0.48233333333333334 0.75 0.769 0.0 0.562
0.0 0.0 0.0 0.0 1.0 0.0 1.0 0.0 0.0 0.0 0.0 1.0 0.0 0.0 0.0 0.0 0.0 0.0 0.0 0.0 0.0 0.0 0.0 0.0 1.0 0.6088666666666668 0.75 0.939 0.884 0.6519999999999999 0.25 -0.0 0.87 0.2515625 0.8 1.0 -0.98 0.929 0.43453846153846154 0.65 0.99 -0.65 0.861 0.07066666666666666 0.3 0.856 -0.72 -0.21 0.19711764705882354 0.85 0.914 -0.99 0.862
0.0 0.0 0.0 0.0 0.0 0.0 2.0 0.0 1.0 0.0 0.0 0.0 0.0 0.0 0.0 0.0 0.0 0.0 0.0 0.0 0.0 1.0 0.0 0.0 0.0 0.5726666666666667 0.8 0.935 0.789 0.5333333333333333 0.2 -0.0 0.84 0.3001538461538461 0.8666666666666667 1.0 -0.78 -0.69 -0.2364 0.6666666666666666 0.893 -0.95 -0.79 0.1807142857142857 0.4666666666666667 0.998 -0.15 0.998 0.401 1.0 0.947 -0.84 -0.84
0.0 0.0 0.0 0.0 0.0 0.0 1.0 0.0 0.0 0.0 0.0 1.0 0.0 0.0 0.0 0.0 0.0 0.0 0.0 0.0 0.0 1.0 0.0 0.0 0.0 0.0 0.0 0.0 0.0 0.0 0.0 -0.0 -0.0 0.0 0.0 0.0 0.0 0.0 0.0 0.0 0.0 0.0 0.0 0.0 0.0 0.0 0.0 0.0 0.0 0.0 0.0 0.0 0.0
0.0 0.0 0.0 0.0 0.0 0.0 1.0 0.0 0.0 0.0 0.0 1.0 0.0 0.0 0.0 0.0 0.0 0.0 0.0 0.0 0.0 1.0 0.0 0.0 0.0 0.444625 0.8 0.935 0.064 0.75 0.2 -0.0 0.66 0.14650000000000002 1.0 0.956 -0.85 0.093 -0.03599999999999999 0.5 0.338 -0.79 -0.04 0.1748333333333333 0.6 0.833 -0.21 0.031 0.35437500000000005 0.8 0.935 -0.63 0.153
0.0 0.0 0.0 0.0 0.0 0.0 0.0 0.0 1.0 0.0 0.0 1.0 0.0 0.0 0.0 0.0 0.0 0.0 0.0 0.0 0.0 0.0 0.0 1.0 0.0 0.4638333333333333 0.9230769230769231 0.939 0.09 0.93 0.07692307692307693 -0.0 0.93 0.508625 0.6153846153846154 0.899 -0.03 -0.03 0.2101 0.7692307692307693 0.979 -0.85 0.212 -0.245 0.3076923076923077 0.081 -0.86 0.081 0.2821818181818182 0.8461538461538461 0.893 -0.99 0.093
0.0 0.0 0.0 0.0 1.0 0.0 2.0 0.0 0.0 0.0 0.0 0.0 0.0 0.0 0.0 0.0 0.0 0.0 0.0 0.0 0.0 1.0 0.0 0.0 0.0 0.6151428571428571 1.0 0.911 0.84 0.0 0.0 -0.0 -0.0 0.6284285714285714 1.0 0.967 -0.04 0.803 0.20939999999999995 0.7142857142857143 0.795 -0.81 -0.81 0.049 0.14285714285714285 0.049 0.0 0.049 0.6357142857142858 1.0 0.958 0.0 0.903
0.0 0.0 0.0 0.0 0.0 1.0 2.0 0.0 1.0 0.0 0.0 0.0 0.0 1.0 0.0 0.0 0.0 0.0 0.0 0.0 0.0 1.0 0.0 0.0 0.0 0.5420000000000001 0.9 0.935 0.766 0.37 0.1 -0.0 0.7 0.3934705882352942 0.85 0.956 -0.75 0.719 0.17346666666666669 0.75 0.842 -0.94 0.812 0.0726 0.25 0.614 -0.21 -0.21 0.44129411764705884 0.85 0.935 -0.74 0.243
0.0 0.0 0.0 0.0 0.0 0.0 1.0 0.0 0.0 0.0 0.0 1.0 0.0 0.0 0.0 0.0 0.0 0.0 0.0 0.0 0.0 1.0 0.0 0.0 0.0 0.4706666666666666 1.0 0.858 0.072 0.0 0.0 -0.0 -0.0 0.5684 0.8333333333333334 0.995 -0.02 -0.02 0.46799999999999997 0.8333333333333334 0.924 0.0 0.119 -0.037 0.5 0.049 -0.11 -0.05 0.44539999999999996 0.8333333333333334 0.773 0.0 0.151
0.0 0.0 0.0 0.0 0.0 0.0 0.0 0.0 1.0 0.0 0.0 0.0 0.0 0.0 0.0 0.0 0.0 0.0 0.0 0.0 0.0 0.0 0.0 1.0 0.0 0.2942222222222222 0.9 0.911 0.262 0.87 0.1 -0.0 0.87 0.1625 1.0 0.865 -0.99 0.43 0.2732857142857143 0.7 0.657 0.0 0.657 -0.18533333333333335 0.6 0.049 -0.74 -0.28 0.3546666666666666 0.9 0.958 0.0 0.244
0.0 0.0 0.0 0.0 0.0 0.0 1.0 0.0 0.0 0.0 0.0 0.0 0.0 0.0 0.0 0.0 0.0 0.0 0.0 0.0 0.0 1.0 0.0 0.0 0.0 0.4003529411764706 0.8095238095238095 0.935 0.088 0.7950000000000002 0.19047619047619047 -0.0 0.78 0.1303333333333333 0.8571428571428571 0.995 -0.99 0.098 0.04275000000000001 0.5714285714285714 0.722 -0.94 0.069 0.20299999999999999 0.47619047619047616 0.82 -0.16 -0.16 0.4112941176470588 0.8095238095238095 0.935 -0.7 0.108
0.0 0.0 0.0 0.0 0.0 0.0 1.0 0.0 0.0 0.0 0.0 0.0 0.0 0.0 0.0 0.0 0.0 0.0 0.0 0.0 0.0 0.0 0.0 0.0 0.0 0.4517142857142857 0.7777777777777778 0.935 0.07 0.42500000000000004 0.2222222222222222 -0.0 0.07 0.20814285714285713 0.7777777777777778 0.956 -0.75 0.075 0.48919999999999997 0.5555555555555556 0.954 0.0 0.954 0.09999999999999999 0.4444444444444444 0.82 -0.27 -0.06 0.5137142857142857 0.7777777777777778 0.914 0.0 0.203
0.0 0.0 0.0 0.0 0.0 1.0 3.0 0.0 1.0 0.0 0.0 1.0 0.0 0.0 0.0 0.0 0.0 0.0 0.0 0.0 0.0 0.0 0.0 0.0 0.0 0.5258333333333333 0.8780487804878049 0.935 0.083 0.476 0.12195121951219512 -0.0 0.13 0.43286666666666673 0.7317073170731707 0.972 -0.77 -0.29 0.15658064516129033 0.7560975609756098 0.99 -0.88 0.141 0.07668749999999995 0.3902439024390244 0.856 -0.22 -0.22 0.3835294117647059 0.8292682926829268 0.953 -0.85 0.108
0.0 0.0 0.0 0.0 0.0 0.0 1.0 0.0 0.0 0.0 0.0 0.0 0.0 0.0 0.0 0.0 0.0 0.0 0.0 0.0 0.0 1.0 0.0 0.0 0.0 0.4215 0.6666666666666666 0.746 0.746 0.78 0.3333333333333333 -0.0 0.78 -0.013500000000000012 0.6666666666666666 0.723 -0.75 0.723 0.081 0.3333333333333333 0.081 0.0 0.081 0.82 0.3333333333333333 0.82 0.0 0.82 0.4405 0.6666666666666666 0.769 0.0 0.769
0.0 0.0 0.0 0.0 0.0 0.0 1.0 0.0 0.0 0.0 0.0 2.0 0.0 0.0 0.0 0.0 0.0 0.0 0.0 0.0 0.0 1.0 0.0 0.0 0.0 0.413 0.9090909090909091 0.939 0.08 0.04 0.09090909090909091 -0.0 0.04 0.3337 0.9090909090909091 0.956 -0.08 -0.04 0.24033333333333337 0.8181818181818182 0.979 -0.79 0.228 -0.06583333333333334 0.5454545454545454 0.014 -0.17 -0.1 0.40790000000000004 0.9090909090909091 0.935 -0.04 0.238
0.0 0.0 0.0 0.0 0.0 0.0 2.0 0.0 1.0 0.0 0.0 0.0 0.0 0.0 0.0 0.0 0.0 0.0 0.0 0.0 0.0 1.0 0.0 0.0 0.0 0.6463000000000001 0.8 0.939 0.861 0.33799999999999997 0.2 -0.0 0.07 0.47052173913043477 0.92 0.956 -0.75 -0.07 0.21937499999999993 0.64 0.979 -0.81 -0.79 0.16862499999999997 0.32 0.981 -0.17 0.009 0.4245500000000001 0.8 0.969 -0.98 -0.12
1.0 0.0 1.0 0.0 0.0 0.0 3.0 0.0 0.0 4.0 0.0 0.0 0.0 0.0 0.0 0.0 0.0 0.0 0.0 1.0 0.0 0.0 0.0 0.0 0.0 0.0 0.0 0.0 0.0 0.0 0.0 -0.0 -0.0 0.0 0.0 0.0 0.0 0.0 0.0 0.0 0.0 0.0 0.0 0.0 0.0 0.0 0.0 0.0 0.0 0.0 0.0 0.0 0.0
0.0 0.0 0.0 0.0 0.0 0.0 1.0 0.0 0.0 0.0 0.0 0.0 0.0 0.0 0.0 0.0 0.0 0.0 0.0 0.0 0.0 1.0 0.0 0.0 0.0 0.6159166666666667 1.0 0.935 0.857 0.0 0.0 -0.0 -0.0 0.7266666666666667 0.75 0.979 0.0 0.905 -0.036111111111111094 0.75 0.795 -0.94 0.773 0.0 0.0 0.0 0.0 0.0 0.582 0.9166666666666666 0.914 0.0 0.892
0.0 0.0 0.0 0.0 0.0 0.0 1.0 0.0 0.0 0.0 0.0 0.0 0.0 0.0 0.0 0.0 0.0 0.0 0.0 0.0 0.0 1.0 0.0 0.0 0.0 0.7565 0.6666666666666666 0.821 0.821 0.78 0.3333333333333333 -0.0 0.78 -0.09200000000000003 0.6666666666666666 0.566 -0.75 0.566 -0.04500000000000004 0.6666666666666666 0.82 -0.91 0.82 0.82 0.3333333333333333 0.82 0.0 0.82 0.7104999999999999 0.6666666666666666 0.822 0.0 0.822
0.0 0.0 2.0 0.0 0.0 0.0 5.0 0.0 0.0 0.0 0.0 0.0 0.0 0.0 0.0 0.0 0.0 0.0 0.0 0.0 0.0 1.0 0.0 0.0 0.0 0.7361428571428571 1.0 0.943 0.043 0.0 0.0 -0.0 -0.0 0.61825 0.5714285714285714 0.905 -0.06 -0.06 0.7303333333333333 0.8571428571428571 0.99 0.0 0.083 -0.04 0.14285714285714285 0.0 -0.04 -0.04 0.7261666666666667 0.8571428571428571 0.892 0.0 0.2
0.0 0.0 0.0 0.0 0.0 0.0 1.0 0.0 0.0 0.0 0.0 0.0 0.0 0.0 0.0 0.0 0.0 0.0 0.0 0.0 0.0 0.0 0.0 1.0 0.0 0.59 0.7 0.829 0.829 0.7266666666666667 0.3 -0.0 0.66 0.194 1.0 0.928 -0.78 -0.78 -0.5880000000000001 0.4 0.178 -0.87 -0.87 0.349 0.4 0.82 -0.09 0.585 0.31766666666666665 0.9 0.935 -0.74 -0.63
0.0 0.0 1.0 0.0 0.0 0.0 2.0 0.0 0.0 0.0 0.0 0.0 0.0 0.0 0.0 0.0 0.0 0.0 0.0 0.0 0.0 0.0 0.0 1.0 0.0 0.4765 0.6666666666666666 0.83 0.83 0.66 0.3333333333333333 -0.0 0.66 0.12233333333333334 1.0 1.0 -0.78 1.0 0.126 0.3333333333333333 0.126 0.0 0.126 0.2475 0.6666666666666666 0.585 -0.09 0.585 0.11466666666666668 1.0 0.66 -0.63 0.66
0.0 0.0 0.0 0.0 1.0 0.0 2.0 0.0 0.0 0.0 0.0 3.0 0.0 0.0 0.0 0.0 0.0 0.0 0.0 0.0 0.0 0.0 0.0 0.0 0.0 0.456125 0.8 0.939 0.044 0.605 0.2 -0.0 0.04 0.3329333333333333 0.75 0.905 -0.75 0.023 0.2969230769230769 0.65 0.985 -0.79 0.141 0.11611111111111108 0.45 0.82 -0.15 0.011 0.3086 0.75 0.95 -0.86 0.066
0.0 0.0 0.0 0.0 0.0 0.0 1.0 0.0 0.0 0.0 0.0 0.0 0.0 0.0 0.0 0.0 0.0 0.0 0.0 0.0 0.0 1.0 0.0 0.0 0.0 0.8506666666666666 1.0 0.857 0.849 0.0 0.0 -0.0 -0.0 0.906 0.6666666666666666 0.907 0.0 0.907 -0.08349999999999996 0.6666666666666666 0.773 -0.94 0.773 0.0 0.0 0.0 0.0 0.0 0.8086666666666668 1.0 0.892 0.0 0.79
0.0 0.0 0.0 0.0 0.0 0.0 1.0 0.0 1.0 0.0 0.0 1.0 0.0 0.0 0.0 0.0 0.0 0.0 0.0 0.0 0.0 1.0 0.0 0.0 0.0 0.6842 0.8333333333333334 0.935 0.903 0.55 0.16666666666666666 -0.0 0.03 0.6130833333333333 0.6666666666666666 0.97 -0.61 0.746 0.09184615384615384 0.7222222222222222 0.97 -0.94 0.97 0.1544 0.2777777777777778 0.856 -0.86 0.773 0.4441333333333334 0.8333333333333334 0.994 -0.86 0.994
0.0 0.0 0.0 0.0 0.0 0.0 1.0 0.0 0.0 0.0 0.0 0.0 0.0 2.0 0.0 0.0 0.0 0.0 0.0 0.0 0.0 0.0 0.0 1.0 0.0 0.668888888888889 0.8181818181818182 0.907 0.803 0.54 0.18181818181818182 -0.0 0.32 0.34450000000000003 0.9090909090909091 0.922 -0.78 0.787 0.31428571428571433 0.6363636363636364 0.982 -0.94 0.857 -0.27 0.18181818181818182 0.0 -0.45 -0.45 0.44375000000000003 0.7272727272727273 0.959 -0.73 0.766
0.0 0.0 0.0 0.0 0.0 0.0 0.0 0.0 2.0 0.0 0.0 0.0 0.0 0.0 0.0 0.0 0.0 0.0 0.0 0.0 0.0 0.0 0.0 1.0 0.0 0.4985294117647058 0.8095238095238095 0.943 0.043 0.78 0.19047619047619047 -0.0 0.81 0.18433333333333335 0.8571428571428571 0.956 -0.9 -0.9 0.3032142857142857 0.6666666666666666 0.943 -0.65 0.095 -0.10983333333333335 0.2857142857142857 0.731 -0.84 0.731 0.30513333333333337 0.7142857142857143 0.914 -0.74 0.174
0.0 0.0 0.0 0.0 0.0 0.0 1.0 0.0 0.0 0.0 0.0 0.0 0.0 1.0 0.0 0.0 0.0 0.0 0.0 0.0 0.0 0.0 0.0 1.0 0.0 0.8336666666666667 1.0 0.911 0.846 0.0 0.0 -0.0 -0.0 0.823 0.6666666666666666 0.865 0.0 0.865 -0.94 0.3333333333333333 0.0 -0.94 -0.94 0.0 0.0 0.0 0.0 0.0 0.8026666666666666 1.0 0.958 0.0 0.744
0.0 0.0 0.0 0.0 0.0 0.0 0.0 0.0 0.0 0.0 0.0 2.0 0.0 0.0 0.0 0.0 0.0 0.0 0.0 0.0 0.0 0.0 0.0 1.0 0.0 0.5465882352941176 0.7391304347826086 0.939 0.125 0.48833333333333334 0.2608695652173913 -0.0 0.08 0.45510526315789473 0.8260869565217391 0.956 -0.05 0.044 0.19307142857142862 0.6086956521739131 0.979 -0.79 0.161 -0.18475000000000003 0.34782608695652173 0.932 -0.86 -0.12 0.2375 0.6956521739130435 0.93 -0.99 0.206
0.0 0.0 0.0 0.0 0.0 0.0 1.0 0.0 0.0 1.0 0.0 2.0 0.0 1.0 0.0 0.0 0.0 0.0 0.0 0.0 0.0 1.0 0.0 0.0 0.0 0.4752857142857144 0.9333333333333333 0.935 0.857 0.85 0.06666666666666667 -0.0 0.85 0.3241666666666667 0.8 0.956 -0.8 0.905 0.23018181818181818 0.7333333333333333 0.928 -0.79 0.773 -0.24025 0.26666666666666666 0.049 -0.8 -0.1 0.3860000000000001 0.9333333333333333 0.935 -0.96 0.892
0.0 0.0 0.0 0.0 0.0 0.0 0.0 0.0 0.0 0.0 0.0 0.0 0.0 0.0 0.0 0.0 0.0 0.0 0.0 0.0 0.0 0.0 0.0 1.0 0.0 0.745 1.0 0.746 0.746 0.0 0.0 -0.0 -0.0 0.752 1.0 0.781 0.0 0.723 0.0 0.0 0.0 0.0 0.0 0.0 0.0 0.0 0.0 0.0 0.7375 1.0 0.769 0.0 0.769
0.0 0.0 0.0 0.0 0.0 0.0 1.0 0.0 1.0 0.0 0.0 0.0 0.0 0.0 0.0 0.0 0.0 0.0 0.0 0.0 0.0 1.0 0.0 0.0 0.0 0.5946875 0.8275862068965517 0.939 0.817 0.24 0.1724137931034483 -0.0 0.07 0.4729795918367345 0.8448275862068966 0.982 -0.77 0.819 0.1671818181818182 0.7586206896551724 0.989 -0.88 0.639 0.019117647058823534 0.29310344827586204 0.786 -0.74 -0.24 0.41804651162790696 0.7413793103448276 0.947 -0.78 0.816
0.0 0.0 1.0 0.0 0.0 0.0 3.0 0.0 0.0 0.0 0.0 0.0 0.0 0.0 0.0 0.0 0.0 0.0 0.0 0.0 0.0 1.0 0.0 0.0 0.0 0.6542 0.7142857142857143 0.849 0.791 0.365 0.2857142857142857 -0.0 0.66 0.39866666666666667 0.8571428571428571 0.922 -0.78 0.704 0.5603333333333333 0.42857142857142855 0.776 0.0 0.141 0.26249999999999996 0.2857142857142857 0.585 -0.06 -0.06 0.33016666666666666 0.8571428571428571 0.878 -0.63 0.878
0.0 0.0 0.0 0.0 0.0 0.0 1.0 0.0 0.0 0.0 0.0 0.0 0.0 0.0 0.0 0.0 0.0 0.0 0.0 0.0 0.0 0.0 0.0 1.0 0.0 0.5420000000000001 0.8181818181818182 0.935 0.089 0.71 0.18181818181818182 -0.0 0.66 0.22388888888888894 0.8181818181818182 0.956 -0.78 0.138 0.6022000000000001 0.45454545454545453 0.99 0.0 0.134 0.08099999999999999 0.45454545454545453 0.585 -0.25 -0.06 0.3209090909090909 1.0 0.914 -0.73 0.151
0.0 0.0 0.0 0.0 0.0 0.0 1.0 0.0 0.0 0.0 0.0 1.0 0.0 0.0 0.0 0.0 0.0 0.0 0.0 0.0 0.0 0.0 0.0 1.0 0.0 0.364875 0.8 0.762 0.762 0.69 0.2 -0.0 0.66 -0.05680000000000002 0.5 0.781 -0.78 0.295 -0.09499999999999999 0.6 0.312 -0.73 -0.73 0.20099999999999998 0.6 0.882 -0.13 -0.13 0.22360000000000002 1.0 0.792 -0.73 0.792
0.0 0.0 0.0 0.0 0.0 0.0 1.0 0.0 0.0 0.0 0.0 0.0 0.0 0.0 0.0 0.0 0.0 0.0 0.0 0.0 0.0 1.0 0.0 0.0 0.0 0.745 1.0 0.746 0.746 0.0 0.0 -0.0 -0.0 0.752 1.0 0.781 0.0 0.723 0.0 0.0 0.0 0.0 0.0 0.0 0.0 0.0 0.0 0.0 0.7375 1.0 0.769 0.0 0.769
0.0 0.0 0.0 0.0 0.0 0.0 0.0 0.0 0.0 0.0 0.0 0.0 0.0 0.0 0.0 0.0 0.0 0.0 0.0 0.0 0.0 0.0 0.0 1.0 0.0 0.7293333333333333 1.0 0.939 0.829 0.0 0.0 -0.0 -0.0 0.7458333333333335 1.0 0.928 0.0 0.928 0.09639999999999997 0.8333333333333334 0.979 -0.87 -0.87 0.049 0.16666666666666666 0.049 0.0 0.049 0.6367499999999999 0.6666666666666666 0.816 0.0 0.679
0.0 0.0 0.0 0.0 0.0 1.0 1.0 0.0 0.0 0.0 0.0 0.0 0.0 0.0 0.0 0.0 0.0 0.0 0.0 0.0 0.0 0.0 1.0 0.0 0.0 0.5839999999999999 0.8461538461538461 0.935 0.046 0.31 0.15384615384615385 -0.0 0.05 0.3788 0.7692307692307693 0.956 -0.51 -0.05 0.34390000000000004 0.7692307692307693 0.99 -0.65 0.192 0.060500000000000026 0.3076923076923077 0.552 -0.11 -0.11 0.5042 0.7692307692307693 0.914 -0.65 0.16
0.0 0.0 0.0 0.0 0.0 0.0 1.0 0.0 0.0 1.0 0.0 1.0 0.0 0.0 0.0 0.0 0.0 0.0 0.0 1.0 0.0 0.0 0.0 0.0 0.0 0.8775714285714286 0.875 0.935 0.789 0.05 0.125 -0.0 0.05 0.6792 0.625 0.972 -0.07 0.633 0.4571666666666667 0.75 0.99 -0.79 -0.79 -0.09 0.125 0.0 -0.09 -0.09 0.8748571428571429 0.875 0.935 0.0 0.935
0.0 0.0 0.0 0.0 0.0 0.0 1.0 0.0 1.0 0.0 0.0 1.0 0.0 2.0 0.0 0.0 0.0 0.0 0.0 0.0 0.0 0.0 0.0 0.0 0.0 0.520448275862069 0.8787878787878788 0.952 0.952 0.785 0.12121212121212122 -0.0 0.85 0.31866666666666665 0.8181818181818182 0.967 -0.78 0.95 0.12086956521739131 0.696969696969697 0.953 -0.94 0.953 0.20107692307692307 0.3939393939393939 0.981 -0.21 0.028 0.39139285714285715 0.8484848484848485 0.947 -0.98 0.243
0.0 0.0 0.0 0.0 0.0 0.0 0.0 0.0 0.0 1.0 0.0 3.0 0.0 1.0 0.0 0.0 0.0 0.0 0.0 0.0 0.0 0.0 0.0 0.0 0.0 0.6081860465116278 0.8958333333333334 0.966 0.071 0.544 0.10416666666666667 -0.0 0.1 0.5003414634146341 0.8541666666666666 0.971 -0.95 0.701 0.10290909090909095 0.6875 0.979 -0.95 0.148 0.025249999999999998 0.3333333333333333 0.87 -0.42 -0.07 0.45162162162162156 0.7708333333333334 0.996 -0.91 0.136
0.0 0.0 1.0 0.0 0.0 0.0 2.0 0.0 0.0 0.0 0.0 0.0 0.0 0.0 0.0 0.0 0.0 0.0 0.0 0.0 0.0 1.0 0.0 0.0 0.0 0.568 0.75 0.855 0.103 0.04 0.25 -0.0 0.04 0.25366666666666665 0.75 0.723 -0.06 -0.06 0.608 0.5 0.967 0.0 0.249 -0.067 0.5 0.026 -0.16 0.026 0.5816666666666667 0.75 0.769 0.0 0.233
0.0 0.0 0.0 0.0 0.0 0.0 1.0 0.0 0.0 0.0 0.0 0.0 0.0 1.0 0.0 0.0 0.0 0.0 0.0 0.0 0.0 1.0 0.0 0.0 0.0 0.6775333333333334 1.0 0.935 0.73 0.0 0.0 -0.0 -0.0 0.5760000000000001 0.7333333333333333 0.956 -0.06 -0.06 0.4202307692307693 0.8666666666666667 0.902 -0.94 0.73 -0.07500000000000001 0.13333333333333333 0.0 -0.08 -0.08 0.6456 0.6666666666666666 0.96 0.0 0.133
0.0 0.0 0.0 0.0 0.0 0.0 1.0 0.0 0.0 0.0 0.0 0.0 0.0 1.0 0.0 0.0 0.0 0.0 0.0 0.0 0.0 1.0 0.0 0.0 0.0 0.6235555555555555 0.9 0.849 0.746 0.59 0.1 -0.0 0.59 0.466 1.0 0.922 -0.6 0.723 0.044000000000000004 0.6 0.776 -0.79 0.141 0.12633333333333333 0.3 0.509 -0.09 -0.09 0.48087500000000005 0.8 0.935 -0.67 0.769
0.0 0.0 0.0 0.0 0.0 0.0 2.0 0.0 0.0 0.0 0.0 0.0 0.0 0.0 0.0 0.0 0.0 0.0 0.0 0.0 0.0 1.0 0.0 0.0 0.0 0.731 1.0 0.907 0.316 0.0 0.0 -0.0 -0.0 0.8342499999999999 1.0 0.967 0.0 0.703 0.7709999999999999 0.75 0.984 0.0 0.534 -0.21 0.25 0.0 -0.21 -0.21 0.6865 1.0 0.959 0.0 0.243
0.0 0.0 0.0 0.0 0.0 1.0 0.0 0.0 1.0 0.0 0.0 0.0 0.0 0.0 0.0 0.0 0.0 0.0 0.0 0.0 0.0 0.0 1.0 0.0 0.0 0.46896153846153854 0.9285714285714286 0.935 0.091 0.81 0.07142857142857142 -0.0 0.75 0.3296190476190476 0.75 1.0 -0.91 0.059 -0.13319999999999996 0.7142857142857143 0.715 -0.94 0.152 -0.04174999999999999 0.2857142857142857 0.672 -0.72 -0.08 0.3579230769230769 0.9285714285714286 0.935 -0.99 0.208
0.0 0.0 0.0 0.0 0.0 0.0 1.0 0.0 1.0 0.0 0.0 0.0 0.0 0.0 0.0 0.0 0.0 0.0 0.0 0.0 0.0 1.0 0.0 0.0 0.0 0.8999999999999999 1.0 0.943 0.943 0.0 0.0 -0.0 -0.0 0.905 0.5 0.905 0.0 0.905 0.858 1.0 0.943 0.0 0.943 0.0 0.0 0.0 0.0 0.0 0.892 0.5 0.892 0.0 0.892
0.0 0.0 0.0 0.0 0.0 0.0 1.0 0.0 0.0 0.0 0.0 0.0 0.0 0.0 0.0 0.0 0.0 0.0 0.0 0.0 0.0 1.0 0.0 0.0 0.0 0.6086666666666667 0.75 0.886 0.849 0.93 0.25 -0.0 0.93 0.07400000000000002 0.75 0.922 -0.87 0.922 0.883 0.5 0.99 0.0 0.776 0.5085000000000001 0.5 0.936 0.0 0.081 -0.004666666666666652 0.75 0.782 -0.98 0.184
0.0 0.0 0.0 0.0 0.0 0.0 1.0 0.0 0.0 0.0 0.0 1.0 0.0 0.0 0.0 0.0 0.0 0.0 0.0 0.0 0.0 1.0 0.0 0.0 0.0 0.0 0.0 0.0 0.0 0.0 0.0 -0.0 -0.0 0.0 0.0 0.0 0.0 0.0 0.0 0.0 0.0 0.0 0.0 0.0 0.0 0.0 0.0 0.0 0.0 0.0 0.0 0.0 0.0
0.0 0.0 0.0 0.0 0.0 1.0 0.0 0.0 1.0 0.0 0.0 0.0 0.0 0.0 0.0 0.0 0.0 0.0 0.0 0.0 0.0 0.0 0.0 1.0 0.0 0.42284375 0.8205128205128205 0.939 0.798 0.6685714285714287 0.1794871794871795 -0.0 0.84 0.28096875 0.8205128205128205 0.995 -0.99 0.86 0.1844615384615385 0.6666666666666666 0.979 -0.79 -0.73 -0.03611111111111111 0.46153846153846156 0.811 -0.84 -0.08 0.2627333333333333 0.7692307692307693 0.935 -0.75 0.258
0.0 0.0 0.0 0.0 0.0 0.0 1.0 0.0 0.0 0.0 0.0 0.0 0.0 0.0 0.0 0.0 0.0 0.0 0.0 0.0 0.0 0.0 0.0 1.0 0.0 0.8674 1.0 0.933 0.886 0.0 0.0 -0.0 -0.0 0.8853333333333332 0.6 0.972 0.0 0.972 0.38533333333333336 0.6 0.99 -0.75 0.99 0.0 0.0 0.0 0.0 0.0 0.8560000000000001 1.0 0.934 0.0 0.782
0.0 0.0 0.0 0.0 0.0 0.0 1.0 0.0 0.0 1.0 0.0 0.0 0.0 0.0 0.0 0.0 0.0 0.0 0.0 1.0 0.0 0.0 0.0 0.0 0.0 0.839 1.0 0.857 0.821 0.0 0.0 -0.0 -0.0 0.905 0.5 0.905 0.0 0.905 0.7965 1.0 0.82 0.0 0.82 0.0 0.0 0.0 0.0 0.0 0.857 1.0 0.892 0.0 0.822
0.0 0.0 0.0 0.0 0.0 0.0 1.0 0.0 0.0 0.0 0.0 0.0 2.0 0.0 0.0 0.0 0.0 0.0 0.0 0.0 0.0 1.0 0.0 0.0 0.0 0.0 0.0 0.0 0.0 0.0 0.0 -0.0 -0.0 0.0 0.0 0.0 0.0 0.0 0.0 0.0 0.0 0.0 0.0 0.0 0.0 0.0 0.0 0.0 0.0 0.0 0.0 0.0 0.0
0.0 0.0 0.0 0.0 0.0 0.0 1.0 0.0 0.0 0.0 0.0 0.0 0.0 0.0 0.0 0.0 0.0 0.0 0.0 0.0 0.0 1.0 0.0 0.0 0.0 0.5054285714285714 0.875 0.864 0.864 0.78 0.125 -0.0 0.78 0.2791666666666667 0.75 0.995 -0.75 0.056 0.07239999999999999 0.625 0.722 -0.79 0.174 0.37 0.25 0.82 -0.08 -0.08 0.5427142857142857 0.875 0.935 0.0 0.864
0.0 0.0 0.0 0.0 0.0 0.0 0.0 0.0 0.0 0.0 0.0 0.0 0.0 0.0 0.0 0.0 0.0 0.0 0.0 0.0 0.0 0.0 0.0 1.0 0.0 0.6126666666666666 0.75 0.886 0.208 0.66 0.25 -0.0 0.66 0.09866666666666667 0.75 0.781 -0.78 0.295 0.6145 0.5 0.99 0.0 0.239 0.317 0.5 0.585 0.0 0.049 0.301 1.0 0.782 -0.63 0.346
0.0 0.0 0.0 0.0 0.0 0.0 1.0 0.0 0.0 0.0 0.0 0.0 0.0 0.0 0.0 0.0 0.0 0.0 0.0 0.0 0.0 1.0 0.0 0.0 0.0 0.5763333333333334 1.0 0.857 0.823 0.0 0.0 -0.0 -0.0 0.614 1.0 0.967 -0.03 0.967 0.5786666666666668 1.0 0.795 0.0 0.795 -0.07 0.3333333333333333 0.0 -0.07 -0.07 0.5790000000000001 1.0 0.892 0.0 0.706
0.0 0.0 0.0 0.0 0.0 0.0 1.0 0.0 0.0 0.0 0.0 0.0 0.0 0.0 0.0 0.0 0.0 0.0 0.0 0.0 0.0 0.0 0.0 1.0 0.0 0.8001999999999999 1.0 0.921 0.746 0.0 0.0 -0.0 -0.0 0.7666 1.0 0.995 0.0 0.723 0.801 0.2 0.801 0.0 0.801 0.0 0.0 0.0 0.0 0.0 0.858 1.0 0.968 0.0 0.769
0.0 0.0 0.0 0.0 1.0 1.0 2.0 0.0 1.0 0.0 0.0 1.0 0.0 1.0 0.0 0.0 0.0 0.0 0.0 0.0 0.0 1.0 0.0 0.0 0.0 0.5585757575757574 0.825 0.952 0.952 0.7871428571428571 0.175 -0.0 0.66 0.20341935483870965 0.775 0.981 -0.99 0.95 0.029888888888888885 0.675 0.99 -0.94 0.953 0.1284375 0.4 0.786 -0.8 0.028 0.3532941176470588 0.85 0.935 -0.89 0.203
0.0 0.0 0.0 0.0 0.0 0.0 1.0 0.0 0.0 0.0 0.0 0.0 0.0 0.0 0.0 0.0 0.0 0.0 0.0 0.0 0.0 0.0 0.0 0.0 0.0 0.48514285714285715 0.7 0.829 0.072 0.5266666666666667 0.3 -0.0 0.76 0.36957142857142855 0.7 0.955 -0.78 0.955 -0.38199999999999995 0.3 0.164 -0.7 -0.7 -0.31333333333333335 0.3 0.0 -0.78 -0.05 0.171375 0.8 0.908 -0.73 0.072
0.0 0.0 0.0 0.0 0.0 2.0 1.0 0.0 0.0 1.0 0.0 2.0 0.0 0.0 0.0 0.0 0.0 0.0 0.0 0.0 0.0 0.0 0.0 0.0 0.0 0.3826153846153847 1.0 0.97 0.057 0.0 0.0 -0.0 -0.0 0.37839999999999996 0.7692307692307693 0.956 -0.07 -0.07 0.2805 0.8461538461538461 0.991 -0.79 0.227 -0.07137500000000001 0.3076923076923077 0.049 -0.13 -0.13 0.38300000000000006 0.7692307692307693 0.935 0.0 0.203
0.0 0.0 0.0 0.0 0.0 0.0 0.0 0.0 0.0 1.0 0.0 0.0 1.0 0.0 0.0 0.0 0.0 0.0 0.0 1.0 0.0 0.0 0.0 0.0 0.0 0.1875 0.6666666666666666 0.614 0.614 0.76 0.3333333333333333 -0.0 0.76 -0.044 0.8333333333333334 0.561 -0.78 0.561 -0.119 0.5 0.216 -0.74 -0.74 -0.20575 0.6666666666666666 0.017 -0.74 0.017 -0.11916666666666666 1.0 0.533 -0.78 0.533
0.0 0.0 0.0 0.0 1.0 0.0 1.0 0.0 0.0 0.0 0.0 1.0 0.0 0.0 0.0 0.0 0.0 0.0 0.0 0.0 0.0 0.0 0.0 0.0 0.0 0.3321428571428572 0.875 0.857 0.083 0.05 0.125 -0.0 0.05 0.30357142857142855 0.875 0.967 -0.02 -0.02 0.26333333333333336 0.75 0.795 -0.24 0.201 -0.041 0.375 0.077 -0.14 0.077 0.42599999999999993 0.75 0.892 0.0 0.211
0.0 0.0 0.0 0.0 0.0 1.0 1.0 0.0 1.0 0.0 0.0 1.0 0.0 0.0 0.0 0.0 0.0 0.0 0.0 0.0 0.0 0.0 1.0 0.0 0.0 0.47960000000000014 0.8333333333333334 0.935 0.752 0.5916666666666667 0.16666666666666666 -0.0 0.43 0.3613928571428571 0.7777777777777778 0.973 -0.95 0.758 0.16684 0.6944444444444444 0.817 -0.79 0.719 0.009642857142857128 0.3888888888888889 0.99 -0.73 -0.12 0.3147096774193549 0.8611111111111112 0.935 -0.79 0.778
0.0 0.0 0.0 0.0 0.0 0.0 1.0 0.0 0.0 0.0 0.0 0.0 0.0 1.0 0.0 0.0 0.0 0.0 0.0 0.0 0.0 0.0 0.0 1.0 0.0 0.46130000000000004 0.7142857142857143 0.9 0.789 0.7825 0.2857142857142857 -0.0 0.9 0.1274615384615385 0.9285714285714286 0.99 -0.95 -0.95 0.0325 0.5714285714285714 0.858 -1.0 0.858 0.39749999999999996 0.42857142857142855 0.828 -0.11 0.828 -0.1109 0.7142857142857143 0.868 -0.99 -0.97
0.0 0.0 0.0 0.0 0.0 1.0 1.0 0.0 0.0 0.0 0.0 3.0 0.0 0.0 0.0 0.0 0.0 0.0 0.0 0.0 0.0 0.0 1.0 0.0 0.0 0.42411764705882354 0.8095238095238095 0.935 0.643 0.41500000000000004 0.19047619047619047 -0.0 0.76 0.28552941176470586 0.8095238095238095 0.956 -0.72 0.574 0.1174375 0.7619047619047619 0.828 -0.79 0.561 -0.020583333333333325 0.5714285714285714 0.752 -0.74 0.752 0.30809999999999993 0.9523809523809523 0.935 -0.81 0.795
0.0 0.0 0.0 0.0 0.0 0.0 0.0 0.0 2.0 0.0 0.0 0.0 0.0 0.0 0.0 0.0 0.0 0.0 0.0 0.0 0.0 0.0 0.0 1.0 0.0 0.4244 0.8333333333333334 0.939 0.258 0.662 0.16666666666666666 -0.0 0.93 0.244 0.7666666666666667 0.956 -0.96 -0.96 -0.024720000000000006 0.8333333333333334 0.979 -0.94 0.161 0.18933333333333333 0.5 0.948 -0.13 0.88 0.25660714285714287 0.9333333333333333 0.935 -0.94 -0.94
0.0 0.0 0.0 0.0 0.0 1.0 0.0 0.0 2.0 0.0 0.0 2.0 0.0 0.0 0.0 0.0 0.0 0.0 0.0 0.0 0.0 0.0 0.0 1.0 0.0 0.5225833333333334 0.8 0.978 0.034 0.7933333333333333 0.2 -0.0 0.79 0.23754285714285708 0.7777777777777778 0.995 -0.99 0.094 0.1564 0.6666666666666666 0.977 -0.94 -0.03 -0.03735714285714287 0.3111111111111111 0.947 -0.8 0.028 0.3219705882352941 0.7555555555555555 0.986 -0.9 0.052
0.0 0.0 0.0 0.0 0.0 0.0 1.0 0.0 0.0 0.0 0.0 0.0 0.0 0.0 0.0 0.0 0.0 0.0 0.0 0.0 0.0 1.0 0.0 0.0 0.0 0.36433333333333334 0.5 0.939 0.056 0.5566666666666666 0.5 -0.0 0.89 -0.1542 0.8333333333333334 0.899 -0.99 -0.99 0.282 0.6666666666666666 0.979 -0.03 -0.03 0.057499999999999996 0.6666666666666666 0.87 -0.74 -0.74 -0.2808 0.8333333333333334 0.204 -0.94 -0.94
0.0 0.0 0.0 0.0 0.0 0.0 1.0 0.0 0.0 0.0 0.0 1.0 0.0 1.0 0.0 0.0 0.0 0.0 0.0 0.0 0.0 1.0 0.0 0.0 0.0 0.4657692307692308 0.7647058823529411 0.943 0.208 0.615 0.23529411764705882 -0.0 0.82 0.1442142857142857 0.8235294117647058 0.956 -0.95 -0.84 0.13491666666666666 0.7058823529411765 0.978 -0.83 0.239 -0.18471428571428575 0.4117647058823529 0.568 -0.8 -0.8 0.2573636363636364 0.6470588235294118 0.914 -0.83 0.346
0.0 0.0 0.0 0.0 0.0 0.0 0.0 0.0 0.0 0.0 0.0 5.0 0.0 0.0 0.0 0.0 0.0 0.0 0.0 0.0 0.0 0.0 0.0 0.0 0.0 0.6425 0.7058823529411765 0.943 0.943 0.817 0.29411764705882354 -0.0 0.89 0.20781481481481484 0.7941176470588235 0.956 -0.95 0.849 0.46366666666666667 0.6176470588235294 0.968 -0.88 0.943 -0.034076923076923074 0.38235294117647056 0.948 -0.97 -0.97 0.24108695652173917 0.6764705882352942 0.978 -0.96 0.21
0.0 0.0 0.0 0.0 0.0 1.0 0.0 0.0 0.0 0.0 0.0 2.0 0.0 0.0 0.0 0.0 0.0 0.0 0.0 0.0 0.0 0.0 1.0 0.0 0.0 0.5383333333333334 0.6 0.789 0.127 0.5725 0.4 -0.0 0.84 -0.005999999999999997 1.0 0.721 -0.87 0.026 -0.14462500000000003 0.8 0.858 -0.79 0.25 0.13699999999999998 0.6 0.98 -0.92 -0.04 0.26971428571428574 0.7 0.935 -0.76 0.28
0.0 0.0 0.0 0.0 0.0 0.0 2.0 0.0 0.0 0.0 0.0 0.0 0.0 0.0 0.0 0.0 0.0 0.0 0.0 0.0 0.0 0.0 0.0 1.0 0.0 0.5663750000000001 1.0 0.883 0.812 0.0 0.0 -0.0 -0.0 0.5234 0.625 0.905 0.0 0.802 -0.08662499999999997 1.0 0.795 -1.0 0.795 -0.115 0.25 0.0 -0.13 -0.1 0.5740000000000001 0.875 0.934 0.0 0.839
