0.0 0.0 0.0 0.0 0.0 0.0 0.0 0.0 0.0 0.0 0.0 0.0 0.0 0.0 0.0 0.0 0.0 0.0 0.0 0.0 0.0 0.0 0.0 1.0 0.0 0.6678999999999999 0.6666666666666666 0.935 0.93 0.632 0.3333333333333333 -0.0 0.79 0.26813333333333333 1.0 0.998 -0.85 0.998 0.27099999999999996 0.4666666666666667 0.862 -0.88 0.862 0.344875 0.5333333333333333 0.991 -0.23 0.049 0.21930769230769231 0.8666666666666667 0.914 -0.94 0.747
0.0 0.0 0.0 0.0 0.0 0.0 1.0 0.0 0.0 0.0 0.0 0.0 0.0 0.0 0.0 0.0 0.0 0.0 0.0 0.0 0.0 0.0 0.0 1.0 0.0 0.5651111111111111 0.9 0.964 0.806 0.40499999999999997 0.1 -0.0 0.72 0.4457777777777777 0.9 0.956 -0.9 0.906 0.2353333333333333 0.6 0.858 -0.79 0.715 -0.012333333333333335 0.3 0.278 -0.2 -0.2 0.44400000000000006 0.85 0.964 -0.99 0.796
0.0 0.0 0.0 0.0 0.0 0.0 0.0 0.0 2.0 0.0 0.0 2.0 0.0 0.0 0.0 0.0 0.0 0.0 0.0 0.0 0.0 0.0 0.0 0.0 0.0 0.5004107142857143 0.8484848484848485 0.939 0.806 0.461 0.15151515151515152 -0.0 0.03 0.35144642857142866 0.8484848484848485 0.956 -0.95 0.906 0.03551219512195123 0.6212121212121212 0.979 -0.94 0.715 0.10709090909090908 0.3333333333333333 0.822 -0.23 -0.21 0.38223728813559327 0.8939393939393939 0.959 -0.88 0.796
0.0 0.0 0.0 0.0 0.0 0.0 0.0 0.0 0.0 0.0 0.0 0.0 0.0 0.0 0.0 0.0 0.0 0.0 0.0 0.0 0.0 0.0 0.0 1.0 0.0 0.361 0.75 0.911 0.911 0.66 0.25 -0.0 0.66 0.04600000000000001 1.0 0.865 -0.78 0.865 0.2395 0.5 0.338 0.0 0.338 0.10499999999999998 0.75 0.585 -0.21 -0.21 0.1805 1.0 0.958 -0.63 0.958
0.0 0.0 0.0 0.0 0.0 0.0 1.0 0.0 0.0 0.0 0.0 0.0 0.0 0.0 0.0 0.0 0.0 0.0 0.0 0.0 0.0 1.0 0.0 0.0 0.0 0.4235 0.8 0.789 0.746 0.65 0.2 -0.0 0.65 0.09960000000000002 1.0 0.723 -0.86 -0.86 -0.114 0.6 0.338 -0.79 -0.79 0.1995 0.4 0.609 -0.21 0.609 0.3104 1.0 0.935 -0.5 -0.5
0.0 0.0 0.0 0.0 0.0 0.0 0.0 0.0 0.0 1.0 0.0 0.0 0.0 0.0 0.0 0.0 0.0 0.0 0.0 1.0 0.0 0.0 0.0 0.0 0.0 0.5923333333333334 0.75 0.849 0.841 0.655 0.25 -0.0 0.65 0.23262500000000003 1.0 0.922 -0.86 0.785 0.30166666666666664 0.75 0.776 -0.79 0.76 0.4143333333333333 0.375 0.609 0.0 0.609 0.29171428571428576 0.875 0.979 -0.63 0.979
0.0 0.0 0.0 0.0 0.0 1.0 0.0 0.0 0.0 0.0 0.0 0.0 0.0 0.0 0.0 0.0 0.0 0.0 0.0 0.0 0.0 0.0 1.0 0.0 0.0 0.6214999999999999 1.0 0.864 0.734 0.0 0.0 -0.0 -0.0 -0.05 0.25 0.0 -0.05 -0.05 -0.043333333333333335 0.75 0.734 -0.94 0.734 0.0 0.0 0.0 0.0 0.0 0.5716666666666667 0.75 0.864 0.0 0.864
0.0 0.0 0.0 0.0 0.0 1.0 0.0 0.0 1.0 0.0 0.0 4.0 0.0 1.0 0.0 0.0 0.0 0.0 0.0 0.0 0.0 0.0 1.0 0.0 0.0 0.4986071428571428 0.8 0.988 0.988 0.5657142857142857 0.2 -0.0 0.79 0.2705652173913043 0.6571428571428571 0.995 -0.74 0.082 0.2568333333333332 0.6857142857142857 0.986 -0.94 0.986 0.02016666666666665 0.34285714285714286 0.991 -0.74 0.991 0.29603125 0.9142857142857143 0.99 -0.88 0.99
0.0 0.0 0.0 0.0 0.0 0.0 0.0 0.0 0.0 0.0 0.0 1.0 0.0 0.0 0.0 0.0 0.0 0.0 0.0 0.0 0.0 0.0 0.0 1.0 0.0 0.7480833333333333 0.6666666666666666 0.935 0.806 0.48666666666666664 0.3333333333333333 -0.0 0.65 0.22164705882352936 0.9444444444444444 0.956 -0.87 -0.86 0.035399999999999994 0.5555555555555556 0.788 -0.79 0.715 0.32699999999999996 0.2777777777777778 0.609 -0.6 0.609 0.34243750000000006 0.8888888888888888 0.935 -0.96 -0.5
0.0 0.0 0.0 0.0 0.0 0.0 0.0 0.0 0.0 0.0 0.0 0.0 0.0 0.0 0.0 0.0 0.0 0.0 0.0 0.0 0.0 0.0 0.0 1.0 0.0 0.3565714285714286 0.6363636363636364 0.935 0.157 0.57 0.36363636363636365 -0.0 0.58 0.035555555555555556 0.8181818181818182 0.956 -0.87 0.082 0.06899999999999999 0.6363636363636364 0.239 -0.65 0.191 0.12400000000000004 0.45454545454545453 0.561 -0.6 0.049 0.08836363636363638 1.0 0.914 -0.82 0.198
0.0 0.0 0.0 0.0 0.0 0.0 0.0 0.0 0.0 0.0 0.0 0.0 0.0 1.0 0.0 0.0 0.0 0.0 0.0 0.0 0.0 0.0 0.0 1.0 0.0 0.595 0.7272727272727273 0.935 0.931 0.38000000000000006 0.2727272727272727 -0.0 0.81 0.26981818181818185 1.0 0.956 -0.87 0.898 0.019875000000000004 0.7272727272727273 0.964 -0.87 0.964 0.00966666666666668 0.5454545454545454 0.816 -0.6 -0.15 0.3245 0.9090909090909091 0.935 -0.85 0.914
0.0 0.0 0.0 0.0 0.0 0.0 0.0 0.0 0.0 0.0 0.0 0.0 0.0 0.0 0.0 0.0 0.0 0.0 0.0 0.0 0.0 0.0 0.0 1.0 0.0 0.5715 0.5 0.935 0.935 0.615 0.5 -0.0 0.93 0.127 0.75 0.956 -0.87 0.956 0.221 0.5 0.239 0.0 0.239 0.14300000000000002 0.75 0.98 -0.6 0.98 0.11000000000000001 1.0 0.914 -0.88 -0.88
0.0 0.0 0.0 0.0 1.0 1.0 0.0 0.0 0.0 0.0 0.0 0.0 0.0 1.0 0.0 0.0 0.0 0.0 0.0 0.0 0.0 0.0 1.0 0.0 0.0 0.5470909090909091 0.8461538461538461 0.935 0.748 0.185 0.15384615384615385 -0.0 0.07 0.35863636363636364 0.8461538461538461 0.956 -0.87 0.777 -0.19245454545454546 0.8461538461538461 0.815 -0.94 -0.85 -0.0838 0.38461538461538464 0.153 -0.6 0.039 0.4320000000000001 0.9230769230769231 0.935 -0.31 0.615
0.0 0.0 0.0 0.0 0.0 0.0 0.0 0.0 0.0 0.0 0.0 0.0 0.0 0.0 0.0 0.0 0.0 0.0 0.0 0.0 0.0 0.0 0.0 1.0 0.0 0.0 0.0 0.0 0.0 0.82 1.0 -0.0 0.82 -0.74 1.0 0.0 -0.74 -0.74 0.0 0.0 0.0 0.0 0.0 0.876 1.0 0.876 0.0 0.876 -0.86 1.0 0.0 -0.86 -0.86
0.0 0.0 0.0 0.0 0.0 0.0 0.0 0.0 0.0 0.0 0.0 0.0 0.0 0.0 0.0 0.0 0.0 0.0 0.0 0.0 0.0 0.0 0.0 1.0 0.0 0.043 0.5 0.043 0.043 0.22 0.5 -0.0 0.22 -0.18 1.0 0.0 -0.29 -0.07 0.112 0.5 0.112 0.0 0.112 -0.11 1.0 0.0 -0.16 -0.06 -0.004500000000000004 1.0 0.191 -0.2 0.191
0.0 0.0 0.0 0.0 0.0 0.0 0.0 0.0 0.0 0.0 0.0 1.0 0.0 0.0 0.0 0.0 0.0 0.0 0.0 0.0 0.0 0.0 0.0 1.0 0.0 0.535 0.6666666666666666 0.913 0.913 0.03 0.3333333333333333 -0.0 0.03 0.313 1.0 0.877 -0.02 0.877 0.3633333333333333 1.0 0.949 -0.05 0.949 0.082 0.3333333333333333 0.082 0.0 0.082 0.064 0.6666666666666666 0.198 -0.07 0.198
0.0 0.0 0.0 0.0 0.0 1.0 0.0 0.0 0.0 0.0 0.0 0.0 0.0 4.0 0.0 0.0 0.0 0.0 0.0 0.0 0.0 0.0 0.0 1.0 0.0 0.49327777777777787 0.8571428571428571 0.943 0.748 0.35500000000000004 0.14285714285714285 -0.0 0.06 0.28052941176470586 0.8095238095238095 0.956 -0.87 -0.13 0.14039393939393943 0.7857142857142857 0.99 -0.94 -0.03 0.0695 0.23809523809523808 0.974 -0.6 -0.05 0.3424864864864865 0.8809523809523809 0.959 -0.83 -0.08
0.0 0.0 0.0 0.0 0.0 0.0 0.0 0.0 1.0 0.0 0.0 0.0 0.0 1.0 0.0 0.0 0.0 0.0 0.0 0.0 0.0 0.0 0.0 1.0 0.0 0.6025135135135133 0.7551020408163265 0.947 0.069 0.5608333333333333 0.24489795918367346 -0.0 0.83 0.35131578947368425 0.7755102040816326 0.982 -0.95 0.519 -0.07256250000000002 0.6530612244897959 0.979 -0.94 0.07 -0.028055555555555563 0.3673469387755102 0.948 -0.88 0.716 0.340095238095238 0.8571428571428571 0.969 -0.97 0.067
0.0 0.0 0.0 0.0 1.0 0.0 0.0 0.0 0.0 0.0 0.0 0.0 0.0 0.0 0.0 0.0 0.0 0.0 0.0 0.0 0.0 0.0 0.0 1.0 0.0 0.37740000000000007 0.7142857142857143 0.92 0.034 0.535 0.2857142857142857 -0.0 0.77 -0.17633333333333334 0.8571428571428571 0.702 -0.87 -0.1 0.1758333333333333 0.8571428571428571 0.893 -0.65 0.171 -0.4325 0.5714285714285714 0.0 -0.8 -0.1 0.43050000000000005 0.8571428571428571 0.947 0.0 0.17
0.0 0.0 0.0 0.0 0.0 0.0 0.0 0.0 0.0 1.0 0.0 0.0 0.0 0.0 0.0 0.0 0.0 0.0 0.0 1.0 0.0 0.0 0.0 0.0 0.0 0.5715 0.5 0.935 0.935 0.53 0.5 -0.0 0.76 -0.08975 1.0 0.956 -0.87 -0.74 0.221 0.5 0.239 0.0 0.239 -0.447 0.75 0.049 -0.79 -0.79 0.44 0.75 0.914 0.0 0.914
0.0 0.0 0.0 0.0 0.0 0.0 0.0 0.0 0.0 0.0 0.0 1.0 0.0 1.0 0.0 0.0 0.0 0.0 0.0 0.0 0.0 0.0 0.0 1.0 0.0 0.844 0.3333333333333333 0.859 0.859 0.7575 0.6666666666666666 -0.0 0.61 0.13974999999999999 0.6666666666666666 0.928 -0.74 -0.53 -0.026500000000000024 0.3333333333333333 0.817 -0.87 0.817 0.7589999999999999 0.3333333333333333 0.948 0.0 0.57 -0.48019999999999996 0.8333333333333334 0.679 -0.81 -0.73
0.0 0.0 0.0 0.0 0.0 0.0 0.0 0.0 0.0 0.0 0.0 0.0 0.0 0.0 0.0 0.0 0.0 0.0 0.0 0.0 0.0 0.0 0.0 1.0 0.0 0.38336363636363635 0.6875 0.95 0.055 0.516 0.3125 -0.0 0.72 0.23409999999999992 0.625 0.908 -0.64 0.026 0.039800000000000016 0.625 0.991 -0.73 0.142 0.06055555555555557 0.5625 0.98 -0.74 -0.08 0.11260000000000003 0.9375 0.912 -0.88 0.084
0.0 0.0 0.0 0.0 0.0 0.0 0.0 0.0 0.0 0.0 0.0 0.0 0.0 0.0 0.0 0.0 0.0 0.0 0.0 0.0 0.0 0.0 0.0 1.0 0.0 0.082 0.25 0.082 0.082 0.6166666666666667 0.75 -0.0 0.91 -0.42825 1.0 0.127 -0.91 -0.91 0.009500000000000001 0.5 0.069 -0.05 0.069 0.3323333333333333 0.75 0.886 0.0 0.886 -0.2866666666666667 0.75 0.16 -0.95 -0.95
0.0 0.0 0.0 0.0 0.0 0.0 0.0 0.0 0.0 0.0 0.0 0.0 0.0 1.0 0.0 0.0 0.0 0.0 0.0 0.0 0.0 0.0 0.0 1.0 0.0 0.62125 1.0 0.846 0.094 0.0 0.0 -0.0 -0.0 0.6995 0.5 0.766 0.0 0.633 -0.32766666666666666 0.75 0.747 -0.94 -0.79 0.0 0.0 0.0 0.0 0.0 0.5910000000000001 0.75 0.935 0.0 0.094
0.0 0.0 0.0 0.0 0.0 0.0 0.0 0.0 0.0 0.0 0.0 0.0 0.0 0.0 0.0 0.0 0.0 0.0 0.0 0.0 0.0 0.0 0.0 0.0 0.0 0.0 0.0 0.0 0.0 0.585 1.0 -0.0 0.87 -0.835 1.0 0.0 -0.87 -0.8 0.203 0.5 0.203 0.0 0.203 -0.6 0.5 0.0 -0.6 -0.6 -0.43999999999999995 1.0 0.06 -0.94 -0.94
0.0 0.0 0.0 0.0 1.0 0.0 0.0 0.0 0.0 0.0 0.0 0.0 0.0 0.0 0.0 0.0 0.0 0.0 0.0 0.0 0.0 0.0 0.0 1.0 0.0 0.49850000000000005 0.7272727272727273 0.935 0.157 0.5499999999999999 0.2727272727272727 -0.0 0.58 0.1547 0.9090909090909091 0.956 -0.8 0.082 -0.11814285714285713 0.6363636363636364 0.22 -0.87 0.191 -0.083 0.2727272727272727 0.561 -0.64 0.561 0.37899999999999995 0.9090909090909091 0.935 -0.62 0.198
0.0 0.0 0.0 0.0 0.0 0.0 0.0 0.0 0.0 0.0 0.0 0.0 0.0 0.0 0.0 0.0 0.0 0.0 0.0 0.0 0.0 0.0 0.0 1.0 0.0 0.0 0.0 0.0 0.0 0.3 1.0 -0.0 0.3 -0.87 1.0 0.0 -0.87 -0.87 0.203 1.0 0.203 0.0 0.203 -0.6 1.0 0.0 -0.6 -0.6 0.06 1.0 0.06 0.0 0.06
0.0 0.0 0.0 0.0 0.0 0.0 0.0 0.0 0.0 0.0 0.0 0.0 0.0 0.0 0.0 0.0 0.0 0.0 0.0 0.0 0.0 0.0 0.0 0.0 0.0 0.48950000000000005 0.5714285714285714 0.935 0.861 0.565 0.42857142857142855 -0.0 0.07 0.050916666666666686 0.8571428571428571 0.956 -0.95 -0.07 -0.07842857142857144 0.5 0.239 -0.79 -0.79 0.2651111111111111 0.6428571428571429 0.98 -0.6 0.009 0.08821428571428573 1.0 0.93 -0.88 -0.12
0.0 0.0 0.0 0.0 0.0 0.0 0.0 0.0 0.0 0.0 0.0 0.0 0.0 1.0 0.0 0.0 0.0 0.0 0.0 0.0 0.0 0.0 0.0 1.0 0.0 0.80225 0.8 0.861 0.789 0.66 0.2 -0.0 0.66 0.35374999999999995 0.8 0.86 -0.78 -0.78 -0.7925 0.8 0.0 -0.94 -0.79 0.585 0.2 0.585 0.0 0.585 0.5534000000000001 1.0 0.935 -0.63 -0.63
0.0 0.0 0.0 0.0 0.0 0.0 0.0 0.0 0.0 0.0 0.0 0.0 0.0 0.0 0.0 0.0 0.0 0.0 0.0 0.0 0.0 0.0 0.0 1.0 0.0 0.46549999999999997 0.8571428571428571 0.935 0.033 0.66 0.14285714285714285 -0.0 0.66 0.3025 0.8571428571428571 0.956 -0.78 -0.05 0.11520000000000001 0.7142857142857143 0.779 -0.65 0.178 0.23249999999999998 0.2857142857142857 0.585 -0.12 -0.12 0.34700000000000003 1.0 0.921 -0.63 0.142
0.0 0.0 0.0 0.0 0.0 0.0 0.0 0.0 0.0 0.0 0.0 0.0 0.0 0.0 0.0 0.0 0.0 0.0 0.0 0.0 0.0 0.0 0.0 1.0 0.0 0.30114285714285716 0.5384615384615384 0.789 0.09 0.6616666666666667 0.46153846153846156 -0.0 0.81 -0.2539230769230769 1.0 0.633 -0.95 0.082 -0.07300000000000001 0.6153846153846154 0.203 -0.79 0.169 0.08285714285714287 0.5384615384615384 0.721 -0.6 -0.14 -0.0024166666666666503 0.9230769230769231 0.935 -0.99 0.249
0.0 0.0 0.0 0.0 0.0 0.0 0.0 0.0 0.0 0.0 0.0 0.0 0.0 0.0 0.0 0.0 0.0 0.0 0.0 0.0 0.0 0.0 0.0 1.0 0.0 0.45359999999999995 0.7142857142857143 0.966 0.966 0.175 0.2857142857142857 -0.0 0.05 0.19571428571428573 1.0 0.966 -0.87 0.966 0.1296 0.7142857142857143 0.239 -0.01 0.134 -0.17774999999999996 0.5714285714285714 0.049 -0.6 -0.07 0.326 0.7142857142857143 0.914 0.0 0.155
0.0 0.0 0.0 0.0 0.0 0.0 0.0 0.0 0.0 0.0 0.0 0.0 0.0 0.0 0.0 0.0 0.0 0.0 0.0 0.0 0.0 0.0 0.0 1.0 0.0 0.39733333333333337 0.75 0.935 0.172 0.53 0.25 -0.0 0.76 0.0808 0.625 0.956 -0.87 0.295 0.3495 0.75 0.929 0.0 0.238 0.009666666666666678 0.75 0.752 -0.6 -0.08 0.18328571428571427 0.875 0.914 -0.81 0.357
0.0 0.0 0.0 0.0 0.0 0.0 0.0 0.0 0.0 0.0 0.0 1.0 0.0 0.0 0.0 0.0 0.0 0.0 0.0 0.0 0.0 0.0 0.0 1.0 0.0 0.42821428571428566 0.7368421052631579 0.92 0.095 0.47400000000000003 0.2631578947368421 -0.0 0.03 0.017071428571428574 0.7368421052631579 0.95 -0.87 -0.04 0.05840000000000001 0.7894736842105263 0.893 -0.79 -0.04 0.039777777777777794 0.47368421052631576 0.585 -0.6 0.113 0.30976470588235294 0.8947368421052632 0.947 -0.63 -0.04
0.0 0.0 0.0 0.0 0.0 1.0 0.0 0.0 0.0 0.0 0.0 0.0 0.0 0.0 0.0 0.0 0.0 0.0 0.0 0.0 0.0 0.0 1.0 0.0 0.0 0.028 0.5 0.028 0.028 0.81 0.5 -0.0 0.81 -0.44099999999999995 1.0 0.068 -0.95 -0.95 -0.01 0.5 0.0 -0.01 -0.01 0.384 1.0 0.721 0.0 0.721 -0.336 1.0 0.078 -0.75 -0.75
0.0 0.0 0.0 0.0 0.0 0.0 0.0 0.0 0.0 0.0 0.0 0.0 0.0 0.0 0.0 0.0 0.0 0.0 0.0 0.0 0.0 0.0 0.0 0.0 0.0 0.935 0.2 0.935 0.935 0.30250000000000005 0.8 -0.0 0.3 -0.1548 1.0 0.956 -0.87 -0.87 0.07650000000000001 0.4 0.203 -0.05 0.203 0.09933333333333332 0.6 0.816 -0.6 -0.6 0.013500000000000012 0.8 0.914 -0.85 0.06
0.0 0.0 0.0 0.0 0.0 0.0 0.0 0.0 0.0 0.0 0.0 2.0 0.0 0.0 0.0 0.0 0.0 0.0 0.0 0.0 0.0 0.0 0.0 0.0 0.0 0.47957142857142854 0.6363636363636364 0.935 0.039 0.4725 0.36363636363636365 -0.0 0.3 0.15888888888888886 0.8181818181818182 0.956 -0.87 -0.87 -0.19749999999999998 0.7272727272727273 0.203 -0.75 0.203 0.1556 0.45454545454545453 0.752 -0.6 -0.6 0.11240000000000001 0.9090909090909091 0.914 -0.81 0.06
0.0 0.0 0.0 0.0 0.0 0.0 0.0 0.0 0.0 0.0 0.0 0.0 0.0 0.0 0.0 0.0 0.0 0.0 0.0 0.0 0.0 0.0 0.0 1.0 0.0 0.9390000000000001 0.5 0.943 0.943 0.5599999999999999 0.5 -0.0 0.82 0.04299999999999998 0.5 0.956 -0.87 0.956 0.573 0.5 0.943 0.0 0.943 -0.6 0.25 0.0 -0.6 -0.6 0.05133333333333334 0.75 0.914 -0.82 -0.82
0.0 0.0 0.0 1.0 0.0 2.0 0.0 0.0 0.0 0.0 0.0 0.0 0.0 0.0 0.0 0.0 0.0 0.0 0.0 0.0 0.0 0.0 0.0 1.0 0.0 0.645047619047619 0.8076923076923077 0.986 0.071 0.306 0.19230769230769232 -0.0 0.22 0.34004761904761904 0.8076923076923077 0.986 -0.87 0.109 -0.013050000000000011 0.7692307692307693 0.902 -0.88 0.148 -0.09900000000000005 0.2692307692307692 0.585 -0.6 -0.07 0.43805000000000005 0.7692307692307693 0.935 -0.63 0.136
0.0 0.0 0.0 0.0 0.0 0.0 0.0 0.0 0.0 0.0 0.0 1.0 0.0 1.0 0.0 0.0 0.0 0.0 0.0 0.0 0.0 0.0 0.0 0.0 0.0 0.381 0.6666666666666666 0.943 0.16 0.5299999999999999 0.3333333333333333 -0.0 0.02 -0.040272727272727266 0.9166666666666666 0.943 -0.91 0.943 -0.12485714285714285 0.5833333333333334 0.228 -0.79 -0.03 0.0015000000000000117 0.3333333333333333 0.796 -0.6 -0.05 0.09340000000000002 0.8333333333333334 0.935 -0.96 0.16
0.0 0.0 0.0 0.0 0.0 0.0 0.0 0.0 0.0 0.0 0.0 0.0 0.0 1.0 0.0 0.0 0.0 0.0 0.0 0.0 0.0 0.0 0.0 1.0 0.0 0.5352307692307693 0.7647058823529411 0.935 0.089 0.6525 0.23529411764705882 -0.0 0.89 0.1855333333333333 0.8823529411764706 0.956 -0.87 0.138 -0.1305454545454545 0.6470588235294118 0.747 -0.94 0.134 0.11771428571428573 0.4117647058823529 0.99 -0.6 -0.06 0.24933333333333332 0.8823529411764706 0.93 -0.87 0.151
0.0 0.0 0.0 0.0 0.0 0.0 0.0 0.0 0.0 0.0 0.0 0.0 0.0 0.0 0.0 0.0 0.0 0.0 0.0 0.0 0.0 0.0 0.0 1.0 0.0 0.5666666666666667 0.75 0.846 0.065 0.1 0.25 -0.0 0.1 0.16366666666666663 0.75 0.721 -0.2 -0.03 0.059 1.0 0.858 -0.94 0.247 -0.19 0.5 0.0 -0.19 -0.19 0.491 0.5 0.744 0.0 0.238
0.0 0.0 0.0 0.0 0.0 0.0 0.0 0.0 0.0 0.0 0.0 0.0 0.0 0.0 0.0 0.0 0.0 0.0 0.0 0.0 0.0 0.0 0.0 1.0 0.0 0.0 0.0 0.0 0.0 0.585 1.0 -0.0 0.87 -0.855 1.0 0.0 -0.87 -0.84 0.203 0.5 0.203 0.0 0.203 -0.78 1.0 0.0 -0.96 -0.96 -0.38 1.0 0.06 -0.82 -0.82
0.0 0.0 0.0 0.0 0.0 0.0 0.0 0.0 0.0 0.0 0.0 0.0 0.0 0.0 0.0 0.0 0.0 0.0 0.0 0.0 0.0 0.0 0.0 1.0 0.0 0.5715 0.5 0.935 0.935 0.29000000000000004 0.5 -0.0 0.28 -0.05224999999999999 1.0 0.956 -0.87 -0.59 0.20133333333333334 0.75 0.239 0.0 0.162 -0.10999999999999999 0.75 0.221 -0.6 0.221 0.20500000000000002 1.0 0.914 -0.5 -0.5
0.0 0.0 0.0 0.0 0.0 0.0 0.0 0.0 0.0 1.0 0.0 0.0 0.0 0.0 0.0 0.0 0.0 0.0 0.0 0.0 0.0 0.0 0.0 1.0 0.0 0.387 1.0 0.713 0.061 0.0 0.0 -0.0 -0.0 0.33099999999999996 1.0 0.702 -0.04 -0.04 -0.27 1.0 0.11 -0.65 0.11 0.0 0.0 0.0 0.0 0.0 0.452 1.0 0.788 0.0 0.116
0.0 0.0 0.0 0.0 0.0 0.0 1.0 0.0 0.0 0.0 0.0 0.0 0.0 0.0 0.0 0.0 0.0 0.0 0.0 0.0 0.0 1.0 0.0 0.0 0.0 0.746 1.0 0.746 0.746 0.0 0.0 -0.0 -0.0 0.723 1.0 0.723 0.0 0.723 0.0 0.0 0.0 0.0 0.0 0.0 0.0 0.0 0.0 0.0 0.769 1.0 0.769 0.0 0.769
0.0 0.0 0.0 0.0 0.0 0.0 0.0 0.0 0.0 0.0 0.0 0.0 0.0 0.0 0.0 0.0 0.0 0.0 0.0 0.0 0.0 0.0 0.0 1.0 0.0 0.6203333333333334 0.8571428571428571 0.935 0.934 0.05 0.14285714285714285 -0.0 0.05 0.4904285714285714 1.0 0.984 -0.04 -0.02 0.1335 0.5714285714285714 0.884 -0.79 0.884 -0.041 0.42857142857142855 0.077 -0.11 0.077 0.5790000000000001 0.5714285714285714 0.935 0.0 0.257
0.0 0.0 0.0 0.0 0.0 0.0 0.0 0.0 0.0 0.0 0.0 0.0 0.0 0.0 0.0 0.0 0.0 0.0 0.0 0.0 0.0 0.0 0.0 1.0 0.0 0.62625 0.8 0.849 0.806 0.65 0.2 -0.0 0.65 0.3122000000000001 1.0 0.922 -0.86 -0.86 0.20274999999999999 0.8 0.776 -0.79 0.715 0.609 0.2 0.609 0.0 0.609 0.33675000000000005 0.8 0.935 -0.5 -0.5
0.0 0.0 0.0 0.0 0.0 1.0 1.0 0.0 1.0 0.0 0.0 0.0 0.0 1.0 0.0 0.0 0.0 0.0 0.0 0.0 0.0 0.0 1.0 0.0 0.0 0.6390588235294117 0.8947368421052632 0.935 0.841 0.7 0.10526315789473684 -0.0 0.74 0.475375 0.8421052631578947 0.956 -0.78 0.785 0.2658666666666667 0.7894736842105263 0.949 -0.94 0.76 0.0648 0.2631578947368421 0.585 -0.21 -0.06 0.4561875 0.8421052631578947 0.979 -0.74 0.979
0.0 0.0 0.0 0.0 0.0 0.0 0.0 0.0 0.0 0.0 0.0 0.0 0.0 0.0 0.0 0.0 0.0 0.0 0.0 0.0 0.0 0.0 0.0 0.0 0.0 0.818 0.5 0.818 0.818 0.81 0.5 -0.0 0.81 -0.1255 1.0 0.699 -0.95 0.699 -0.83 0.5 0.0 -0.83 -0.83 0.721 0.5 0.721 0.0 0.721 0.08450000000000002 1.0 0.919 -0.75 0.919
0.0 0.0 0.0 0.0 0.0 0.0 1.0 0.0 0.0 0.0 0.0 0.0 0.0 0.0 0.0 0.0 0.0 0.0 0.0 0.0 0.0 1.0 0.0 0.0 0.0 0.35400000000000004 0.75 0.746 0.108 0.81 0.25 -0.0 0.81 0.022666666666666686 0.75 0.723 -0.95 -0.95 0.16 0.5 0.239 0.0 0.081 0.385 0.5 0.721 0.0 0.721 0.12475 1.0 0.769 -0.75 0.134
0.0 0.0 0.0 0.0 0.0 0.0 0.0 0.0 0.0 0.0 0.0 0.0 0.0 0.0 0.0 0.0 0.0 0.0 0.0 0.0 0.0 0.0 0.0 1.0 0.0 0.5696499999999999 0.8333333333333334 0.939 0.753 0.8400000000000001 0.16666666666666666 -0.0 0.75 0.34054999999999996 0.8333333333333334 0.956 -0.99 0.541 0.154 0.7916666666666666 0.979 -0.88 -0.86 0.142 0.25 0.717 -0.18 0.717 0.214578947368421 0.7916666666666666 0.947 -0.93 -0.8
0.0 0.0 0.0 0.0 0.0 0.0 0.0 0.0 0.0 0.0 0.0 0.0 0.0 0.0 0.0 0.0 0.0 0.0 0.0 0.0 0.0 0.0 0.0 1.0 0.0 0.7985 0.6666666666666666 0.857 0.761 0.6499999999999999 0.3333333333333333 -0.0 0.72 0.34066666666666673 1.0 0.935 -0.7 -0.7 -0.3223333333333333 0.5 0.773 -0.94 -0.8 -0.08949999999999997 0.3333333333333333 0.561 -0.74 -0.74 0.4528 0.8333333333333334 0.892 -0.62 0.547
0.0 0.0 0.0 0.0 0.0 4.0 2.0 0.0 1.0 0.0 0.0 4.0 0.0 0.0 0.0 0.0 0.0 0.0 0.0 0.0 0.0 0.0 0.0 0.0 0.0 0.5417681159420289 0.92 0.992 0.774 0.4449999999999999 0.08 -0.0 0.31 0.43863333333333326 0.8 0.964 -0.78 0.81 0.11915873015873016 0.84 0.995 -0.96 0.739 -0.0033913043478260804 0.30666666666666664 0.82 -0.74 0.659 0.4189500000000001 0.8 0.99 -0.78 -0.65
0.0 0.0 0.0 0.0 0.0 0.0 0.0 0.0 0.0 0.0 0.0 0.0 0.0 0.0 0.0 0.0 0.0 0.0 0.0 0.0 0.0 0.0 0.0 1.0 0.0 0.5650000000000001 0.6666666666666666 0.789 0.341 0.78 0.3333333333333333 -0.0 0.78 0.19333333333333333 1.0 0.721 -0.75 0.609 0.7275 0.6666666666666666 0.858 0.0 0.597 0.295 0.6666666666666666 0.82 -0.23 -0.23 0.398 0.3333333333333333 0.398 0.0 0.398
0.0 0.0 0.0 0.0 0.0 0.0 1.0 0.0 0.0 0.0 0.0 0.0 0.0 0.0 0.0 0.0 0.0 0.0 0.0 0.0 0.0 1.0 0.0 0.0 0.0 0.8180000000000001 0.5 0.857 0.857 0.35500000000000004 0.5 -0.0 0.05 0.21225 1.0 0.905 -0.78 -0.06 0.49566666666666664 0.75 0.773 -0.05 -0.05 0.311 0.5 0.585 0.0 0.037 0.228 1.0 0.892 -0.63 -0.14
0.0 0.0 0.0 0.0 0.0 0.0 1.0 0.0 0.0 0.0 0.0 0.0 0.0 0.0 0.0 0.0 0.0 0.0 0.0 0.0 0.0 1.0 0.0 0.0 0.0 0.868 1.0 0.868 0.868 0.0 0.0 -0.0 -0.0 0.905 1.0 0.905 0.0 0.905 0.779 1.0 0.779 0.0 0.779 0.0 0.0 0.0 0.0 0.0 0.921 1.0 0.921 0.0 0.921
0.0 0.0 0.0 0.0 0.0 0.0 0.0 0.0 1.0 0.0 0.0 0.0 0.0 0.0 0.0 0.0 0.0 0.0 0.0 0.0 0.0 0.0 0.0 1.0 0.0 0.59225 0.8571428571428571 0.939 0.806 0.7 0.14285714285714285 -0.0 0.82 0.4347692307692308 0.9285714285714286 0.956 -0.84 0.906 0.3963 0.7142857142857143 0.979 -0.88 0.715 -0.13 0.35714285714285715 0.561 -0.8 -0.1 0.43710000000000004 0.7142857142857143 0.96 -0.62 0.796
0.0 0.0 0.0 0.0 0.0 0.0 0.0 0.0 0.0 0.0 0.0 0.0 0.0 0.0 0.0 0.0 0.0 0.0 0.0 0.0 0.0 0.0 0.0 1.0 0.0 0.62625 0.8 0.849 0.806 0.65 0.2 -0.0 0.65 0.3122000000000001 1.0 0.922 -0.86 -0.86 0.20274999999999999 0.8 0.776 -0.79 0.715 0.609 0.2 0.609 0.0 0.609 0.33675000000000005 0.8 0.935 -0.5 -0.5
0.0 0.0 0.0 0.0 0.0 0.0 1.0 0.0 0.0 0.0 0.0 0.0 0.0 0.0 0.0 0.0 0.0 0.0 0.0 0.0 0.0 1.0 0.0 0.0 0.0 0.911 1.0 0.911 0.911 0.0 0.0 -0.0 -0.0 0.865 1.0 0.865 0.0 0.865 0.0 0.0 0.0 0.0 0.0 0.0 0.0 0.0 0.0 0.0 0.958 1.0 0.958 0.0 0.958
0.0 0.0 0.0 0.0 0.0 0.0 0.0 0.0 0.0 0.0 0.0 0.0 0.0 0.0 0.0 0.0 0.0 0.0 0.0 0.0 0.0 0.0 0.0 1.0 0.0 0.42311111111111116 0.9 0.935 0.055 0.48 0.1 -0.0 0.48 0.2544 1.0 0.956 -0.87 0.039 -0.05655555555555555 0.9 0.773 -0.79 0.109 0.07799999999999999 0.5 0.98 -0.34 -0.07 0.4206666666666667 0.9 0.935 -0.76 0.147
0.0 0.0 0.0 0.0 0.0 0.0 1.0 0.0 0.0 0.0 0.0 0.0 0.0 0.0 0.0 0.0 0.0 0.0 0.0 0.0 0.0 1.0 0.0 0.0 0.0 0.746 1.0 0.746 0.746 0.0 0.0 -0.0 -0.0 0.723 1.0 0.723 0.0 0.723 0.0 0.0 0.0 0.0 0.0 0.0 0.0 0.0 0.0 0.0 0.769 1.0 0.769 0.0 0.769
0.0 0.0 0.0 0.0 0.0 0.0 0.0 0.0 0.0 1.0 0.0 0.0 0.0 1.0 0.0 0.0 0.0 0.0 0.0 1.0 0.0 0.0 0.0 0.0 0.0 0.6563157894736843 0.8636363636363636 0.935 0.868 0.7633333333333333 0.13636363636363635 -0.0 0.65 0.46221052631578946 0.8636363636363636 0.99 -0.86 -0.86 0.27573333333333333 0.6818181818181818 0.917 -1.0 0.792 0.3621666666666667 0.2727272727272727 0.948 -0.09 0.609 0.3558750000000001 0.7272727272727273 0.935 -0.82 -0.5
0.0 0.0 0.0 0.0 0.0 0.0 1.0 0.0 0.0 0.0 0.0 0.0 0.0 0.0 0.0 0.0 0.0 0.0 0.0 0.0 0.0 1.0 0.0 0.0 0.0 0.5883333333333334 0.75 0.811 0.811 0.95 0.25 -0.0 0.95 0.22925 1.0 0.849 -0.95 0.849 0.5145 0.5 0.79 0.0 0.79 -0.45049999999999996 0.5 0.049 -0.95 -0.95 0.636 0.75 0.793 0.0 0.793
0.0 0.0 0.0 0.0 0.0 0.0 1.0 0.0 0.0 0.0 0.0 0.0 1.0 0.0 0.0 0.0 0.0 0.0 0.0 0.0 0.0 0.0 0.0 1.0 0.0 0.367 1.0 0.935 0.163 0.0 0.0 -0.0 -0.0 0.5223333333333334 0.75 0.956 0.0 0.096 0.3136666666666666 0.75 0.568 0.0 0.296 -0.185 0.5 0.0 -0.22 -0.15 0.43300000000000005 1.0 0.914 0.0 0.419
0.0 0.0 0.0 0.0 0.0 0.0 0.0 0.0 0.0 0.0 0.0 0.0 0.0 0.0 0.0 0.0 0.0 0.0 0.0 0.0 0.0 0.0 0.0 1.0 0.0 0.746 1.0 0.746 0.746 0.0 0.0 -0.0 -0.0 0.723 1.0 0.723 0.0 0.723 0.0 0.0 0.0 0.0 0.0 0.0 0.0 0.0 0.0 0.0 0.769 1.0 0.769 0.0 0.769
0.0 0.0 0.0 0.0 1.0 0.0 0.0 0.0 1.0 0.0 0.0 0.0 0.0 0.0 0.0 0.0 0.0 0.0 0.0 0.0 0.0 0.0 0.0 1.0 0.0 0.6116666666666667 0.75 0.935 0.186 0.7 0.25 -0.0 0.66 0.27199999999999996 0.875 0.956 -0.78 0.829 0.13649999999999998 0.5 0.715 -0.65 0.29 0.22249999999999998 0.25 0.585 -0.14 -0.14 0.2724285714285714 0.875 0.959 -0.74 0.418
0.0 0.0 0.0 0.0 0.0 0.0 1.0 0.0 0.0 0.0 0.0 0.0 0.0 2.0 0.0 0.0 0.0 0.0 0.0 0.0 0.0 0.0 0.0 1.0 0.0 0.4344615384615385 0.7428571428571429 0.935 0.12 0.51 0.2571428571428571 -0.0 0.06 0.1536774193548387 0.8857142857142857 0.956 -0.99 -0.1 0.11041666666666666 0.6857142857142857 0.858 -0.79 0.333 -0.07378947368421053 0.5428571428571428 0.585 -0.92 0.02 0.3487666666666667 0.8571428571428571 0.935 -0.96 -0.88
0.0 0.0 0.0 0.0 0.0 0.0 1.0 0.0 0.0 0.0 0.0 0.0 0.0 0.0 0.0 0.0 0.0 0.0 0.0 0.0 0.0 1.0 0.0 0.0 0.0 0.746 1.0 0.746 0.746 0.0 0.0 -0.0 -0.0 0.723 1.0 0.723 0.0 0.723 0.0 0.0 0.0 0.0 0.0 0.0 0.0 0.0 0.0 0.0 0.769 1.0 0.769 0.0 0.769
0.0 0.0 0.0 0.0 0.0 0.0 1.0 0.0 0.0 0.0 0.0 0.0 0.0 0.0 0.0 0.0 0.0 0.0 0.0 0.0 0.0 1.0 0.0 0.0 0.0 0.436 0.6666666666666666 0.746 0.746 0.09 0.3333333333333333 -0.0 0.09 0.22066666666666665 1.0 0.723 -0.12 0.723 0.294 0.3333333333333333 0.294 0.0 0.294 -0.12 0.3333333333333333 0.0 -0.12 -0.12 0.32666666666666666 1.0 0.769 -0.06 0.769
0.0 0.0 0.0 0.0 0.0 0.0 0.0 0.0 0.0 0.0 0.0 0.0 0.0 0.0 0.0 0.0 0.0 0.0 0.0 0.0 0.0 0.0 0.0 1.0 0.0 0.6916666666666669 0.8181818181818182 0.935 0.727 0.6699999999999999 0.18181818181818182 -0.0 0.58 0.42963636363636354 1.0 0.956 -0.75 0.577 -0.057600000000000005 0.45454545454545453 0.964 -0.94 -0.94 -0.02774999999999998 0.36363636363636365 0.561 -0.77 0.049 0.5586666666666668 0.8181818181818182 0.935 -0.62 0.655
0.0 0.0 0.0 0.0 0.0 0.0 0.0 0.0 0.0 0.0 0.0 0.0 0.0 0.0 0.0 0.0 0.0 0.0 0.0 0.0 0.0 0.0 0.0 0.0 0.0 0.746 1.0 0.746 0.746 0.0 0.0 -0.0 -0.0 0.723 1.0 0.723 0.0 0.723 0.0 0.0 0.0 0.0 0.0 0.0 0.0 0.0 0.0 0.0 0.769 1.0 0.769 0.0 0.769
0.0 0.0 0.0 0.0 0.0 0.0 0.0 0.0 0.0 0.0 0.0 1.0 0.0 1.0 0.0 0.0 0.0 0.0 0.0 0.0 0.0 0.0 0.0 0.0 0.0 0.6777500000000001 0.6666666666666666 0.935 0.112 0.58 0.3333333333333333 -0.0 0.58 0.24 1.0 0.956 -0.58 -0.58 0.4345 0.3333333333333333 0.776 0.0 0.093 0.561 0.3333333333333333 0.561 0.0 0.561 0.165 0.8333333333333334 0.928 -0.62 -0.62
0.0 0.0 0.0 0.0 0.0 0.0 0.0 0.0 0.0 0.0 0.0 0.0 0.0 0.0 0.0 0.0 0.0 0.0 0.0 0.0 0.0 0.0 0.0 0.0 0.0 0.7805 1.0 0.815 0.746 0.0 0.0 -0.0 -0.0 0.7124999999999999 1.0 0.723 0.0 0.723 0.0 0.0 0.0 0.0 0.0 0.0 0.0 0.0 0.0 0.0 0.8485 1.0 0.928 0.0 0.769
0.0 0.0 0.0 0.0 0.0 0.0 0.0 0.0 0.0 0.0 0.0 0.0 0.0 0.0 0.0 0.0 0.0 0.0 0.0 0.0 0.0 0.0 0.0 1.0 0.0 0.44060000000000005 0.8333333333333334 0.935 0.258 0.58 0.16666666666666666 -0.0 0.58 0.33420000000000005 0.8333333333333334 0.956 -0.58 0.277 0.16933333333333334 0.5 0.239 0.0 0.161 0.213 0.5 0.561 0.0 0.561 0.306 1.0 0.914 -0.62 0.337
0.0 0.0 0.0 0.0 0.0 1.0 1.0 0.0 0.0 0.0 0.0 0.0 0.0 0.0 0.0 0.0 0.0 0.0 0.0 0.0 0.0 0.0 0.0 0.0 0.0 0.6855 0.8 0.935 0.853 0.58 0.2 -0.0 0.58 0.34850000000000003 0.8 0.956 -0.58 -0.58 -0.3055 0.4 0.239 -0.85 -0.85 0.30500000000000005 0.4 0.561 0.0 0.561 0.45299999999999996 1.0 0.914 -0.62 0.856
0.0 0.0 0.0 0.0 0.0 0.0 1.0 0.0 0.0 0.0 0.0 0.0 0.0 0.0 0.0 0.0 0.0 0.0 0.0 0.0 0.0 1.0 0.0 0.0 0.0 0.5586666666666666 1.0 0.815 0.746 0.0 0.0 -0.0 -0.0 0.49466666666666664 1.0 0.723 0.0 0.723 0.274 0.3333333333333333 0.274 0.0 0.274 -0.11 0.3333333333333333 0.0 -0.11 -0.11 0.6470000000000001 1.0 0.928 0.0 0.769
0.0 0.0 0.0 0.0 0.0 0.0 0.0 0.0 0.0 0.0 0.0 0.0 0.0 0.0 0.0 0.0 0.0 0.0 0.0 0.0 0.0 0.0 0.0 1.0 0.0 0.746 1.0 0.746 0.746 0.0 0.0 -0.0 -0.0 0.723 1.0 0.723 0.0 0.723 0.0 0.0 0.0 0.0 0.0 0.0 0.0 0.0 0.0 0.0 0.769 1.0 0.769 0.0 0.769
0.0 0.0 0.0 0.0 0.0 0.0 0.0 0.0 0.0 0.0 0.0 0.0 0.0 0.0 0.0 0.0 0.0 0.0 0.0 0.0 0.0 0.0 0.0 1.0 0.0 0.746 1.0 0.746 0.746 0.0 0.0 -0.0 -0.0 0.723 1.0 0.723 0.0 0.723 0.0 0.0 0.0 0.0 0.0 0.0 0.0 0.0 0.0 0.0 0.769 1.0 0.769 0.0 0.769
0.0 0.0 0.0 0.0 0.0 0.0 1.0 0.0 0.0 0.0 0.0 0.0 0.0 0.0 0.0 0.0 0.0 0.0 0.0 0.0 0.0 1.0 0.0 0.0 0.0 0.911 1.0 0.911 0.911 0.0 0.0 -0.0 -0.0 0.865 1.0 0.865 0.0 0.865 0.0 0.0 0.0 0.0 0.0 0.0 0.0 0.0 0.0 0.0 0.958 1.0 0.958 0.0 0.958
0.0 0.0 0.0 0.0 0.0 0.0 0.0 0.0 0.0 0.0 0.0 0.0 0.0 0.0 0.0 0.0 0.0 0.0 0.0 0.0 0.0 0.0 0.0 0.0 0.0 0.7623333333333333 1.0 0.789 0.746 0.0 0.0 -0.0 -0.0 0.6779999999999999 0.6666666666666666 0.723 0.0 0.723 -0.79 0.3333333333333333 0.0 -0.79 -0.79 0.0 0.0 0.0 0.0 0.0 0.8186666666666667 1.0 0.935 0.0 0.769
0.0 0.0 0.0 0.0 1.0 0.0 0.0 0.0 0.0 0.0 0.0 1.0 0.0 0.0 0.0 0.0 0.0 0.0 0.0 0.0 0.0 0.0 0.0 1.0 0.0 0.5559999999999999 0.6666666666666666 0.935 0.935 0.6933333333333334 0.3333333333333333 -0.0 0.72 0.06311111111111112 1.0 0.956 -0.99 -0.99 -0.284 0.4444444444444444 0.171 -0.79 0.171 0.238 0.4444444444444444 0.651 -0.11 0.651 0.22977777777777783 1.0 0.935 -0.73 -0.51
0.0 0.0 0.0 0.0 0.0 0.0 1.0 0.0 0.0 0.0 0.0 0.0 0.0 0.0 0.0 0.0 0.0 0.0 0.0 0.0 0.0 1.0 0.0 0.0 0.0 0.7805 1.0 0.815 0.746 0.0 0.0 -0.0 -0.0 0.7124999999999999 1.0 0.723 0.0 0.723 0.0 0.0 0.0 0.0 0.0 0.0 0.0 0.0 0.0 0.0 0.8485 1.0 0.928 0.0 0.769
0.0 0.0 0.0 0.0 0.0 0.0 0.0 0.0 0.0 0.0 0.0 0.0 0.0 0.0 0.0 0.0 0.0 0.0 0.0 0.0 0.0 0.0 0.0 1.0 0.0 0.638 0.8 0.931 0.746 0.09 0.2 -0.0 0.09 0.5335 0.8 0.898 -0.12 0.723 0.1233333333333333 0.6 0.964 -0.79 0.964 -0.13 0.2 0.0 -0.13 -0.13 0.45899999999999996 0.8 0.935 -0.06 0.769
0.0 0.0 0.0 0.0 0.0 0.0 0.0 0.0 0.0 0.0 0.0 0.0 0.0 0.0 0.0 0.0 0.0 0.0 0.0 0.0 0.0 0.0 0.0 1.0 0.0 0.746 1.0 0.746 0.746 0.0 0.0 -0.0 -0.0 0.723 1.0 0.723 0.0 0.723 0.0 0.0 0.0 0.0 0.0 0.0 0.0 0.0 0.0 0.0 0.769 1.0 0.769 0.0 0.769
0.0 0.0 0.0 0.0 0.0 1.0 0.0 0.0 0.0 0.0 0.0 0.0 0.0 0.0 0.0 0.0 0.0 0.0 0.0 0.0 0.0 0.0 1.0 0.0 0.0 0.5229230769230769 1.0 0.935 0.849 0.0 0.0 -0.0 -0.0 0.52 0.8461538461538461 0.956 -0.03 0.907 0.016666666666666656 0.6923076923076923 0.712 -0.94 -0.94 -0.09275 0.3076923076923077 0.049 -0.23 -0.23 0.5574166666666666 0.9230769230769231 0.935 0.0 0.79
0.0 0.0 0.0 0.0 0.0 0.0 1.0 0.0 0.0 0.0 0.0 0.0 0.0 0.0 0.0 0.0 0.0 0.0 0.0 0.0 0.0 1.0 0.0 0.0 0.0 0.796 1.0 0.846 0.746 0.0 0.0 -0.0 -0.0 0.723 0.5 0.723 0.0 0.723 -0.94 0.5 0.0 -0.94 -0.94 0.0 0.0 0.0 0.0 0.0 0.7565 1.0 0.769 0.0 0.769
0.0 0.0 0.0 0.0 0.0 0.0 0.0 0.0 0.0 0.0 0.0 0.0 0.0 0.0 0.0 0.0 0.0 0.0 0.0 0.0 0.0 0.0 0.0 1.0 0.0 0.437 1.0 0.815 0.072 0.0 0.0 -0.0 -0.0 0.38275 1.0 0.723 0.0 0.047 0.20350000000000001 0.5 0.274 0.0 0.133 -0.11 0.5 0.0 -0.11 -0.11 0.5402500000000001 1.0 0.928 0.0 0.22
0.0 0.0 0.0 0.0 0.0 0.0 0.0 0.0 0.0 0.0 0.0 0.0 0.0 0.0 0.0 0.0 0.0 0.0 0.0 0.0 0.0 0.0 0.0 1.0 0.0 0.82025 1.0 0.931 0.746 0.0 0.0 -0.0 -0.0 0.739 1.0 0.898 0.0 0.723 0.08699999999999997 0.5 0.964 -0.79 0.964 0.0 0.0 0.0 0.0 0.0 0.8773333333333334 0.75 0.935 0.0 0.769
0.0 0.0 0.0 0.0 0.0 0.0 0.0 0.0 0.0 0.0 0.0 0.0 0.0 0.0 0.0 0.0 0.0 0.0 0.0 0.0 0.0 0.0 0.0 0.0 0.0 0.59975 1.0 0.815 0.746 0.0 0.0 -0.0 -0.0 0.525 1.0 0.723 0.0 0.723 -0.46 0.5 0.0 -0.79 -0.13 0.029 0.25 0.029 0.0 0.029 0.8773333333333334 0.75 0.935 0.0 0.769
0.0 0.0 0.0 0.0 0.0 1.0 0.0 0.0 0.0 0.0 0.0 0.0 0.0 0.0 0.0 0.0 0.0 0.0 0.0 0.0 0.0 0.0 0.0 0.0 0.0 0.6884 0.8333333333333334 0.935 0.746 0.58 0.16666666666666666 -0.0 0.58 0.3392 0.8333333333333334 0.956 -0.58 0.723 0.037666666666666675 0.5 0.96 -0.94 0.093 0.561 0.16666666666666666 0.561 0.0 0.561 0.47100000000000003 1.0 0.914 -0.62 0.769
0.0 0.0 0.0 0.0 0.0 0.0 0.0 0.0 0.0 0.0 0.0 1.0 0.0 0.0 0.0 0.0 0.0 0.0 0.0 0.0 0.0 0.0 0.0 0.0 0.0 0.525448275862069 0.7435897435897436 0.939 0.29 0.6600000000000001 0.2564102564102564 -0.0 0.66 0.11384375 0.8205128205128205 0.956 -0.95 0.405 0.49899999999999994 0.5897435897435898 0.979 0.0 0.638 0.24452631578947362 0.48717948717948717 0.991 -0.44 -0.36 0.18814705882352947 0.8717948717948718 0.947 -0.81 0.484
0.0 0.0 0.0 0.0 0.0 0.0 0.0 0.0 0.0 0.0 0.0 0.0 0.0 0.0 0.0 0.0 0.0 0.0 0.0 0.0 0.0 0.0 0.0 1.0 0.0 0.771 1.0 0.796 0.796 0.0 0.0 -0.0 -0.0 0.723 0.5 0.723 0.0 0.723 -0.79 0.5 0.0 -0.79 -0.79 0.0 0.0 0.0 0.0 0.0 0.7825 1.0 0.796 0.0 0.796
0.0 0.0 0.0 0.0 0.0 0.0 1.0 0.0 0.0 0.0 0.0 0.0 0.0 0.0 0.0 0.0 0.0 0.0 0.0 0.0 0.0 1.0 0.0 0.0 0.0 0.82025 1.0 0.931 0.746 0.0 0.0 -0.0 -0.0 0.739 1.0 0.898 0.0 0.723 0.08699999999999997 0.5 0.964 -0.79 0.964 0.0 0.0 0.0 0.0 0.0 0.8773333333333334 0.75 0.935 0.0 0.769
0.0 0.0 0.0 0.0 0.0 0.0 0.0 0.0 0.0 0.0 0.0 1.0 0.0 0.0 0.0 0.0 0.0 0.0 0.0 0.0 0.0 0.0 0.0 1.0 0.0 0.45914285714285713 0.7777777777777778 0.935 0.095 0.6050000000000001 0.2222222222222222 -0.0 0.1 0.149 0.8888888888888888 0.956 -0.95 -0.09 -0.07518181818181818 0.6111111111111112 0.715 -0.94 0.097 0.2255 0.4444444444444444 0.721 -0.26 -0.05 0.23117647058823532 0.9444444444444444 0.935 -0.75 -0.1
0.0 0.0 0.0 0.0 0.0 0.0 0.0 0.0 0.0 1.0 0.0 3.0 0.0 1.0 0.0 0.0 0.0 0.0 0.0 0.0 0.0 0.0 0.0 1.0 0.0 0.5336166666666667 0.8823529411764706 0.939 0.12 0.4275 0.11764705882352941 -0.0 0.75 0.3805789473684209 0.8382352941176471 0.967 -0.75 0.723 0.28194230769230777 0.7647058823529411 0.979 -0.94 0.239 0.05835714285714287 0.4117647058823529 0.82 -0.2 0.049 0.44782978723404254 0.6911764705882353 0.947 -0.62 0.12
0.0 0.0 0.0 0.0 0.0 0.0 0.0 0.0 0.0 0.0 0.0 0.0 0.0 0.0 0.0 0.0 0.0 0.0 0.0 0.0 0.0 0.0 0.0 1.0 0.0 0.46775 0.8 0.833 0.084 0.89 0.2 -0.0 0.89 0.19960000000000003 1.0 0.92 -0.83 -0.11 -0.11933333333333335 0.6 0.283 -0.88 0.283 0.253 0.6 0.87 -0.16 -0.16 0.23420000000000002 1.0 0.769 -0.97 0.331
0.0 0.0 0.0 0.0 0.0 0.0 0.0 0.0 0.0 1.0 0.0 0.0 0.0 0.0 0.0 0.0 0.0 0.0 0.0 0.0 0.0 0.0 0.0 0.0 0.0 0.48 1.0 0.833 0.833 0.0 0.0 -0.0 -0.0 0.516 1.0 0.92 0.0 0.92 -0.88 0.5 0.0 -0.88 -0.88 0.0 0.0 0.0 0.0 0.0 0.418 1.0 0.695 0.0 0.695
0.0 0.0 0.0 0.0 0.0 0.0 0.0 0.0 0.0 0.0 0.0 0.0 0.0 0.0 0.0 0.0 0.0 0.0 0.0 0.0 0.0 0.0 0.0 0.0 0.0 0.746 1.0 0.746 0.746 0.0 0.0 -0.0 -0.0 0.723 1.0 0.723 0.0 0.723 0.0 0.0 0.0 0.0 0.0 0.0 0.0 0.0 0.0 0.0 0.769 1.0 0.769 0.0 0.769
0.0 0.0 0.0 0.0 0.0 0.0 0.0 0.0 0.0 0.0 0.0 0.0 0.0 0.0 0.0 0.0 0.0 0.0 0.0 0.0 0.0 0.0 0.0 0.0 0.0 0.717 0.8333333333333334 0.935 0.931 0.58 0.16666666666666666 -0.0 0.58 0.5028333333333334 1.0 0.956 -0.58 0.898 0.17766666666666664 0.5 0.964 -0.67 0.964 0.30500000000000005 0.3333333333333333 0.561 0.0 0.561 0.4614 0.8333333333333334 0.914 -0.62 0.898
0.0 0.0 0.0 0.0 0.0 0.0 1.0 0.0 0.0 0.0 0.0 0.0 0.0 0.0 0.0 0.0 0.0 0.0 0.0 0.0 0.0 1.0 0.0 0.0 0.0 0.416 0.4 0.746 0.746 0.7466666666666667 0.6 -0.0 0.87 -0.42425 0.8 0.723 -0.98 0.723 0.196 0.2 0.196 0.0 0.196 0.5405 0.8 0.959 -0.13 0.959 -0.2138 1.0 0.769 -0.73 0.769
0.0 0.0 0.0 0.0 0.0 0.0 0.0 0.0 0.0 0.0 0.0 0.0 0.0 0.0 0.0 0.0 0.0 0.0 0.0 0.0 0.0 0.0 0.0 1.0 0.0 0.6136666666666667 1.0 0.911 0.911 0.0 0.0 -0.0 -0.0 0.5419999999999999 1.0 0.865 0.0 0.865 0.274 0.3333333333333333 0.274 0.0 0.274 -0.11 0.3333333333333333 0.0 -0.11 -0.11 0.71 1.0 0.958 0.0 0.958
0.0 0.0 0.0 0.0 0.0 0.0 0.0 0.0 0.0 0.0 0.0 0.0 0.0 1.0 0.0 0.0 0.0 0.0 0.0 0.0 0.0 0.0 0.0 1.0 0.0 0.6208461538461539 0.9285714285714286 0.935 0.823 0.58 0.07142857142857142 -0.0 0.58 0.5063333333333333 0.8571428571428571 0.956 -0.58 0.854 -0.07750000000000001 0.7142857142857143 0.964 -0.94 -0.7 0.07980000000000001 0.35714285714285715 0.561 -0.13 0.049 0.5990833333333333 0.8571428571428571 0.958 -0.62 0.912
0.0 0.0 0.0 0.0 0.0 0.0 1.0 0.0 0.0 0.0 0.0 0.0 0.0 0.0 0.0 0.0 0.0 0.0 0.0 0.0 0.0 1.0 0.0 0.0 0.0 0.796 1.0 0.846 0.746 0.0 0.0 -0.0 -0.0 0.723 0.5 0.723 0.0 0.723 -0.94 0.5 0.0 -0.94 -0.94 0.0 0.0 0.0 0.0 0.0 0.7565 1.0 0.769 0.0 0.769
0.0 0.0 0.0 0.0 0.0 0.0 0.0 0.0 0.0 0.0 0.0 0.0 0.0 0.0 0.0 0.0 0.0 0.0 0.0 0.0 0.0 0.0 0.0 1.0 0.0 0.638 0.8 0.931 0.746 0.1 0.2 -0.0 0.1 0.5135 0.8 0.898 -0.2 -0.2 0.06749999999999998 0.8 0.964 -0.79 -0.1 -0.03 0.4 0.07 -0.13 0.07 0.414 0.8 0.935 -0.24 -0.24
0.0 0.0 0.0 0.0 0.0 0.0 0.0 0.0 0.0 0.0 0.0 0.0 0.0 0.0 0.0 0.0 0.0 0.0 0.0 0.0 0.0 0.0 0.0 0.0 0.0 0.5339999999999999 1.0 0.789 0.789 0.0 0.0 -0.0 -0.0 0.463 1.0 0.723 0.0 0.633 -0.316 0.6666666666666666 0.158 -0.79 -0.79 -0.06 0.3333333333333333 0.0 -0.06 -0.06 0.6163333333333334 1.0 0.935 0.0 0.935
0.0 0.0 0.0 0.0 0.0 0.0 0.0 0.0 0.0 0.0 0.0 0.0 0.0 0.0 0.0 0.0 0.0 0.0 0.0 0.0 0.0 0.0 0.0 1.0 0.0 0.49375 0.5714285714285714 0.935 0.086 0.7066666666666666 0.42857142857142855 -0.0 0.82 -0.07933333333333331 0.8571428571428571 0.956 -0.97 -0.97 0.2175 0.2857142857142857 0.239 0.0 0.196 0.32280000000000003 0.7142857142857143 0.856 -0.13 0.856 -0.0027142857142857485 1.0 0.914 -0.99 -0.63
0.0 0.0 0.0 0.0 0.0 0.0 1.0 0.0 0.0 0.0 0.0 0.0 0.0 0.0 0.0 0.0 0.0 0.0 0.0 0.0 0.0 1.0 0.0 0.0 0.0 0.416 0.6666666666666666 0.746 0.746 0.58 0.3333333333333333 -0.0 0.58 0.07150000000000001 0.6666666666666666 0.723 -0.58 0.723 0.196 0.3333333333333333 0.196 0.0 0.196 0.21550000000000002 0.6666666666666666 0.561 -0.13 -0.13 0.11366666666666668 1.0 0.769 -0.62 0.769
0.0 0.0 0.0 0.0 3.0 4.0 1.0 0.0 4.0 1.0 0.0 9.0 0.0 5.0 0.0 0.0 0.0 0.0 0.0 0.0 0.0 0.0 0.0 1.0 0.0 0.5834266666666668 0.7853403141361257 0.986 0.047 0.6343902439024389 0.21465968586387435 -0.0 0.86 0.2772838709677421 0.8115183246073299 0.986 -0.99 -0.86 0.014546874999999994 0.6701570680628273 0.992 -1.0 0.132 0.10867123287671235 0.38219895287958117 0.99 -1.0 -0.85 0.3317721518987341 0.8272251308900523 0.981 -1.0 0.057
0.0 0.0 0.0 0.0 0.0 0.0 0.0 0.0 0.0 0.0 0.0 0.0 0.0 0.0 0.0 0.0 0.0 0.0 0.0 0.0 0.0 0.0 0.0 1.0 0.0 0.572 1.0 0.849 0.806 0.0 0.0 -0.0 -0.0 0.596 1.0 0.922 -0.04 0.906 0.5336666666666666 1.0 0.776 0.0 0.715 0.0 0.0 0.0 0.0 0.0 0.456 0.6666666666666666 0.796 0.0 0.796
0.0 0.0 0.0 0.0 0.0 0.0 0.0 0.0 0.0 1.0 0.0 0.0 0.0 0.0 0.0 0.0 0.0 0.0 0.0 0.0 0.0 0.0 0.0 1.0 0.0 0.8763333333333333 1.0 0.939 0.911 0.0 0.0 -0.0 -0.0 0.882 0.6666666666666666 0.899 0.0 0.865 0.879 0.6666666666666666 0.979 0.0 0.779 0.0 0.0 0.0 0.0 0.0 0.958 0.3333333333333333 0.958 0.0 0.958
0.0 0.0 0.0 0.0 0.0 1.0 0.0 0.0 0.0 0.0 0.0 0.0 0.0 0.0 0.0 0.0 0.0 0.0 0.0 0.0 0.0 0.0 0.0 0.0 0.0 0.6855 0.6666666666666666 0.935 0.853 0.6950000000000001 0.3333333333333333 -0.0 0.58 0.08880000000000002 0.8333333333333334 0.956 -0.95 -0.58 -0.3055 0.3333333333333333 0.239 -0.85 -0.85 0.44366666666666665 0.5 0.721 0.0 0.561 0.2525 1.0 0.914 -0.75 0.856
0.0 0.0 0.0 0.0 0.0 0.0 0.0 0.0 0.0 0.0 0.0 0.0 0.0 0.0 0.0 0.0 0.0 0.0 0.0 0.0 0.0 0.0 0.0 1.0 0.0 0.6296666666666667 0.75 0.935 0.935 0.05 0.25 -0.0 0.05 0.4885 1.0 0.956 -0.02 -0.02 0.239 0.25 0.239 0.0 0.239 0.063 0.5 0.077 0.0 0.077 0.6763333333333333 0.75 0.914 0.0 0.914
0.0 0.0 0.0 0.0 0.0 0.0 2.0 0.0 0.0 0.0 0.0 0.0 0.0 0.0 0.0 0.0 0.0 0.0 0.0 0.0 0.0 1.0 0.0 0.0 0.0 0.5521428571428572 0.875 0.935 0.048 0.81 0.125 -0.0 0.81 0.42525 1.0 0.956 -0.77 -0.07 0.27366666666666667 0.375 0.497 0.0 0.186 0.089 0.5 0.816 -0.3 -0.1 0.40312500000000007 1.0 0.914 -0.85 0.181
0.0 0.0 0.0 0.0 0.0 0.0 1.0 0.0 0.0 0.0 0.0 0.0 0.0 0.0 0.0 0.0 0.0 0.0 0.0 0.0 0.0 1.0 0.0 0.0 0.0 0.79675 1.0 0.837 0.746 0.0 0.0 -0.0 -0.0 0.7357499999999999 1.0 0.885 0.0 0.723 -0.79 0.25 0.0 -0.79 -0.79 0.0 0.0 0.0 0.0 0.0 0.855 1.0 0.935 0.0 0.769
0.0 0.0 0.0 0.0 0.0 0.0 0.0 0.0 0.0 0.0 0.0 1.0 0.0 0.0 0.0 0.0 0.0 0.0 0.0 0.0 0.0 0.0 0.0 1.0 0.0 0.7373333333333334 0.75 0.935 0.935 0.745 0.25 -0.0 0.91 0.5181428571428571 0.875 0.956 -0.58 -0.58 0.13766666666666663 0.375 0.964 -0.79 0.239 0.48233333333333334 0.375 0.837 0.0 0.837 0.326 0.875 0.935 -0.99 -0.99
0.0 0.0 0.0 0.0 0.0 0.0 1.0 0.0 0.0 0.0 0.0 0.0 0.0 0.0 0.0 0.0 0.0 0.0 0.0 0.0 0.0 1.0 0.0 0.0 0.0 0.857 0.5 0.857 0.857 0.04 0.5 -0.0 0.04 0.35250000000000004 1.0 0.905 -0.2 -0.2 0.451 1.0 0.773 0.0 0.129 -0.17 0.5 0.0 -0.17 -0.17 0.47850000000000004 1.0 0.892 0.0 0.065
0.0 0.0 0.0 0.0 0.0 0.0 0.0 0.0 0.0 0.0 0.0 0.0 0.0 0.0 0.0 0.0 0.0 0.0 0.0 0.0 0.0 0.0 0.0 1.0 0.0 0.6823333333333336 1.0 0.935 0.727 0.0 0.0 -0.0 -0.0 0.682111111111111 1.0 0.981 0.0 0.577 -0.313 0.4444444444444444 0.239 -0.94 -0.94 0.049 0.2222222222222222 0.049 0.0 0.049 0.7067777777777778 1.0 0.935 0.0 0.655
0.0 0.0 0.0 0.0 0.0 0.0 0.0 0.0 0.0 0.0 0.0 0.0 0.0 0.0 0.0 0.0 0.0 0.0 0.0 0.0 0.0 0.0 0.0 0.0 0.0 0.5695 1.0 0.849 0.29 0.0 0.0 -0.0 -0.0 0.6635 1.0 0.922 0.0 0.405 0.7070000000000001 1.0 0.776 0.0 0.638 -0.36 0.5 0.0 -0.36 -0.36 0.484 0.5 0.484 0.0 0.484
0.0 0.0 0.0 0.0 0.0 0.0 0.0 0.0 0.0 0.0 0.0 0.0 0.0 0.0 0.0 0.0 0.0 0.0 0.0 0.0 0.0 0.0 0.0 1.0 0.0 0.557 0.6666666666666666 0.935 0.258 0.632 0.3333333333333333 -0.0 0.8 0.1538181818181818 0.7333333333333333 0.956 -0.95 0.277 -0.013714285714285731 0.4666666666666667 0.96 -0.96 0.161 0.20971428571428571 0.4666666666666667 0.948 -0.71 -0.71 0.2691428571428572 0.9333333333333333 0.974 -0.81 0.337
0.0 0.0 0.0 0.0 0.0 0.0 0.0 0.0 0.0 0.0 0.0 0.0 0.0 0.0 0.0 0.0 0.0 0.0 0.0 0.0 0.0 0.0 0.0 1.0 0.0 0.746 1.0 0.746 0.746 0.0 0.0 -0.0 -0.0 0.723 1.0 0.723 0.0 0.723 0.0 0.0 0.0 0.0 0.0 0.0 0.0 0.0 0.0 0.0 0.769 1.0 0.769 0.0 0.769
0.0 0.0 0.0 0.0 0.0 0.0 0.0 0.0 0.0 0.0 0.0 0.0 0.0 0.0 0.0 0.0 0.0 0.0 0.0 0.0 0.0 0.0 0.0 0.0 0.0 0.64175 0.8 0.849 0.746 0.09 0.2 -0.0 0.09 0.4226 1.0 0.726 -0.12 0.723 0.581 0.4 0.971 0.0 0.191 0.0 0.0 0.0 0.0 0.0 0.45875 0.8 0.928 -0.06 0.769
0.0 0.0 0.0 0.0 0.0 0.0 0.0 0.0 0.0 0.0 0.0 0.0 0.0 1.0 0.0 0.0 0.0 0.0 0.0 0.0 0.0 0.0 0.0 1.0 0.0 0.48392307692307696 0.8666666666666667 0.927 0.746 0.315 0.13333333333333333 -0.0 0.05 0.32142857142857145 0.9333333333333333 0.927 -0.58 0.723 -0.11627272727272729 0.7333333333333333 0.858 -0.94 0.151 0.04500000000000002 0.4 0.561 -0.13 -0.07 0.3467692307692308 0.8666666666666667 0.935 -0.62 0.769
0.0 0.0 0.0 0.0 0.0 0.0 1.0 0.0 0.0 0.0 0.0 0.0 0.0 0.0 0.0 0.0 0.0 0.0 0.0 0.0 0.0 1.0 0.0 0.0 0.0 0.5586666666666666 1.0 0.815 0.746 0.0 0.0 -0.0 -0.0 0.49466666666666664 1.0 0.723 0.0 0.723 0.274 0.3333333333333333 0.274 0.0 0.274 -0.11 0.3333333333333333 0.0 -0.11 -0.11 0.6470000000000001 1.0 0.928 0.0 0.769
0.0 0.0 0.0 0.0 0.0 0.0 0.0 0.0 0.0 0.0 0.0 0.0 0.0 0.0 0.0 0.0 0.0 0.0 0.0 0.0 0.0 0.0 0.0 1.0 0.0 0.37475 0.8 0.911 0.911 0.03 0.2 -0.0 0.03 0.38875 0.8 0.865 -0.02 0.865 0.10566666666666667 0.6 0.597 -0.23 -0.05 -0.039 0.6 0.082 -0.23 0.082 0.307 1.0 0.958 -0.07 0.958
0.0 0.0 0.0 0.0 0.0 0.0 0.0 0.0 0.0 0.0 0.0 0.0 0.0 0.0 0.0 0.0 0.0 0.0 0.0 0.0 0.0 0.0 0.0 0.0 0.0 0.66225 1.0 0.931 0.931 0.0 0.0 -0.0 -0.0 0.60125 1.0 0.898 0.0 0.898 0.5775 0.5 0.964 0.0 0.964 0.0 0.0 0.0 0.0 0.0 0.6316666666666667 0.75 0.928 0.0 0.198
0.0 0.0 0.0 0.0 0.0 0.0 0.0 0.0 0.0 0.0 0.0 1.0 0.0 0.0 0.0 0.0 0.0 0.0 0.0 0.0 0.0 0.0 0.0 1.0 0.0 0.5317500000000001 0.9230769230769231 0.935 0.258 0.1 0.07692307692307693 -0.0 0.1 0.4677272727272727 0.8461538461538461 0.956 -0.2 0.277 -0.11099999999999996 0.6153846153846154 0.274 -0.79 0.161 0.0134 0.38461538461538464 0.07 -0.11 0.07 0.5655833333333332 0.9230769230769231 0.935 -0.24 0.337
0.0 0.0 0.0 0.0 0.0 0.0 0.0 0.0 0.0 0.0 0.0 0.0 0.0 0.0 0.0 0.0 0.0 0.0 0.0 0.0 0.0 0.0 0.0 1.0 0.0 0.536 0.5714285714285714 0.935 0.155 0.7766666666666667 0.42857142857142855 -0.0 0.9 -0.23180000000000006 0.7142857142857143 0.956 -0.89 -0.89 -0.19766666666666666 0.42857142857142855 0.239 -0.94 0.108 -0.269 0.5714285714285714 0.585 -0.91 -0.91 0.31520000000000004 0.7142857142857143 0.914 -0.63 0.202
0.0 0.0 0.0 0.0 0.0 0.0 0.0 0.0 0.0 0.0 0.0 0.0 0.0 0.0 0.0 0.0 0.0 0.0 0.0 0.0 0.0 0.0 0.0 1.0 0.0 0.3455 0.5714285714285714 0.939 0.157 0.5166666666666667 0.42857142857142855 -0.0 0.73 -0.1378 0.7142857142857143 0.899 -0.81 -0.81 0.33625 0.5714285714285714 0.979 0.0 0.191 0.195 0.2857142857142857 0.52 -0.13 0.52 -0.19783333333333333 0.8571428571428571 0.198 -0.87 -0.87
0.0 0.0 0.0 0.0 1.0 0.0 0.0 0.0 0.0 0.0 0.0 0.0 0.0 1.0 0.0 0.0 0.0 0.0 0.0 0.0 0.0 0.0 0.0 0.0 1.0 0.44775 0.5714285714285714 0.867 0.061 0.7233333333333333 0.42857142857142855 -0.0 0.93 0.03500000000000001 0.7142857142857143 0.845 -0.78 0.633 0.07499999999999997 0.5714285714285714 0.888 -0.79 0.061 0.50575 0.5714285714285714 0.937 -0.06 0.937 -0.018400000000000007 0.7142857142857143 0.935 -0.63 0.061
0.0 0.0 0.0 0.0 0.0 0.0 0.0 0.0 0.0 0.0 0.0 0.0 0.0 0.0 0.0 0.0 0.0 0.0 0.0 0.0 0.0 0.0 0.0 1.0 0.0 0.6426666666666666 0.6 0.935 0.16 0.875 0.4 -0.0 0.82 0.6709999999999999 0.6 0.956 0.0 0.137 -0.268 0.4 0.344 -0.88 0.344 0.36350000000000005 0.4 0.937 -0.21 0.937 0.2895 0.8 0.914 -0.82 -0.82
0.0 0.0 0.0 0.0 0.0 0.0 0.0 0.0 1.0 0.0 0.0 0.0 0.0 0.0 0.0 0.0 0.0 0.0 0.0 0.0 0.0 0.0 0.0 1.0 0.0 0.562 0.6 0.815 0.082 0.615 0.4 -0.0 0.43 -0.10875000000000001 0.8 0.702 -0.89 0.702 -0.30600000000000005 0.4 0.178 -0.79 0.178 0.045499999999999985 0.4 0.691 -0.6 -0.6 0.27875000000000005 0.8 0.935 -0.83 0.082
0.0 0.0 0.0 0.0 0.0 0.0 0.0 0.0 0.0 0.0 0.0 0.0 0.0 0.0 0.0 0.0 0.0 0.0 0.0 0.0 0.0 0.0 0.0 1.0 0.0 0.0 0.0 0.0 0.0 0.27 1.0 -0.0 0.27 -0.75 1.0 0.0 -0.75 -0.75 0.154 1.0 0.154 0.0 0.154 -0.64 1.0 0.0 -0.64 -0.64 0.142 1.0 0.142 0.0 0.142
0.0 0.0 0.0 0.0 0.0 0.0 0.0 0.0 0.0 0.0 0.0 0.0 0.0 0.0 0.0 0.0 0.0 0.0 0.0 0.0 0.0 0.0 0.0 1.0 0.0 0.3456666666666666 0.6 0.765 0.157 0.815 0.4 -0.0 0.82 -0.1548 1.0 0.725 -0.95 -0.69 -0.06833333333333334 0.6 0.274 -0.67 0.191 0.498 0.6 0.883 -0.11 0.883 -0.06400000000000003 1.0 0.898 -0.91 -0.91
0.0 0.0 0.0 0.0 0.0 0.0 0.0 0.0 0.0 0.0 0.0 0.0 0.0 0.0 0.0 0.0 0.0 0.0 0.0 0.0 0.0 0.0 0.0 1.0 0.0 0.5318 0.7142857142857143 0.935 0.142 0.51 0.2857142857142857 -0.0 0.75 0.46675 0.5714285714285714 0.956 -0.75 0.784 0.1136 0.7142857142857143 0.902 -0.66 0.202 0.0072500000000000064 0.5714285714285714 0.717 -0.64 0.717 0.19299999999999998 0.8571428571428571 0.914 -0.8 -0.8
0.0 0.0 0.0 0.0 0.0 0.0 0.0 0.0 0.0 0.0 0.0 0.0 0.0 0.0 0.0 0.0 0.0 0.0 0.0 0.0 0.0 0.0 0.0 1.0 0.0 0.7273333333333334 0.75 0.935 0.05 0.5166666666666666 0.25 -0.0 0.75 0.36166666666666664 0.75 0.956 -0.9 0.03 -0.27416666666666667 0.5 0.876 -0.94 -0.88 0.37466666666666665 0.25 0.829 0.0 0.017 0.3596363636363636 0.9166666666666666 0.935 -0.99 0.138
0.0 0.0 0.0 0.0 0.0 0.0 0.0 0.0 0.0 0.0 0.0 0.0 0.0 0.0 0.0 0.0 0.0 0.0 0.0 0.0 0.0 0.0 0.0 1.0 0.0 0.8163333333333335 0.75 0.878 0.878 0.87 0.25 -0.0 0.87 0.33899999999999997 1.0 0.812 -0.91 -0.91 0.9105 0.5 0.984 0.0 0.984 -0.72 0.25 0.0 -0.72 -0.72 0.233 0.75 0.851 -0.99 -0.99
0.0 0.0 0.0 0.0 0.0 0.0 0.0 0.0 0.0 0.0 0.0 0.0 0.0 1.0 0.0 0.0 0.0 0.0 0.0 0.0 0.0 0.0 0.0 1.0 0.0 0.256375 0.8888888888888888 0.846 0.061 0.76 0.1111111111111111 -0.0 0.76 -0.017166666666666663 0.6666666666666666 0.558 -0.78 -0.12 -0.059999999999999984 0.8888888888888888 0.274 -0.94 0.239 -0.0635 0.6666666666666666 0.029 -0.11 -0.07 0.23577777777777775 1.0 0.779 -0.73 0.203
0.0 0.0 0.0 0.0 0.0 0.0 0.0 0.0 0.0 0.0 0.0 0.0 0.0 0.0 0.0 0.0 0.0 0.0 0.0 0.0 0.0 0.0 0.0 1.0 0.0 0.25675000000000003 0.8 0.789 0.048 0.19 0.2 -0.0 0.19 0.0964 1.0 0.633 -0.32 0.056 -0.079 1.0 0.322 -0.79 -0.03 -0.28 0.4 0.0 -0.38 -0.18 0.35500000000000004 0.8 0.935 0.0 0.054
0.0 0.0 0.0 0.0 0.0 0.0 0.0 0.0 0.0 0.0 0.0 0.0 0.0 0.0 0.0 0.0 0.0 0.0 0.0 0.0 0.0 0.0 0.0 1.0 0.0 0.5156 0.7142857142857143 0.823 0.823 0.54 0.2857142857142857 -0.0 0.81 -0.041833333333333333 0.8571428571428571 0.705 -0.84 -0.84 0.0996 0.7142857142857143 0.841 -0.79 0.841 0.024499999999999966 0.2857142857142857 0.689 -0.64 0.689 0.30014285714285727 1.0 0.935 -0.9 0.804
0.0 0.0 0.0 0.0 0.0 0.0 0.0 0.0 0.0 0.0 0.0 0.0 0.0 0.0 0.0 0.0 0.0 0.0 0.0 0.0 0.0 0.0 0.0 1.0 0.0 0.617 0.6666666666666666 0.935 0.663 0.55 0.3333333333333333 -0.0 0.83 0.13783333333333334 1.0 0.956 -0.85 0.687 -0.20124999999999998 0.6666666666666666 0.191 -0.65 -0.5 -0.64 0.16666666666666666 0.0 -0.64 -0.64 0.3403333333333333 1.0 0.914 -0.8 0.8
0.0 0.0 0.0 0.0 0.0 0.0 0.0 0.0 1.0 0.0 0.0 0.0 0.0 1.0 0.0 0.0 0.0 0.0 0.0 0.0 0.0 0.0 0.0 1.0 0.0 0.508 0.8333333333333334 0.935 0.935 0.83 0.16666666666666666 -0.0 0.83 0.29716666666666663 1.0 0.956 -0.74 -0.74 0.08375 0.6666666666666666 0.796 -0.65 0.796 -0.5 0.3333333333333333 0.0 -0.92 -0.92 0.6030000000000001 0.5 0.914 0.0 0.914
0.0 0.0 0.0 0.0 0.0 0.0 0.0 0.0 0.0 0.0 0.0 0.0 0.0 0.0 0.0 0.0 0.0 0.0 0.0 0.0 0.0 0.0 0.0 1.0 0.0 0.5790000000000001 1.0 0.861 0.341 0.0 0.0 -0.0 -0.0 0.5764 1.0 0.86 0.0 0.609 0.029799999999999983 1.0 0.858 -0.79 0.597 -0.17 0.4 0.0 -0.23 -0.23 0.62675 0.8 0.935 0.0 0.398
0.0 0.0 0.0 0.0 0.0 0.0 0.0 0.0 0.0 0.0 0.0 0.0 0.0 0.0 0.0 0.0 0.0 0.0 0.0 0.0 0.0 0.0 0.0 1.0 0.0 0.5255 1.0 0.945 0.106 0.0 0.0 -0.0 -0.0 0.903 0.5 0.903 0.0 0.903 -0.394 1.0 0.142 -0.93 0.142 -0.08 0.5 0.0 -0.08 -0.08 0.627 1.0 0.996 0.0 0.258
0.0 0.0 0.0 0.0 0.0 0.0 0.0 0.0 0.0 0.0 0.0 0.0 0.0 0.0 0.0 0.0 0.0 0.0 0.0 0.0 0.0 0.0 0.0 1.0 0.0 0.0 0.0 0.0 0.0 0.04 1.0 -0.0 0.04 -0.04 1.0 0.0 -0.04 -0.04 0.0 0.0 0.0 0.0 0.0 0.0 0.0 0.0 0.0 0.0 -0.05 1.0 0.0 -0.05 -0.05
0.0 0.0 0.0 0.0 0.0 0.0 0.0 0.0 0.0 0.0 0.0 0.0 0.0 0.0 0.0 0.0 0.0 0.0 0.0 0.0 0.0 0.0 0.0 0.0 0.0 0.6096666666666667 0.5 0.852 0.188 0.5533333333333333 0.5 -0.0 0.27 -0.06116666666666665 1.0 0.902 -0.95 -0.75 0.13825 0.6666666666666666 0.801 -0.79 0.154 0.10800000000000001 0.6666666666666666 0.721 -0.64 -0.64 -0.01800000000000001 0.8333333333333334 0.935 -0.75 0.142
0.0 0.0 0.0 0.0 0.0 0.0 0.0 0.0 0.0 0.0 0.0 1.0 0.0 1.0 0.0 0.0 0.0 0.0 0.0 0.0 0.0 0.0 0.0 1.0 0.0 0.5970000000000001 0.7741935483870968 0.939 0.732 0.6214285714285713 0.22580645161290322 -0.0 0.76 0.32303703703703696 0.8709677419354839 0.956 -0.96 0.737 0.24847619047619046 0.6774193548387096 0.984 -0.94 0.239 0.033999999999999996 0.3870967741935484 0.856 -0.77 0.856 0.26462500000000005 0.7741935483870968 0.935 -0.99 0.728
0.0 0.0 0.0 0.0 0.0 0.0 0.0 0.0 0.0 0.0 0.0 0.0 0.0 0.0 0.0 0.0 0.0 0.0 0.0 0.0 0.0 0.0 0.0 1.0 0.0 0.5386 0.8333333333333334 0.887 0.037 0.57 0.16666666666666666 -0.0 0.57 0.3475 1.0 0.988 -0.52 -0.52 0.24360000000000004 0.8333333333333334 0.858 -0.7 0.082 0.524 0.16666666666666666 0.524 0.0 0.524 0.12425000000000003 0.6666666666666666 0.912 -0.69 -0.69
0.0 0.0 0.0 0.0 1.0 0.0 0.0 0.0 1.0 1.0 0.0 0.0 0.0 1.0 0.0 0.0 0.0 0.0 1.0 0.0 0.0 0.0 0.0 0.0 0.0 0.63925 0.8 0.892 0.069 0.8 0.2 -0.0 0.8 0.18700000000000003 0.6 0.818 -0.89 -0.89 0.25475 0.8 0.892 -0.79 0.067 0.691 0.2 0.691 0.0 0.691 0.23200000000000004 0.8 0.935 -0.83 0.07
0.0 0.0 0.0 0.0 1.0 0.0 1.0 0.0 0.0 0.0 0.0 0.0 0.0 0.0 0.0 0.0 0.0 0.0 0.0 0.0 0.0 1.0 0.0 0.0 0.0 0.6163333333333333 0.42857142857142855 0.889 0.889 0.79 0.5714285714285714 -0.0 0.87 0.06120000000000003 0.7142857142857143 0.92 -0.95 0.877 0.6383333333333333 0.42857142857142855 0.902 0.0 0.902 0.5506 0.7142857142857143 0.937 -0.09 0.87 -0.5375 0.5714285714285714 0.25 -0.91 -0.87
0.0 0.0 0.0 0.0 0.0 1.0 0.0 0.0 0.0 0.0 0.0 0.0 0.0 0.0 0.0 0.0 0.0 0.0 0.0 0.0 0.0 0.0 1.0 0.0 0.0 0.846 0.5 0.846 0.846 0.8 0.5 -0.0 0.8 -0.89 0.5 0.0 -0.89 -0.89 -0.94 0.5 0.0 -0.94 -0.94 0.691 0.5 0.691 0.0 0.691 -0.04299999999999998 1.0 0.744 -0.83 -0.83
0.0 0.0 0.0 0.0 0.0 0.0 0.0 0.0 0.0 0.0 0.0 0.0 0.0 0.0 0.0 0.0 0.0 0.0 0.0 0.0 0.0 0.0 0.0 1.0 0.0 0.3426666666666667 0.5 0.789 0.157 0.57 0.5 -0.0 0.83 -0.11166666666666668 1.0 0.721 -0.81 -0.81 0.3726666666666667 0.5 0.858 0.0 0.191 0.5713333333333334 0.5 0.876 0.0 0.809 -0.2864 0.8333333333333334 0.198 -0.86 -0.86
0.0 0.0 0.0 0.0 0.0 0.0 0.0 0.0 0.0 0.0 0.0 0.0 0.0 0.0 0.0 0.0 0.0 0.0 0.0 0.0 0.0 0.0 0.0 1.0 0.0 0.45933333333333337 0.75 0.922 0.115 0.93 0.25 -0.0 0.93 0.33399999999999996 0.5 0.609 0.0 0.059 0.6103333333333333 0.75 0.96 0.0 0.274 0.19899999999999998 0.75 0.937 -0.23 0.937 0.509 0.75 0.885 0.0 0.244
0.0 0.0 0.0 0.0 1.0 0.0 2.0 0.0 0.0 0.0 0.0 0.0 0.0 1.0 0.0 0.0 0.0 0.0 0.0 0.0 0.0 0.0 0.0 1.0 0.0 0.41517647058823537 0.6296296296296297 0.935 0.113 0.728 0.37037037037037035 -0.0 0.82 -0.007199999999999989 0.7407407407407407 0.985 -0.98 -0.69 0.10318749999999999 0.5925925925925926 0.858 -0.94 0.128 0.1992 0.37037037037037035 0.903 -0.75 0.883 -0.022541666666666682 0.8888888888888888 0.969 -0.99 -0.91
0.0 0.0 0.0 0.0 0.0 1.0 0.0 0.0 0.0 0.0 0.0 0.0 0.0 0.0 0.0 0.0 0.0 0.0 0.0 0.0 0.0 0.0 1.0 0.0 0.0 0.08199999999999999 0.75 0.208 0.054 0.78 0.25 -0.0 0.9 -0.05033333333333334 0.75 0.295 -0.78 0.049 0.1316 0.625 0.239 0.0 0.113 0.25557142857142856 0.875 0.865 0.0 0.107 -0.08249999999999999 1.0 0.346 -0.95 0.162
0.0 0.0 0.0 0.0 0.0 1.0 0.0 0.0 0.0 0.0 0.0 0.0 0.0 1.0 0.0 0.0 0.0 0.0 0.0 0.0 0.0 0.0 1.0 0.0 0.0 0.64625 0.8 0.846 0.778 0.87 0.2 -0.0 0.87 -0.03433333333333333 0.6 0.708 -0.87 0.708 -0.6114999999999999 0.8 0.274 -0.94 -0.84 -0.11 0.2 0.0 -0.11 -0.11 0.218 0.8 0.744 -0.86 -0.86
0.0 0.0 0.0 0.0 0.0 0.0 0.0 0.0 0.0 0.0 0.0 0.0 0.0 0.0 0.0 0.0 0.0 0.0 0.0 0.0 0.0 0.0 0.0 1.0 0.0 0.0 0.0 0.0 0.0 0.27 1.0 -0.0 0.27 -0.75 1.0 0.0 -0.75 -0.75 0.154 1.0 0.154 0.0 0.154 -0.64 1.0 0.0 -0.64 -0.64 0.142 1.0 0.142 0.0 0.142
