0.0 0.0 0.0 0.0 0.0 0.0 1.0 0.0 0.0 0.0 0.0 0.0 0.0 0.0 0.0 0.0 0.0 0.0 0.0 0.0 0.0 0.0 0.0 1.0 0.0 0.44661538461538464 0.8125 0.935 0.723 0.6666666666666666 0.1875 -0.0 0.58 0.19553846153846147 0.8125 0.956 -0.78 -0.12 0.40619999999999995 0.625 0.858 0.0 0.745 0.054888888888888904 0.5625 0.585 -0.21 -0.07 0.23142857142857146 0.875 0.965 -0.73 0.701
0.0 0.0 0.0 0.0 0.0 0.0 1.0 0.0 0.0 0.0 0.0 0.0 0.0 0.0 0.0 0.0 0.0 0.0 0.0 0.0 0.0 1.0 0.0 0.0 0.0 0.6732666666666667 0.9375 0.935 0.901 0.76 0.0625 -0.0 0.76 0.6861666666666667 0.75 0.956 -0.04 0.901 0.11879999999999998 0.625 0.836 -0.92 0.715 0.14733333333333334 0.1875 0.752 -0.18 -0.13 0.5550769230769231 0.8125 0.928 -0.77 0.796
0.0 0.0 0.0 0.0 0.0 0.0 2.0 0.0 0.0 0.0 0.0 0.0 0.0 0.0 0.0 0.0 0.0 0.0 0.0 0.0 0.0 0.0 0.0 1.0 0.0 0.6896 0.7142857142857143 0.986 0.806 0.7849999999999999 0.2857142857142857 -0.0 0.83 0.28814285714285715 1.0 0.986 -0.74 0.906 0.5336666666666666 0.42857142857142855 0.776 0.0 0.715 -0.92 0.14285714285714285 0.0 -0.92 -0.92 0.23525000000000001 0.5714285714285714 0.796 -0.74 0.796
0.0 0.0 0.0 0.0 0.0 0.0 1.0 0.0 0.0 0.0 0.0 0.0 0.0 0.0 0.0 0.0 0.0 0.0 0.0 0.0 0.0 1.0 0.0 0.0 0.0 0.6367499999999999 0.8 0.883 0.883 0.83 0.2 -0.0 0.83 0.34940000000000004 1.0 0.905 -0.72 0.879 0.6106666666666666 0.6 0.949 0.0 0.949 0.0 0.0 0.0 0.0 0.0 0.3296 1.0 0.892 -0.95 0.821
0.0 0.0 0.0 0.0 0.0 0.0 1.0 0.0 0.0 1.0 0.0 1.0 0.0 0.0 0.0 0.0 0.0 0.0 0.0 1.0 0.0 0.0 0.0 0.0 0.0 0.5956666666666667 0.84 0.939 0.258 0.535 0.16 -0.0 0.65 0.38327272727272726 0.88 0.982 -0.95 -0.86 0.1793888888888889 0.72 0.979 -0.79 0.161 0.09325 0.32 0.609 -0.21 0.609 0.4161363636363635 0.88 0.948 -0.73 -0.5
0.0 0.0 0.0 0.0 0.0 1.0 0.0 0.0 1.0 0.0 0.0 6.0 0.0 2.0 0.0 0.0 0.0 0.0 0.0 0.0 0.0 0.0 0.0 1.0 0.0 0.5545172413793106 0.8529411764705882 0.935 0.806 0.746 0.14705882352941177 -0.0 0.85 0.33544444444444443 0.7941176470588235 0.956 -0.8 0.906 -0.08095652173913041 0.6764705882352942 0.82 -0.95 0.715 -0.12925 0.35294117647058826 0.882 -0.91 -0.13 0.39851612903225797 0.9117647058823529 0.935 -0.96 0.796
0.0 0.0 0.0 0.0 0.0 0.0 0.0 0.0 0.0 0.0 0.0 0.0 0.0 0.0 0.0 0.0 0.0 0.0 0.0 0.0 0.0 0.0 0.0 1.0 0.0 0.6203333333333333 0.6 0.935 0.083 0.855 0.4 -0.0 0.89 -0.164 0.8 0.956 -0.84 -0.81 0.451 0.4 0.785 0.0 0.117 -0.885 0.4 0.0 -0.97 -0.97 0.6366666666666666 0.6 0.914 0.0 0.095
0.0 0.0 0.0 0.0 0.0 1.0 1.0 0.0 1.0 0.0 0.0 0.0 0.0 1.0 0.0 0.0 0.0 0.0 0.0 0.0 0.0 1.0 0.0 0.0 0.0 0.4718918918918919 0.74 0.986 0.753 0.6292307692307694 0.26 -0.0 0.08 0.22104545454545457 0.88 0.986 -0.99 -0.1 0.10913333333333332 0.6 0.858 -0.88 -0.01 0.029952380952380942 0.42 0.98 -0.92 -0.06 0.186547619047619 0.84 0.958 -1.0 -0.17
0.0 0.0 0.0 0.0 0.0 0.0 0.0 0.0 0.0 0.0 0.0 2.0 0.0 0.0 0.0 0.0 0.0 0.0 0.0 0.0 0.0 0.0 0.0 1.0 0.0 0.41244444444444445 0.8181818181818182 0.935 0.059 0.45999999999999996 0.18181818181818182 -0.0 0.83 0.3269 0.9090909090909091 0.956 -0.12 -0.08 -0.057 0.6363636363636364 0.239 -0.75 0.146 -0.1855 0.36363636363636365 0.049 -0.77 -0.07 0.3103636363636364 1.0 0.914 -0.88 0.116
0.0 0.0 0.0 0.0 0.0 0.0 1.0 0.0 0.0 0.0 0.0 0.0 0.0 0.0 0.0 0.0 0.0 0.0 0.0 0.0 0.0 1.0 0.0 0.0 0.0 0.758 1.0 0.815 0.746 0.0 0.0 -0.0 -0.0 0.709 1.0 0.723 0.0 0.723 -0.65 0.3333333333333333 0.0 -0.65 -0.65 0.0 0.0 0.0 0.0 0.0 0.8283333333333335 1.0 0.928 0.0 0.769
0.0 0.0 0.0 0.0 0.0 0.0 0.0 0.0 0.0 0.0 0.0 0.0 0.0 0.0 0.0 0.0 0.0 0.0 0.0 0.0 0.0 0.0 0.0 1.0 0.0 0.6695 0.8 0.935 0.935 0.58 0.2 -0.0 0.58 0.4053999999999999 1.0 0.956 -0.58 -0.58 -0.2755 0.4 0.239 -0.79 0.239 0.30500000000000005 0.4 0.561 0.0 0.561 0.46880000000000005 1.0 0.935 -0.62 -0.62
0.0 0.0 0.0 0.0 0.0 1.0 0.0 0.0 0.0 0.0 0.0 1.0 0.0 0.0 0.0 0.0 0.0 0.0 0.0 0.0 0.0 0.0 0.0 0.0 0.0 0.5730000000000001 0.75 0.922 0.746 0.63 0.25 -0.0 0.63 0.041 0.75 0.723 -0.58 0.723 0.5765 0.5 0.96 0.0 0.193 0.364 0.5 0.715 0.0 0.013 0.27925 1.0 0.885 -0.59 0.769
0.0 0.0 0.0 0.0 0.0 0.0 0.0 0.0 0.0 0.0 0.0 1.0 0.0 0.0 0.0 0.0 0.0 0.0 0.0 0.0 0.0 0.0 0.0 0.0 0.0 0.47871428571428565 0.875 0.935 0.086 0.6033333333333334 0.125 -0.0 0.63 0.3108823529411765 0.7083333333333334 0.956 -0.77 0.633 0.0041764705882352884 0.7083333333333334 0.96 -0.79 0.196 0.0901818181818182 0.4583333333333333 0.598 -0.19 -0.13 0.3922083333333332 1.0 0.935 -0.8 0.192
0.0 0.0 0.0 0.0 0.0 0.0 1.0 0.0 0.0 0.0 0.0 0.0 0.0 0.0 0.0 0.0 0.0 0.0 0.0 0.0 0.0 1.0 0.0 0.0 0.0 0.8033846153846154 0.8125 0.939 0.911 0.6033333333333334 0.1875 -0.0 0.93 0.5849285714285715 0.875 0.956 -0.84 0.865 0.13774999999999998 0.5 0.979 -0.94 0.769 -0.855 0.125 0.0 -0.91 -0.91 0.5768181818181818 0.6875 0.958 -0.95 0.958
0.0 0.0 0.0 0.0 0.0 0.0 0.0 0.0 0.0 0.0 0.0 0.0 0.0 0.0 0.0 0.0 0.0 0.0 0.0 0.0 0.0 0.0 0.0 1.0 0.0 0.5901428571428572 0.875 0.849 0.806 0.65 0.125 -0.0 0.65 0.44757142857142856 0.875 0.922 -0.86 -0.86 0.3202 0.625 0.79 -0.79 0.715 0.609 0.125 0.609 0.0 0.609 0.4254285714285714 0.875 0.935 -0.5 -0.5
0.0 0.0 0.0 0.0 0.0 0.0 0.0 0.0 0.0 0.0 0.0 0.0 0.0 0.0 0.0 0.0 0.0 0.0 0.0 0.0 0.0 0.0 0.0 0.0 0.0 0.34925 0.8 0.922 0.316 0.58 0.2 -0.0 0.58 0.0615 0.4 0.703 -0.58 0.703 0.44175 0.8 0.96 0.0 0.534 0.07366666666666669 0.6 0.561 -0.21 -0.21 0.1536 1.0 0.885 -0.62 0.243
0.0 0.0 0.0 0.0 0.0 2.0 0.0 0.0 1.0 0.0 0.0 6.0 0.0 2.0 0.0 0.0 0.0 0.0 0.0 0.0 0.0 0.0 0.0 1.0 0.0 0.5099210526315789 0.7755102040816326 0.939 0.162 0.42545454545454536 0.22448979591836735 -0.0 0.1 0.24142499999999995 0.8163265306122449 0.961 -0.82 -0.15 0.11846666666666665 0.6122448979591837 0.979 -0.99 -0.99 0.13695 0.40816326530612246 0.99 -0.17 0.029 0.30509090909090913 0.8979591836734694 0.935 -0.87 -0.11
0.0 0.0 0.0 0.0 0.0 0.0 1.0 0.0 0.0 0.0 0.0 0.0 0.0 0.0 0.0 0.0 0.0 0.0 0.0 0.0 0.0 1.0 0.0 0.0 0.0 0.746 1.0 0.746 0.746 0.0 0.0 -0.0 -0.0 0.723 1.0 0.723 0.0 0.723 0.0 0.0 0.0 0.0 0.0 0.0 0.0 0.0 0.0 0.0 0.769 1.0 0.769 0.0 0.769
0.0 0.0 0.0 0.0 0.0 0.0 1.0 0.0 0.0 0.0 0.0 0.0 0.0 0.0 0.0 0.0 0.0 0.0 0.0 0.0 0.0 1.0 0.0 0.0 0.0 0.59725 1.0 0.815 0.746 0.0 0.0 -0.0 -0.0 0.5465 1.0 0.723 0.0 0.723 -0.188 0.5 0.274 -0.65 0.274 -0.11 0.25 0.0 -0.11 -0.11 0.68225 1.0 0.928 0.0 0.769
0.0 0.0 0.0 0.0 0.0 0.0 0.0 0.0 1.0 0.0 0.0 4.0 0.0 0.0 0.0 0.0 0.0 0.0 0.0 0.0 0.0 0.0 0.0 1.0 0.0 0.42690909090909096 0.6875 0.864 0.723 0.525 0.3125 -0.0 0.07 0.03491304347826087 0.71875 0.901 -0.84 -0.07 -0.03278947368421054 0.59375 0.817 -0.94 0.745 0.03373333333333335 0.46875 0.752 -0.82 0.009 0.18573076923076923 0.8125 0.935 -0.81 0.701
0.0 0.0 0.0 0.0 0.0 0.0 0.0 0.0 0.0 0.0 0.0 0.0 0.0 0.0 0.0 0.0 0.0 0.0 0.0 0.0 0.0 0.0 0.0 1.0 0.0 0.47300000000000003 0.8333333333333334 0.935 0.125 0.615 0.16666666666666666 -0.0 0.65 0.2713636363636364 0.9166666666666666 0.956 -0.86 -0.86 0.05287499999999999 0.6666666666666666 0.882 -0.79 0.211 0.13483333333333333 0.5 0.609 -0.21 -0.12 0.3301818181818182 0.9166666666666666 0.935 -0.62 0.286
0.0 0.0 0.0 0.0 0.0 0.0 0.0 0.0 0.0 0.0 0.0 0.0 0.0 0.0 0.0 0.0 0.0 0.0 0.0 0.0 0.0 0.0 0.0 1.0 0.0 0.6574545454545455 0.9166666666666666 0.935 0.16 0.58 0.08333333333333333 -0.0 0.58 0.5869999999999999 0.9166666666666666 0.981 -0.58 0.577 -0.057600000000000005 0.4166666666666667 0.964 -0.94 -0.94 0.2196666666666667 0.25 0.561 0.0 0.049 0.5364545454545455 0.9166666666666666 0.935 -0.62 0.16
0.0 0.0 0.0 0.0 0.0 1.0 0.0 0.0 0.0 0.0 0.0 2.0 0.0 4.0 0.0 0.0 0.0 0.0 0.0 0.0 0.0 0.0 0.0 0.0 0.0 0.537591836734694 0.8305084745762712 0.943 0.091 0.5389999999999999 0.1694915254237288 -0.0 0.06 0.3533809523809524 0.711864406779661 0.956 -0.95 0.723 -0.0147142857142857 0.711864406779661 0.979 -0.94 0.152 0.016571428571428574 0.3559322033898305 0.932 -0.92 -0.08 0.3224791666666667 0.8135593220338984 0.935 -0.98 0.208
0.0 0.0 0.0 0.0 0.0 0.0 0.0 0.0 0.0 0.0 0.0 0.0 0.0 0.0 0.0 0.0 0.0 0.0 0.0 0.0 0.0 0.0 0.0 1.0 0.0 0.5403333333333333 0.75 0.789 0.789 0.58 0.25 -0.0 0.58 0.25866666666666666 0.75 0.723 -0.58 0.633 -0.29700000000000004 0.5 0.196 -0.79 -0.79 0.21550000000000002 0.5 0.561 -0.13 0.561 0.319 1.0 0.935 -0.62 0.935
0.0 0.0 0.0 0.0 0.0 0.0 1.0 0.0 0.0 0.0 0.0 0.0 0.0 0.0 0.0 0.0 0.0 0.0 0.0 0.0 0.0 1.0 0.0 0.0 0.0 0.5586666666666666 1.0 0.815 0.746 0.0 0.0 -0.0 -0.0 0.49466666666666664 1.0 0.723 0.0 0.723 0.274 0.3333333333333333 0.274 0.0 0.274 -0.11 0.3333333333333333 0.0 -0.11 -0.11 0.6470000000000001 1.0 0.928 0.0 0.769
0.0 0.0 0.0 0.0 0.0 0.0 1.0 0.0 0.0 0.0 0.0 0.0 0.0 0.0 0.0 0.0 0.0 0.0 0.0 0.0 0.0 1.0 0.0 0.0 0.0 0.5586666666666666 1.0 0.815 0.746 0.0 0.0 -0.0 -0.0 0.49466666666666664 1.0 0.723 0.0 0.723 0.274 0.3333333333333333 0.274 0.0 0.274 -0.11 0.3333333333333333 0.0 -0.11 -0.11 0.6470000000000001 1.0 0.928 0.0 0.769
0.0 0.0 0.0 0.0 0.0 0.0 0.0 0.0 1.0 0.0 0.0 0.0 0.0 0.0 0.0 0.0 0.0 0.0 0.0 0.0 0.0 0.0 0.0 1.0 0.0 0.6107777777777779 0.8571428571428571 0.935 0.034 0.6466666666666666 0.14285714285714285 -0.0 0.78 0.4013499999999999 0.9523809523809523 0.956 -0.75 0.094 0.011307692307692312 0.6190476190476191 0.964 -0.94 -0.03 0.28828571428571426 0.3333333333333333 0.82 -0.05 0.028 0.47437500000000005 0.7619047619047619 0.958 -0.62 0.958
0.0 0.0 0.0 0.0 0.0 0.0 0.0 0.0 0.0 0.0 0.0 0.0 0.0 0.0 0.0 0.0 0.0 0.0 0.0 0.0 0.0 0.0 0.0 1.0 0.0 0.54375 0.6666666666666666 0.935 0.722 0.82 0.3333333333333333 -0.0 0.82 0.16799999999999998 0.9166666666666666 0.956 -0.97 0.745 -0.1788 0.4166666666666667 0.239 -0.72 -0.71 0.32349999999999995 0.5 0.988 -0.8 0.988 0.23154545454545455 0.9166666666666666 0.96 -0.82 0.709
0.0 0.0 0.0 0.0 0.0 0.0 0.0 0.0 0.0 0.0 0.0 0.0 0.0 0.0 0.0 0.0 0.0 0.0 0.0 0.0 0.0 0.0 0.0 0.0 0.0 0.5921428571428571 1.0 0.935 0.806 0.0 0.0 -0.0 -0.0 0.5824285714285714 1.0 0.956 -0.04 0.906 0.2466 0.7142857142857143 0.776 -0.58 0.715 0.0 0.0 0.0 0.0 0.0 0.5725000000000001 0.8571428571428571 0.914 0.0 0.796
0.0 0.0 0.0 0.0 0.0 0.0 1.0 0.0 0.0 0.0 0.0 0.0 0.0 0.0 0.0 0.0 0.0 0.0 0.0 0.0 0.0 1.0 0.0 0.0 0.0 0.746 1.0 0.746 0.746 0.0 0.0 -0.0 -0.0 0.723 1.0 0.723 0.0 0.723 0.0 0.0 0.0 0.0 0.0 0.0 0.0 0.0 0.0 0.0 0.769 1.0 0.769 0.0 0.769
0.0 0.0 0.0 0.0 0.0 0.0 0.0 0.0 0.0 0.0 0.0 0.0 0.0 0.0 0.0 0.0 0.0 0.0 0.0 0.0 0.0 0.0 0.0 1.0 0.0 0.82025 1.0 0.931 0.746 0.0 0.0 -0.0 -0.0 0.739 1.0 0.898 0.0 0.723 0.08699999999999997 0.5 0.964 -0.79 0.964 0.0 0.0 0.0 0.0 0.0 0.8773333333333334 0.75 0.935 0.0 0.769
0.0 0.0 0.0 0.0 0.0 0.0 0.0 0.0 0.0 0.0 0.0 0.0 0.0 0.0 0.0 0.0 0.0 0.0 0.0 0.0 0.0 0.0 0.0 1.0 0.0 0.6974000000000001 0.7142857142857143 0.935 0.789 0.725 0.2857142857142857 -0.0 0.87 0.2733333333333333 0.8571428571428571 0.956 -0.99 -0.99 0.1233333333333333 0.42857142857142855 0.964 -0.79 -0.79 -0.10299999999999998 0.42857142857142855 0.561 -0.74 -0.74 0.43800000000000006 0.7142857142857143 0.935 -0.62 0.935
0.0 0.0 0.0 0.0 0.0 0.0 1.0 0.0 0.0 0.0 0.0 0.0 0.0 0.0 0.0 0.0 0.0 0.0 0.0 0.0 0.0 1.0 0.0 0.0 0.0 0.7805 1.0 0.815 0.746 0.0 0.0 -0.0 -0.0 0.7124999999999999 1.0 0.723 0.0 0.723 0.0 0.0 0.0 0.0 0.0 0.0 0.0 0.0 0.0 0.0 0.8485 1.0 0.928 0.0 0.769
0.0 0.0 0.0 0.0 0.0 0.0 0.0 0.0 1.0 0.0 0.0 1.0 0.0 1.0 0.0 0.0 0.0 0.0 0.0 0.0 0.0 0.0 0.0 0.0 0.0 0.4938947368421053 0.8636363636363636 0.939 0.815 0.77 0.13636363636363635 -0.0 0.82 0.3603888888888889 0.8181818181818182 0.956 -0.58 0.702 -0.029384615384615367 0.5909090909090909 0.979 -0.94 0.165 0.2028888888888889 0.4090909090909091 0.889 -0.17 -0.12 0.36777777777777776 0.8181818181818182 0.928 -0.99 0.928
0.0 0.0 0.0 0.0 0.0 0.0 0.0 0.0 0.0 0.0 0.0 0.0 0.0 0.0 0.0 0.0 0.0 0.0 0.0 0.0 0.0 0.0 0.0 0.0 0.0 0.4065 1.0 0.746 0.067 0.0 0.0 -0.0 -0.0 0.378 1.0 0.723 0.0 0.033 0.158 0.5 0.158 0.0 0.158 -0.06 0.5 0.0 -0.06 -0.06 0.457 1.0 0.769 0.0 0.145
0.0 0.0 0.0 0.0 0.0 0.0 0.0 0.0 0.0 0.0 0.0 0.0 0.0 0.0 0.0 0.0 0.0 0.0 0.0 0.0 0.0 0.0 0.0 1.0 0.0 0.52875 0.8 0.92 0.92 0.58 0.2 -0.0 0.58 0.19925000000000004 0.8 1.0 -0.58 0.295 0.441 0.6 0.893 0.0 0.893 0.30500000000000005 0.4 0.561 0.0 0.049 0.3062 1.0 0.947 -0.62 0.947
0.0 0.0 0.0 0.0 0.0 0.0 0.0 0.0 0.0 0.0 0.0 0.0 0.0 0.0 0.0 0.0 0.0 0.0 0.0 0.0 0.0 0.0 0.0 0.0 0.0 0.49960000000000004 0.8333333333333334 0.815 0.157 0.66 0.16666666666666666 -0.0 0.66 0.24366666666666661 1.0 0.723 -0.78 0.082 -0.10033333333333333 0.5 0.191 -0.65 0.191 0.26249999999999996 0.3333333333333333 0.585 -0.06 0.585 0.36633333333333334 1.0 0.928 -0.63 0.198
0.0 0.0 0.0 0.0 0.0 0.0 0.0 0.0 0.0 0.0 0.0 0.0 0.0 0.0 0.0 0.0 0.0 0.0 0.0 0.0 0.0 0.0 0.0 1.0 0.0 0.5311999999999999 0.8333333333333334 0.857 0.857 0.58 0.16666666666666666 -0.0 0.58 0.34683333333333327 1.0 0.905 -0.58 -0.58 0.38999999999999996 0.5 0.773 0.0 0.773 0.18333333333333335 0.5 0.561 -0.06 0.561 0.3971666666666666 1.0 0.892 -0.62 -0.62
0.0 0.0 0.0 0.0 0.0 0.0 0.0 0.0 0.0 0.0 0.0 0.0 0.0 0.0 0.0 0.0 0.0 0.0 0.0 0.0 0.0 0.0 0.0 1.0 0.0 0.5502857142857144 1.0 0.935 0.093 0.0 0.0 -0.0 -0.0 0.5511428571428572 1.0 0.984 0.0 0.08 0.046999999999999986 0.2857142857142857 0.884 -0.79 0.884 0.0 0.0 0.0 0.0 0.0 0.4916666666666667 0.8571428571428571 0.935 0.0 0.106
0.0 0.0 0.0 0.0 0.0 0.0 1.0 0.0 0.0 0.0 0.0 0.0 0.0 0.0 0.0 0.0 0.0 0.0 0.0 0.0 0.0 1.0 0.0 0.0 0.0 0.35333333333333333 1.0 0.746 0.258 0.0 0.0 -0.0 -0.0 0.5 0.6666666666666666 0.723 0.0 0.277 0.1345 0.6666666666666666 0.161 0.0 0.161 0.029 0.3333333333333333 0.029 0.0 0.029 0.39866666666666667 1.0 0.769 0.0 0.337
0.0 0.0 0.0 0.0 0.0 1.0 1.0 0.0 2.0 0.0 0.0 0.0 0.0 0.0 0.0 0.0 0.0 0.0 0.0 0.0 0.0 1.0 0.0 0.0 0.0 0.5680312500000001 0.8205128205128205 0.935 0.034 0.6557142857142857 0.1794871794871795 -0.0 0.58 0.2782258064516129 0.7948717948717948 0.956 -0.82 0.094 -0.056703703703703714 0.6923076923076923 0.964 -0.94 -0.03 0.26533333333333337 0.38461538461538464 0.99 -0.17 0.028 0.3878235294117647 0.8717948717948718 0.935 -0.87 0.343
0.0 0.0 0.0 0.0 0.0 0.0 1.0 0.0 0.0 0.0 0.0 0.0 0.0 0.0 0.0 0.0 0.0 0.0 0.0 0.0 0.0 1.0 0.0 0.0 0.0 0.82025 1.0 0.931 0.746 0.0 0.0 -0.0 -0.0 0.739 1.0 0.898 0.0 0.723 0.08699999999999997 0.5 0.964 -0.79 0.964 0.0 0.0 0.0 0.0 0.0 0.8773333333333334 0.75 0.935 0.0 0.769
0.0 0.0 0.0 0.0 0.0 0.0 1.0 0.0 0.0 0.0 0.0 0.0 0.0 0.0 0.0 0.0 0.0 0.0 0.0 0.0 0.0 1.0 0.0 0.0 0.0 0.5586666666666666 1.0 0.815 0.746 0.0 0.0 -0.0 -0.0 0.49466666666666664 1.0 0.723 0.0 0.723 0.274 0.3333333333333333 0.274 0.0 0.274 -0.11 0.3333333333333333 0.0 -0.11 -0.11 0.6470000000000001 1.0 0.928 0.0 0.769
0.0 0.0 0.0 0.0 0.0 0.0 0.0 0.0 1.0 0.0 0.0 0.0 0.0 0.0 0.0 0.0 0.0 0.0 0.0 0.0 0.0 0.0 0.0 1.0 0.0 0.6415714285714286 1.0 0.897 0.861 0.0 0.0 -0.0 -0.0 0.6331666666666667 0.8571428571428571 0.977 -0.03 0.86 0.022857142857142927 1.0 0.805 -0.88 -0.79 -0.16 0.2857142857142857 0.0 -0.28 -0.04 0.6684285714285715 1.0 0.93 0.0 0.93
0.0 0.0 0.0 0.0 0.0 0.0 0.0 0.0 0.0 0.0 0.0 0.0 0.0 0.0 0.0 0.0 0.0 0.0 0.0 0.0 0.0 0.0 0.0 1.0 0.0 0.6211666666666666 1.0 0.911 0.727 0.0 0.0 -0.0 -0.0 0.5793999999999999 0.8333333333333334 0.865 0.0 0.577 -0.154 0.5 0.239 -0.94 -0.94 0.049 0.3333333333333333 0.049 0.0 0.049 0.6708333333333334 1.0 0.958 0.0 0.655
0.0 0.0 0.0 0.0 0.0 0.0 1.0 0.0 0.0 0.0 0.0 0.0 0.0 0.0 0.0 0.0 0.0 0.0 0.0 0.0 0.0 1.0 0.0 0.0 0.0 0.416 1.0 0.746 0.746 0.0 0.0 -0.0 -0.0 0.723 0.5 0.723 0.0 0.723 0.196 0.5 0.196 0.0 0.196 -0.13 0.5 0.0 -0.13 -0.13 0.48050000000000004 1.0 0.769 0.0 0.769
0.0 0.0 0.0 0.0 0.0 0.0 1.0 0.0 0.0 0.0 0.0 0.0 0.0 0.0 0.0 0.0 0.0 0.0 0.0 0.0 0.0 1.0 0.0 0.0 0.0 0.911 0.5 0.911 0.911 0.81 0.5 -0.0 0.81 -0.04249999999999998 1.0 0.865 -0.95 0.865 0.0 0.0 0.0 0.0 0.0 0.721 0.5 0.721 0.0 0.721 0.10399999999999998 1.0 0.958 -0.75 0.958
0.0 0.0 0.0 0.0 0.0 1.0 1.0 0.0 0.0 0.0 0.0 0.0 0.0 0.0 0.0 0.0 0.0 0.0 0.0 0.0 0.0 1.0 0.0 0.0 0.0 0.5456000000000001 0.7142857142857143 0.935 0.091 0.6799999999999999 0.2857142857142857 -0.0 0.78 0.06983333333333334 0.8571428571428571 0.956 -0.75 0.17 0.5655 0.2857142857142857 0.96 0.0 0.171 0.3405 0.5714285714285714 0.82 -0.1 0.081 0.38366666666666666 0.8571428571428571 0.914 -0.62 0.184
0.0 0.0 0.0 0.0 0.0 0.0 0.0 0.0 0.0 0.0 0.0 1.0 0.0 0.0 0.0 0.0 0.0 0.0 0.0 0.0 0.0 0.0 0.0 1.0 0.0 0.4026666666666666 0.8181818181818182 0.8 0.8 0.42000000000000004 0.18181818181818182 -0.0 0.79 0.2293 0.9090909090909091 0.825 -0.71 0.825 0.029333333333333336 0.8181818181818182 0.775 -0.85 0.775 0.037 0.5454545454545454 0.883 -0.32 0.883 0.46487500000000004 0.7272727272727273 0.935 0.0 0.615
0.0 0.0 0.0 0.0 2.0 0.0 0.0 0.0 0.0 0.0 0.0 0.0 0.0 0.0 0.0 0.0 0.0 0.0 0.0 0.0 0.0 0.0 0.0 0.0 0.0 0.5264444444444445 0.6428571428571429 0.939 0.761 0.5780000000000001 0.35714285714285715 -0.0 0.05 0.16449999999999995 1.0 0.956 -0.78 -0.14 0.007124999999999975 0.5714285714285714 0.979 -0.8 -0.1 0.3061111111111111 0.6428571428571429 0.883 -0.09 0.019 0.12791666666666665 0.8571428571428571 0.914 -0.91 -0.15
0.0 0.0 0.0 0.0 0.0 0.0 1.0 0.0 0.0 0.0 0.0 0.0 0.0 0.0 0.0 0.0 0.0 0.0 0.0 0.0 0.0 1.0 0.0 0.0 0.0 0.746 1.0 0.746 0.746 0.0 0.0 -0.0 -0.0 0.723 1.0 0.723 0.0 0.723 0.0 0.0 0.0 0.0 0.0 0.0 0.0 0.0 0.0 0.0 0.769 1.0 0.769 0.0 0.769
0.0 0.0 0.0 0.0 0.0 0.0 1.0 0.0 0.0 0.0 0.0 0.0 0.0 0.0 0.0 0.0 0.0 0.0 0.0 0.0 0.0 1.0 0.0 0.0 0.0 0.7118 1.0 0.943 0.943 0.0 0.0 -0.0 -0.0 0.63775 0.8 0.956 0.0 0.577 0.08066666666666666 0.6 0.943 -0.94 0.943 0.049 0.2 0.049 0.0 0.049 0.671 0.8 0.914 0.0 0.655
0.0 0.0 0.0 0.0 0.0 0.0 1.0 0.0 0.0 0.0 0.0 0.0 0.0 0.0 0.0 0.0 0.0 0.0 0.0 0.0 0.0 1.0 0.0 0.0 0.0 0.82025 1.0 0.931 0.746 0.0 0.0 -0.0 -0.0 0.739 1.0 0.898 0.0 0.723 0.08699999999999997 0.5 0.964 -0.79 0.964 0.0 0.0 0.0 0.0 0.0 0.8773333333333334 0.75 0.935 0.0 0.769
0.0 0.0 0.0 0.0 0.0 2.0 0.0 0.0 3.0 0.0 0.0 1.0 0.0 1.0 0.0 0.0 0.0 0.0 0.0 0.0 0.0 0.0 0.0 0.0 0.0 0.5656190476190476 0.8076923076923077 0.943 0.943 0.608 0.19230769230769232 -0.0 0.71 0.2563157894736842 0.7307692307692307 0.956 -0.95 -0.7 -0.04268750000000002 0.6153846153846154 0.943 -0.94 0.925 0.13 0.3076923076923077 0.948 -0.72 -0.72 0.422 0.8846153846153846 0.96 -0.81 0.96
0.0 0.0 0.0 0.0 0.0 0.0 1.0 0.0 0.0 0.0 0.0 0.0 0.0 0.0 0.0 0.0 0.0 0.0 0.0 0.0 0.0 1.0 0.0 0.0 0.0 0.4032 0.8333333333333334 0.922 0.258 0.58 0.16666666666666666 -0.0 0.58 0.08000000000000002 0.6666666666666666 0.723 -0.58 0.277 0.35000000000000003 0.6666666666666666 0.96 0.0 0.161 0.16333333333333336 0.5 0.561 -0.1 0.029 0.2718333333333333 1.0 0.885 -0.62 0.337
0.0 0.0 0.0 0.0 0.0 0.0 1.0 0.0 0.0 0.0 0.0 1.0 0.0 0.0 0.0 0.0 0.0 0.0 0.0 0.0 0.0 1.0 0.0 0.0 0.0 0.758 1.0 0.815 0.746 0.0 0.0 -0.0 -0.0 0.709 1.0 0.723 0.0 0.723 -0.65 0.3333333333333333 0.0 -0.65 -0.65 0.0 0.0 0.0 0.0 0.0 0.8283333333333335 1.0 0.928 0.0 0.769
0.0 0.0 0.0 0.0 0.0 0.0 0.0 0.0 0.0 0.0 0.0 0.0 0.0 0.0 0.0 0.0 0.0 0.0 0.0 0.0 0.0 0.0 0.0 1.0 0.0 0.5031428571428572 1.0 0.935 0.208 0.0 0.0 -0.0 -0.0 0.4655714285714286 1.0 0.956 -0.03 0.295 -0.16140000000000002 0.7142857142857143 0.239 -0.79 0.239 0.007333333333333333 0.42857142857142855 0.049 -0.04 0.049 0.5722857142857143 1.0 0.935 0.0 0.346
0.0 0.0 0.0 0.0 0.0 0.0 1.0 0.0 0.0 0.0 0.0 0.0 0.0 0.0 0.0 0.0 0.0 0.0 0.0 0.0 0.0 1.0 0.0 0.0 0.0 0.416 1.0 0.746 0.746 0.0 0.0 -0.0 -0.0 0.723 0.5 0.723 0.0 0.723 0.196 0.5 0.196 0.0 0.196 -0.13 0.5 0.0 -0.13 -0.13 0.48050000000000004 1.0 0.769 0.0 0.769
0.0 0.0 0.0 0.0 0.0 0.0 1.0 0.0 0.0 0.0 0.0 0.0 0.0 0.0 0.0 0.0 0.0 0.0 0.0 0.0 0.0 1.0 0.0 0.0 0.0 0.82025 1.0 0.931 0.746 0.0 0.0 -0.0 -0.0 0.739 1.0 0.898 0.0 0.723 0.08699999999999997 0.5 0.964 -0.79 0.964 0.0 0.0 0.0 0.0 0.0 0.8773333333333334 0.75 0.935 0.0 0.769
0.0 0.0 0.0 0.0 0.0 0.0 0.0 0.0 0.0 1.0 0.0 0.0 0.0 0.0 0.0 0.0 0.0 0.0 0.0 0.0 0.0 0.0 0.0 1.0 0.0 0.5695 1.0 0.849 0.29 0.0 0.0 -0.0 -0.0 0.6635 1.0 0.922 0.0 0.405 0.7070000000000001 1.0 0.776 0.0 0.638 -0.36 0.5 0.0 -0.36 -0.36 0.484 0.5 0.484 0.0 0.484
0.0 0.0 0.0 0.0 0.0 0.0 1.0 0.0 1.0 0.0 0.0 0.0 0.0 0.0 0.0 0.0 0.0 0.0 0.0 0.0 0.0 1.0 0.0 0.0 0.0 0.5201 0.8333333333333334 0.935 0.853 0.74 0.16666666666666666 -0.0 0.82 0.25758333333333333 1.0 0.956 -0.84 0.928 0.17650000000000002 0.5 0.778 -0.65 0.778 -0.10700000000000003 0.4166666666666667 0.585 -0.8 -0.11 0.4378 0.8333333333333334 0.928 -0.63 0.769
0.0 0.0 0.0 0.0 0.0 0.0 0.0 0.0 0.0 0.0 0.0 0.0 0.0 0.0 0.0 0.0 0.0 0.0 0.0 0.0 0.0 0.0 0.0 1.0 0.0 0.46375 0.8 0.746 0.713 0.81 0.2 -0.0 0.81 0.22959999999999997 1.0 0.723 -0.95 -0.95 -0.007666666666666673 0.6 0.388 -0.65 -0.65 0.18666666666666668 0.6 0.721 -0.21 0.721 0.2712 1.0 0.788 -0.75 -0.75
0.0 0.0 0.0 0.0 0.0 0.0 0.0 0.0 0.0 0.0 0.0 0.0 0.0 0.0 0.0 0.0 0.0 0.0 0.0 0.0 0.0 0.0 0.0 0.0 0.0 0.8140000000000001 1.0 0.931 0.931 0.0 0.0 -0.0 -0.0 0.782 1.0 0.898 0.0 0.898 0.14699999999999996 0.6666666666666666 0.964 -0.67 0.964 0.0 0.0 0.0 0.0 0.0 0.8335 0.6666666666666666 0.898 0.0 0.898
0.0 0.0 0.0 0.0 0.0 0.0 1.0 0.0 0.0 0.0 0.0 0.0 0.0 0.0 0.0 0.0 0.0 0.0 0.0 0.0 0.0 1.0 0.0 0.0 0.0 0.746 1.0 0.746 0.746 0.0 0.0 -0.0 -0.0 0.723 1.0 0.723 0.0 0.723 0.0 0.0 0.0 0.0 0.0 0.0 0.0 0.0 0.0 0.0 0.769 1.0 0.769 0.0 0.769
0.0 0.0 0.0 0.0 0.0 0.0 0.0 0.0 0.0 0.0 0.0 0.0 0.0 0.0 0.0 0.0 0.0 0.0 0.0 0.0 0.0 0.0 0.0 1.0 0.0 0.82025 0.8 0.931 0.746 0.58 0.2 -0.0 0.58 0.47519999999999996 1.0 0.898 -0.58 0.723 0.08699999999999997 0.4 0.964 -0.79 0.964 0.561 0.2 0.561 0.0 0.561 0.503 0.8 0.935 -0.62 0.769
0.0 0.0 0.0 0.0 0.0 0.0 1.0 0.0 0.0 0.0 0.0 0.0 0.0 0.0 0.0 0.0 0.0 0.0 0.0 0.0 0.0 1.0 0.0 0.0 0.0 0.746 1.0 0.746 0.746 0.0 0.0 -0.0 -0.0 0.723 1.0 0.723 0.0 0.723 0.0 0.0 0.0 0.0 0.0 0.0 0.0 0.0 0.0 0.0 0.769 1.0 0.769 0.0 0.769
0.0 0.0 0.0 0.0 0.0 0.0 0.0 0.0 0.0 0.0 0.0 1.0 0.0 0.0 0.0 0.0 0.0 0.0 0.0 0.0 0.0 0.0 0.0 1.0 0.0 0.302 1.0 0.746 0.074 0.0 0.0 -0.0 -0.0 0.39 0.6666666666666666 0.723 0.0 0.057 0.16849999999999998 0.6666666666666666 0.196 0.0 0.141 -0.095 0.6666666666666666 0.0 -0.13 -0.06 0.37433333333333335 1.0 0.769 0.0 0.162
0.0 0.0 0.0 0.0 1.0 0.0 0.0 0.0 0.0 0.0 0.0 1.0 0.0 0.0 0.0 0.0 0.0 0.0 0.0 0.0 0.0 0.0 0.0 0.0 1.0 0.3595555555555556 0.5294117647058824 0.935 0.186 0.69875 0.47058823529411764 -0.0 0.75 -0.1386666666666667 0.7058823529411765 0.956 -0.89 -0.89 0.2095 0.47058823529411764 0.715 -0.01 0.29 0.14427272727272725 0.6470588235294118 0.872 -0.97 0.672 -0.14462499999999995 0.9411764705882353 0.914 -0.94 -0.69
0.0 0.0 0.0 0.0 0.0 0.0 0.0 0.0 0.0 0.0 0.0 0.0 0.0 0.0 0.0 0.0 0.0 0.0 0.0 0.0 0.0 0.0 0.0 1.0 0.0 0.561 0.375 0.935 0.035 0.5259999999999999 0.625 -0.0 0.03 -0.26275000000000004 1.0 0.956 -0.95 -0.17 -0.06175 0.5 0.203 -0.65 0.131 0.2892 0.625 0.905 -0.6 -0.2 -0.009499999999999984 1.0 0.914 -0.78 0.097
0.0 0.0 0.0 0.0 0.0 0.0 0.0 0.0 0.0 0.0 0.0 0.0 0.0 1.0 0.0 0.0 0.0 0.0 0.0 0.0 0.0 0.0 0.0 0.0 0.0 0.58 0.9230769230769231 0.939 0.75 0.95 0.07692307692307693 -0.0 0.95 0.45366666666666666 0.6923076923076923 0.899 -0.05 0.127 -0.0064444444444444506 0.6923076923076923 0.979 -0.94 0.764 -0.23040000000000002 0.38461538461538464 0.049 -0.97 0.029 0.4459090909090909 0.8461538461538461 0.935 -0.93 0.735
0.0 0.0 0.0 0.0 0.0 0.0 0.0 0.0 0.0 1.0 0.0 0.0 0.0 0.0 0.0 0.0 0.0 0.0 0.0 1.0 0.0 0.0 0.0 0.0 0.0 0.0 0.0 0.0 0.0 0.3 1.0 -0.0 0.3 -0.87 1.0 0.0 -0.87 -0.87 0.203 1.0 0.203 0.0 0.203 -0.6 1.0 0.0 -0.6 -0.6 0.06 1.0 0.06 0.0 0.06
0.0 0.0 0.0 0.0 0.0 0.0 1.0 0.0 1.0 0.0 0.0 0.0 0.0 2.0 0.0 0.0 0.0 0.0 0.0 0.0 0.0 1.0 0.0 0.0 0.0 0.6251904761904763 0.6363636363636364 0.939 0.935 0.575 0.36363636363636365 -0.0 0.89 0.06217241379310344 0.8787878787878788 0.956 -0.95 -0.78 0.07747368421052633 0.5757575757575758 0.979 -0.94 0.239 0.1869333333333333 0.45454545454545453 0.915 -0.64 0.915 0.16442857142857137 0.8484848484848485 0.935 -0.99 -0.99
0.0 0.0 0.0 0.0 0.0 0.0 0.0 0.0 0.0 0.0 0.0 0.0 0.0 1.0 0.0 0.0 0.0 0.0 0.0 0.0 0.0 0.0 0.0 1.0 0.0 0.48080000000000006 0.8333333333333334 0.859 0.857 0.53 0.16666666666666666 -0.0 0.76 0.39637500000000003 0.6666666666666666 0.982 -0.87 0.92 0.18663636363636363 0.9166666666666666 0.817 -0.79 0.794 0.03020000000000001 0.4166666666666667 0.856 -0.6 -0.21 0.2164444444444445 0.75 0.935 -0.82 0.323
0.0 0.0 0.0 0.0 0.0 0.0 0.0 0.0 0.0 0.0 0.0 0.0 0.0 0.0 0.0 0.0 0.0 0.0 0.0 0.0 0.0 0.0 0.0 1.0 0.0 0.073 0.5 0.073 0.073 0.3 0.5 -0.0 0.3 -0.87 0.5 0.0 -0.87 -0.87 0.14 1.0 0.203 0.0 0.077 -0.6 0.5 0.0 -0.6 -0.6 0.064 1.0 0.068 0.0 0.068
0.0 0.0 0.0 0.0 0.0 0.0 0.0 0.0 2.0 0.0 0.0 0.0 0.0 0.0 0.0 0.0 0.0 0.0 0.0 0.0 0.0 0.0 0.0 1.0 0.0 0.4314444444444445 0.8571428571428571 0.964 0.042 0.06666666666666667 0.14285714285714285 -0.0 0.15 0.36256250000000007 0.7619047619047619 0.965 -0.22 -0.05 0.06505882352941177 0.8095238095238095 0.964 -0.94 0.105 -0.0334 0.47619047619047616 0.082 -0.12 0.048 0.37677777777777777 0.8571428571428571 0.935 -0.12 0.074
0.0 0.0 0.0 0.0 0.0 0.0 0.0 0.0 0.0 0.0 0.0 0.0 0.0 0.0 0.0 0.0 0.0 0.0 0.0 0.0 0.0 0.0 0.0 1.0 0.0 0.0 0.0 0.0 0.0 0.6733333333333333 1.0 -0.0 0.83 -0.8566666666666666 1.0 0.0 -0.87 -0.87 0.203 0.3333333333333333 0.203 0.0 0.203 0.379 1.0 0.87 -0.6 0.867 -0.5599999999999999 1.0 0.06 -0.97 -0.77
0.0 0.0 0.0 0.0 0.0 0.0 0.0 0.0 0.0 0.0 0.0 0.0 0.0 0.0 0.0 0.0 0.0 0.0 0.0 0.0 0.0 0.0 0.0 1.0 0.0 0.8805000000000001 0.6666666666666666 0.935 0.826 0.89 0.3333333333333333 -0.0 0.89 0.26733333333333337 1.0 0.956 -0.95 0.796 0.0 0.0 0.0 0.0 0.0 0.733 0.3333333333333333 0.733 0.0 0.733 0.263 1.0 0.914 -0.98 0.855
0.0 0.0 0.0 0.0 0.0 0.0 0.0 0.0 1.0 0.0 0.0 0.0 0.0 1.0 0.0 0.0 0.0 0.0 0.0 0.0 0.0 0.0 0.0 1.0 0.0 0.6040588235294118 0.8095238095238095 0.996 0.996 0.5324999999999999 0.19047619047619047 -0.0 0.07 0.37478947368421045 0.9047619047619048 0.996 -0.78 0.996 -0.4060000000000001 0.6666666666666666 0.345 -0.88 0.254 0.154625 0.38095238095238093 0.614 -0.23 0.084 0.45010526315789473 0.9047619047619048 0.959 -0.74 -0.06
0.0 0.0 0.0 0.0 0.0 0.0 0.0 0.0 0.0 0.0 0.0 0.0 0.0 0.0 0.0 0.0 0.0 0.0 0.0 0.0 0.0 0.0 0.0 1.0 0.0 0.341 0.25 0.341 0.341 0.42 0.75 -0.0 0.11 -0.35274999999999995 1.0 0.609 -0.95 -0.2 0.25 0.75 0.597 -0.05 -0.05 -0.022666666666666658 0.75 0.762 -0.6 -0.23 0.08600000000000001 0.75 0.398 -0.2 -0.2
0.0 0.0 0.0 0.0 0.0 0.0 0.0 0.0 0.0 0.0 0.0 0.0 0.0 0.0 0.0 0.0 0.0 0.0 0.0 0.0 0.0 0.0 0.0 1.0 0.0 0.49380000000000007 0.8333333333333334 0.935 0.907 0.595 0.16666666666666666 -0.0 0.89 0.26636363636363636 0.9166666666666666 0.956 -0.95 0.949 0.19675 0.6666666666666666 0.866 -0.87 0.866 0.0665 0.16666666666666666 0.733 -0.6 0.733 0.22969999999999996 0.8333333333333334 0.914 -0.98 0.223
0.0 0.0 0.0 0.0 1.0 0.0 0.0 0.0 0.0 0.0 0.0 0.0 0.0 0.0 0.0 0.0 0.0 0.0 0.0 0.0 0.0 0.0 0.0 0.0 1.0 0.42174999999999996 0.8 0.804 0.115 0.3 0.2 -0.0 0.3 -0.03975000000000001 0.8 0.702 -0.87 0.049 0.13480000000000003 1.0 0.891 -0.65 0.167 -0.325 0.4 0.0 -0.6 -0.05 0.4018 1.0 0.788 0.0 0.295
0.0 0.0 0.0 0.0 0.0 0.0 0.0 0.0 0.0 0.0 0.0 4.0 0.0 2.0 0.0 0.0 0.0 0.0 0.0 0.0 0.0 0.0 0.0 1.0 0.0 0.5852608695652174 0.7666666666666667 0.939 0.089 0.6085714285714285 0.23333333333333334 -0.0 0.3 0.2505384615384615 0.8666666666666667 0.982 -0.87 0.138 0.2198888888888889 0.6 0.979 -0.94 0.134 -0.1507 0.3333333333333333 0.585 -0.78 -0.06 0.23727999999999994 0.8333333333333334 0.914 -0.74 0.151
0.0 0.0 0.0 0.0 0.0 0.0 0.0 0.0 0.0 0.0 0.0 1.0 0.0 1.0 0.0 0.0 0.0 0.0 0.0 0.0 0.0 0.0 0.0 1.0 0.0 0.5417000000000003 0.7407407407407407 0.939 0.728 0.7385714285714285 0.25925925925925924 -0.0 0.84 0.18500000000000008 0.9259259259259259 0.956 -0.99 0.057 0.17247058823529413 0.6296296296296297 0.979 -0.87 0.716 0.12413636363636363 0.4074074074074074 0.99 -0.95 -0.06 0.19518181818181815 0.8148148148148148 0.935 -0.98 0.741
0.0 0.0 0.0 0.0 0.0 0.0 0.0 0.0 0.0 0.0 0.0 0.0 0.0 0.0 0.0 0.0 0.0 0.0 0.0 0.0 0.0 0.0 0.0 1.0 0.0 0.785 0.5 0.785 0.785 0.3 0.5 -0.0 0.3 -0.07900000000000001 1.0 0.712 -0.87 -0.87 0.203 0.5 0.203 0.0 0.203 -0.6 0.5 0.0 -0.6 -0.6 0.45899999999999996 1.0 0.858 0.0 0.06
0.0 0.0 0.0 0.0 0.0 0.0 0.0 0.0 0.0 0.0 0.0 0.0 0.0 0.0 0.0 0.0 0.0 0.0 0.0 0.0 0.0 0.0 0.0 1.0 0.0 0.41966666666666663 0.6 0.943 0.943 0.175 0.4 -0.0 0.05 -0.16625 0.8 0.295 -0.87 -0.02 0.4325 0.8 0.943 0.0 0.943 -0.2603333333333333 0.6 0.049 -0.6 -0.23 0.18025 0.8 0.395 -0.08 -0.08
0.0 0.0 0.0 0.0 0.0 0.0 0.0 0.0 0.0 0.0 0.0 0.0 0.0 0.0 0.0 0.0 0.0 0.0 0.0 0.0 0.0 0.0 0.0 1.0 0.0 0.49800000000000005 0.7 0.935 0.034 0.6266666666666667 0.3 -0.0 0.79 0.08733333333333335 0.9 0.956 -0.87 0.094 -0.32657142857142857 0.7 0.203 -0.88 -0.03 0.15533333333333335 0.6 0.883 -0.6 0.028 0.36750000000000005 0.8 0.935 -0.86 -0.86
0.0 0.0 0.0 0.0 0.0 0.0 0.0 0.0 0.0 0.0 0.0 0.0 0.0 0.0 0.0 0.0 0.0 0.0 0.0 0.0 0.0 0.0 0.0 1.0 0.0 0.41900000000000004 1.0 0.939 0.064 0.0 0.0 -0.0 -0.0 0.23174999999999998 0.8 0.899 -0.04 -0.03 0.47519999999999996 1.0 0.979 0.0 0.136 -0.12 0.4 0.0 -0.13 -0.11 0.38525 0.8 0.885 0.0 0.267
0.0 0.0 0.0 0.0 0.0 0.0 0.0 0.0 0.0 0.0 0.0 2.0 0.0 1.0 0.0 0.0 0.0 0.0 0.0 0.0 0.0 0.0 0.0 1.0 0.0 0.5181428571428571 0.5833333333333334 0.935 0.139 0.656 0.4166666666666667 -0.0 0.77 -0.08409090909090908 0.9166666666666666 0.956 -0.95 0.061 -0.342 0.5 0.179 -0.94 0.179 0.22285714285714284 0.5833333333333334 0.99 -0.8 -0.8 0.1652 0.8333333333333334 0.935 -0.87 0.177
0.0 0.0 0.0 0.0 0.0 0.0 0.0 0.0 0.0 0.0 0.0 0.0 0.0 0.0 0.0 0.0 0.0 0.0 0.0 0.0 0.0 0.0 0.0 1.0 0.0 0.0 0.0 0.0 0.0 0.3 1.0 -0.0 0.3 -0.87 1.0 0.0 -0.87 -0.87 0.203 1.0 0.203 0.0 0.203 -0.6 1.0 0.0 -0.6 -0.6 0.06 1.0 0.06 0.0 0.06
0.0 0.0 0.0 0.0 0.0 0.0 0.0 0.0 0.0 0.0 0.0 0.0 0.0 0.0 0.0 0.0 0.0 0.0 0.0 0.0 0.0 0.0 0.0 1.0 0.0 0.926 0.5 0.926 0.926 0.3 0.5 -0.0 0.3 0.045499999999999985 1.0 0.961 -0.87 0.961 0.5595 1.0 0.916 0.0 0.916 -0.6 0.5 0.0 -0.6 -0.6 0.48050000000000004 1.0 0.901 0.0 0.901
0.0 0.0 0.0 0.0 0.0 0.0 0.0 0.0 0.0 0.0 0.0 0.0 0.0 0.0 0.0 0.0 0.0 0.0 0.0 0.0 0.0 0.0 0.0 1.0 0.0 0.47266666666666673 0.6666666666666666 0.935 0.789 0.6466666666666666 0.3333333333333333 -0.0 0.81 0.10671428571428573 0.7777777777777778 0.956 -0.95 -0.95 -0.002400000000000002 0.5555555555555556 0.271 -0.79 -0.79 0.12083333333333333 0.6666666666666666 0.721 -0.6 0.721 0.2068888888888889 1.0 0.935 -0.94 -0.75
0.0 0.0 0.0 0.0 0.0 0.0 0.0 0.0 0.0 0.0 0.0 0.0 0.0 0.0 0.0 0.0 0.0 0.0 0.0 0.0 0.0 0.0 0.0 1.0 0.0 0.0 0.0 0.0 0.0 0.3 1.0 -0.0 0.3 -0.87 1.0 0.0 -0.87 -0.87 0.203 1.0 0.203 0.0 0.203 -0.6 1.0 0.0 -0.6 -0.6 0.06 1.0 0.06 0.0 0.06
0.0 0.0 0.0 0.0 0.0 0.0 0.0 0.0 0.0 0.0 0.0 0.0 0.0 0.0 0.0 0.0 0.0 0.0 0.0 0.0 0.0 0.0 0.0 1.0 0.0 0.7156 0.7142857142857143 0.935 0.675 0.615 0.2857142857142857 -0.0 0.93 0.3842 0.7142857142857143 0.956 -0.87 0.584 0.1625 0.5714285714285714 0.828 -0.62 -0.62 0.14300000000000002 0.42857142857142855 0.98 -0.6 0.98 0.4272857142857143 1.0 0.914 -0.88 0.815
0.0 0.0 0.0 0.0 0.0 0.0 0.0 0.0 0.0 0.0 0.0 0.0 0.0 0.0 0.0 0.0 0.0 0.0 0.0 0.0 0.0 0.0 0.0 1.0 0.0 0.659625 0.6666666666666666 0.935 0.069 0.6 0.3333333333333333 -0.0 0.76 0.1769090909090909 0.9166666666666666 0.956 -0.87 0.956 -0.38680000000000003 0.4166666666666667 0.203 -0.79 -0.65 -0.01924999999999996 0.3333333333333333 0.752 -0.79 -0.79 0.39290909090909093 0.9166666666666666 0.935 -0.81 0.069
0.0 0.0 0.0 0.0 0.0 0.0 0.0 0.0 0.0 0.0 0.0 0.0 0.0 0.0 0.0 0.0 0.0 0.0 0.0 0.0 0.0 0.0 0.0 1.0 0.0 0.5431818181818181 0.8461538461538461 0.935 0.801 0.545 0.15384615384615385 -0.0 0.3 0.31536363636363635 0.8461538461538461 0.956 -0.87 0.859 0.12633333333333333 0.6923076923076923 0.744 -0.79 0.744 0.0018333333333333465 0.46153846153846156 0.883 -0.6 0.049 0.5423636363636363 0.8461538461538461 0.935 0.0 0.898
0.0 0.0 0.0 0.0 0.0 0.0 0.0 0.0 0.0 0.0 0.0 0.0 0.0 0.0 0.0 0.0 0.0 0.0 0.0 0.0 0.0 0.0 0.0 1.0 0.0 0.6424615384615385 0.6842105263157895 0.939 0.157 0.5900000000000001 0.3157894736842105 -0.0 0.85 0.14433333333333334 0.7894736842105263 0.956 -0.95 0.082 0.13520000000000001 0.5263157894736842 0.979 -0.79 0.191 -0.007999999999999976 0.3684210526315789 0.752 -0.94 -0.94 0.24200000000000005 0.8947368421052632 0.935 -0.81 -0.77
0.0 0.0 0.0 0.0 0.0 0.0 0.0 0.0 0.0 0.0 0.0 0.0 0.0 0.0 0.0 0.0 0.0 0.0 0.0 0.0 0.0 0.0 0.0 1.0 0.0 0.0965 0.5 0.112 0.081 0.43999999999999995 0.5 -0.0 0.58 -0.34575 1.0 0.047 -0.87 -0.58 0.1556666666666667 0.75 0.203 0.0 0.171 -0.0463333333333333 0.75 0.561 -0.6 0.561 -0.03125 1.0 0.223 -0.62 -0.62
0.0 0.0 0.0 0.0 1.0 0.0 0.0 0.0 0.0 0.0 0.0 0.0 0.0 0.0 0.0 0.0 0.0 0.0 0.0 0.0 0.0 0.0 0.0 0.0 1.0 0.83 0.375 0.846 0.846 0.5619999999999999 0.625 -0.0 0.72 -0.22285714285714286 0.875 0.928 -0.87 -0.74 -0.36275 0.5 0.203 -0.94 0.156 0.03400000000000003 0.5 0.785 -0.71 -0.71 0.045857142857142916 0.875 0.928 -0.74 -0.7
0.0 0.0 0.0 0.0 0.0 0.0 0.0 0.0 0.0 0.0 0.0 0.0 0.0 0.0 0.0 0.0 0.0 0.0 0.0 0.0 0.0 0.0 0.0 1.0 0.0 0.45199999999999996 0.6666666666666666 0.939 0.613 0.6833333333333332 0.3333333333333333 -0.0 0.83 0.024000000000000014 1.0 0.899 -0.87 0.51 0.28550000000000003 0.6666666666666666 0.979 -0.56 -0.56 -0.19633333333333333 0.3333333333333333 0.081 -0.6 -0.07 -0.06857142857142857 0.7777777777777778 0.768 -0.98 0.768
0.0 0.0 0.0 0.0 0.0 0.0 0.0 0.0 0.0 0.0 0.0 0.0 0.0 1.0 0.0 0.0 0.0 0.0 0.0 0.0 0.0 0.0 0.0 1.0 0.0 0.666235294117647 0.7083333333333334 0.939 0.939 0.7871428571428571 0.2916666666666667 -0.0 0.88 0.31845000000000007 0.8333333333333334 0.982 -0.98 -0.98 -0.25600000000000006 0.4583333333333333 0.947 -0.99 0.947 0.5375 0.3333333333333333 0.948 -0.07 0.869 0.23065217391304346 0.9583333333333334 0.935 -0.98 -0.8
0.0 0.0 0.0 0.0 0.0 0.0 0.0 0.0 0.0 0.0 0.0 0.0 0.0 0.0 0.0 0.0 0.0 0.0 0.0 0.0 0.0 0.0 0.0 0.0 0.0 0.453 0.625 0.935 0.02 0.38000000000000006 0.375 -0.0 0.3 0.05474999999999999 1.0 0.956 -0.95 0.03 0.10840000000000001 0.625 0.239 -0.05 -0.01 0.05499999999999999 0.625 0.721 -0.6 0.023 0.220875 1.0 0.914 -0.75 0.053
0.0 0.0 0.0 0.0 0.0 0.0 0.0 0.0 0.0 0.0 0.0 1.0 0.0 0.0 0.0 0.0 0.0 0.0 0.0 0.0 0.0 0.0 0.0 1.0 0.0 0.7004 0.7142857142857143 0.935 0.789 0.8600000000000001 0.2857142857142857 -0.0 0.91 0.09999999999999998 0.8571428571428571 0.956 -0.91 0.633 -0.36050000000000004 0.2857142857142857 0.069 -0.79 -0.79 0.816 0.14285714285714285 0.816 0.0 0.816 0.48866666666666675 0.8571428571428571 0.96 -0.85 0.935
0.0 0.0 0.0 0.0 0.0 0.0 1.0 0.0 0.0 0.0 0.0 0.0 0.0 0.0 0.0 0.0 0.0 0.0 0.0 0.0 0.0 1.0 0.0 0.0 0.0 0.33499999999999996 0.6666666666666666 0.746 0.089 0.43 0.3333333333333333 -0.0 0.83 0.29259999999999997 0.8333333333333334 0.723 -0.05 -0.02 0.27199999999999996 0.6666666666666666 0.568 -0.05 -0.05 0.09540000000000001 0.8333333333333334 0.716 -0.22 0.716 0.11183333333333334 1.0 0.769 -0.94 -0.94
0.0 0.0 0.0 0.0 0.0 0.0 0.0 0.0 1.0 0.0 0.0 0.0 0.0 0.0 0.0 0.0 0.0 0.0 0.0 0.0 0.0 0.0 0.0 1.0 0.0 0.47750000000000004 0.6666666666666666 0.935 0.748 0.6950000000000001 0.3333333333333333 -0.0 0.81 0.032600000000000004 0.8333333333333334 0.956 -0.95 0.777 -0.13399999999999998 0.5 0.338 -0.85 -0.85 0.38400000000000006 0.5 0.721 -0.13 0.721 0.09550000000000002 1.0 0.914 -0.75 0.615
0.0 0.0 0.0 0.0 0.0 0.0 0.0 0.0 0.0 0.0 0.0 0.0 0.0 0.0 0.0 0.0 0.0 0.0 0.0 0.0 0.0 0.0 0.0 0.0 0.0 0.572 0.75 0.849 0.806 0.58 0.25 -0.0 0.58 0.30200000000000005 1.0 0.922 -0.58 0.906 0.5336666666666666 0.75 0.776 0.0 0.715 0.561 0.25 0.561 0.0 0.561 0.09733333333333334 0.75 0.796 -0.62 0.796
0.0 0.0 0.0 0.0 0.0 0.0 0.0 0.0 0.0 1.0 0.0 0.0 0.0 0.0 0.0 0.0 0.0 0.0 0.0 1.0 0.0 0.0 0.0 0.0 0.0 0.5209583333333333 0.7272727272727273 0.939 0.82 0.541111111111111 0.2727272727272727 -0.0 0.27 0.21279310344827584 0.8787878787878788 0.956 -0.92 0.803 0.09534782608695651 0.696969696969697 0.979 -0.87 -0.74 0.15479999999999997 0.45454545454545453 0.931 -0.64 -0.08 0.20664285714285716 0.8484848484848485 0.935 -0.83 0.917
0.0 0.0 0.0 0.0 0.0 0.0 0.0 0.0 0.0 0.0 0.0 0.0 0.0 0.0 0.0 0.0 0.0 0.0 0.0 0.0 0.0 0.0 0.0 1.0 0.0 0.6154999999999999 1.0 0.849 0.806 0.0 0.0 -0.0 -0.0 0.62775 1.0 0.922 -0.04 0.906 0.5336666666666666 0.75 0.776 0.0 0.715 0.0 0.0 0.0 0.0 0.0 0.5603333333333333 0.75 0.796 0.0 0.796
0.0 0.0 0.0 0.0 0.0 0.0 2.0 0.0 0.0 1.0 0.0 1.0 0.0 0.0 0.0 0.0 0.0 0.0 0.0 1.0 0.0 0.0 0.0 0.0 0.0 0.643 0.7 0.935 0.779 0.4566666666666667 0.3 -0.0 0.76 0.33399999999999996 1.0 0.956 -0.78 0.784 0.2664285714285714 0.7 0.773 -0.87 0.764 0.11750000000000001 0.4 0.561 -0.08 0.049 0.3661111111111111 0.9 0.914 -0.73 0.79
0.0 0.0 0.0 0.0 0.0 1.0 1.0 0.0 0.0 0.0 0.0 0.0 0.0 0.0 0.0 0.0 0.0 0.0 0.0 0.0 0.0 0.0 0.0 0.0 0.0 0.698 0.75 0.935 0.883 0.42333333333333334 0.25 -0.0 0.66 0.33381818181818185 0.9166666666666666 0.956 -0.78 0.791 0.38237499999999996 0.6666666666666666 0.902 -0.85 0.892 0.1632 0.4166666666666667 0.585 -0.14 0.585 0.4381111111111112 0.75 0.979 -0.63 0.966
0.0 0.0 0.0 0.0 0.0 0.0 1.0 0.0 0.0 0.0 0.0 0.0 0.0 0.0 0.0 0.0 0.0 0.0 0.0 0.0 0.0 0.0 0.0 1.0 0.0 0.6446666666666666 1.0 0.858 0.297 0.0 0.0 -0.0 -0.0 0.6966666666666668 1.0 0.791 0.0 0.515 0.7520000000000001 1.0 0.924 0.0 0.568 -0.22 0.3333333333333333 0.0 -0.22 -0.22 0.5605 0.6666666666666666 0.79 0.0 0.331
0.0 0.0 0.0 0.0 0.0 0.0 0.0 0.0 0.0 1.0 0.0 0.0 0.0 0.0 0.0 0.0 0.0 0.0 0.0 1.0 0.0 0.0 0.0 0.0 0.0 0.061 0.5 0.061 0.061 0.81 0.5 -0.0 0.81 -0.495 1.0 0.0 -0.95 -0.95 0.11 0.5 0.11 0.0 0.11 0.721 0.5 0.721 0.0 0.721 -0.317 1.0 0.116 -0.75 -0.75
0.0 0.0 0.0 0.0 0.0 0.0 0.0 0.0 0.0 0.0 0.0 0.0 0.0 0.0 0.0 0.0 0.0 0.0 0.0 0.0 0.0 0.0 0.0 1.0 0.0 0.3631666666666667 1.0 0.943 0.072 0.0 0.0 -0.0 -0.0 0.355 0.5 0.723 0.0 0.047 0.30219999999999997 0.8333333333333334 0.943 0.0 0.07 -0.026999999999999996 0.5 0.049 -0.09 -0.04 0.34419999999999995 0.8333333333333334 0.769 0.0 0.195
0.0 0.0 0.0 0.0 0.0 0.0 0.0 0.0 0.0 0.0 0.0 0.0 0.0 0.0 0.0 0.0 0.0 0.0 0.0 0.0 0.0 0.0 0.0 1.0 0.0 0.572 0.75 0.849 0.806 0.58 0.25 -0.0 0.58 0.30200000000000005 1.0 0.922 -0.58 0.906 0.5336666666666666 0.75 0.776 0.0 0.715 0.561 0.25 0.561 0.0 0.561 0.09733333333333334 0.75 0.796 -0.62 0.796
0.0 0.0 0.0 0.0 0.0 0.0 1.0 0.0 0.0 0.0 0.0 0.0 0.0 0.0 0.0 0.0 0.0 0.0 0.0 0.0 0.0 1.0 0.0 0.0 0.0 0.37499999999999994 1.0 0.746 0.16 0.0 0.0 -0.0 -0.0 0.5843333333333334 0.75 0.723 0.0 0.723 0.568 0.5 0.568 0.0 0.568 -0.22 0.5 0.0 -0.22 -0.22 0.39775 1.0 0.769 0.0 0.16
0.0 0.0 0.0 0.0 0.0 0.0 0.0 0.0 0.0 0.0 0.0 0.0 0.0 0.0 0.0 0.0 0.0 0.0 0.0 0.0 0.0 0.0 0.0 1.0 0.0 0.8230000000000001 1.0 0.935 0.829 0.0 0.0 -0.0 -0.0 0.8282 1.0 0.956 0.0 0.928 -0.3835 0.8 0.776 -0.87 -0.87 0.0 0.0 0.0 0.0 0.0 0.829 0.8 0.935 0.0 0.679
0.0 0.0 0.0 0.0 0.0 0.0 1.0 0.0 0.0 0.0 0.0 0.0 0.0 0.0 0.0 0.0 0.0 0.0 0.0 0.0 0.0 1.0 0.0 0.0 0.0 0.746 1.0 0.746 0.746 0.0 0.0 -0.0 -0.0 0.723 1.0 0.723 0.0 0.723 0.0 0.0 0.0 0.0 0.0 0.0 0.0 0.0 0.0 0.0 0.769 1.0 0.769 0.0 0.769
0.0 0.0 0.0 0.0 0.0 0.0 1.0 0.0 1.0 0.0 0.0 0.0 0.0 0.0 0.0 0.0 0.0 0.0 0.0 0.0 0.0 1.0 0.0 0.0 0.0 0.635 1.0 0.935 0.065 0.0 0.0 -0.0 -0.0 0.7155 0.8571428571428571 0.956 -0.03 -0.03 -0.1598 0.7142857142857143 0.794 -0.88 0.247 -0.115 0.2857142857142857 0.0 -0.19 -0.19 0.5746 0.7142857142857143 0.935 0.0 0.238
0.0 0.0 0.0 0.0 0.0 0.0 1.0 0.0 0.0 0.0 0.0 0.0 0.0 0.0 0.0 0.0 0.0 0.0 0.0 0.0 0.0 1.0 0.0 0.0 0.0 0.746 1.0 0.746 0.746 0.0 0.0 -0.0 -0.0 0.723 1.0 0.723 0.0 0.723 0.0 0.0 0.0 0.0 0.0 0.0 0.0 0.0 0.0 0.0 0.769 1.0 0.769 0.0 0.769
0.0 0.0 0.0 0.0 0.0 0.0 0.0 0.0 0.0 0.0 0.0 1.0 0.0 0.0 0.0 0.0 0.0 0.0 0.0 0.0 0.0 0.0 0.0 1.0 0.0 0.42099999999999993 0.875 0.865 0.064 0.78 0.125 -0.0 0.78 0.3067142857142858 0.875 0.89 -0.75 0.093 -0.00880000000000002 0.625 0.568 -0.79 -0.04 0.13525 0.5 0.82 -0.22 0.031 0.42300000000000004 0.75 0.935 0.0 0.153
0.0 0.0 0.0 0.0 0.0 0.0 0.0 0.0 0.0 0.0 0.0 1.0 0.0 0.0 0.0 0.0 0.0 0.0 0.0 0.0 0.0 0.0 0.0 1.0 0.0 0.5867142857142857 0.875 0.935 0.258 0.81 0.125 -0.0 0.81 0.42283333333333334 0.75 0.956 -0.95 0.277 0.5204000000000001 0.625 0.96 0.0 0.161 0.17333333333333334 0.375 0.721 -0.23 0.029 0.3775714285714286 0.875 0.914 -0.75 0.337
0.0 0.0 0.0 0.0 0.0 0.0 0.0 0.0 0.0 0.0 0.0 0.0 0.0 0.0 0.0 0.0 0.0 0.0 0.0 0.0 0.0 0.0 0.0 0.0 0.0 0.5429285714285714 0.9333333333333333 0.935 0.806 0.07 0.06666666666666667 -0.0 0.07 0.5717499999999999 0.8 0.956 -0.04 0.906 0.49666666666666665 0.8 0.964 0.0 0.715 -0.105 0.13333333333333333 0.01 -0.22 0.01 0.384909090909091 0.7333333333333333 0.914 -0.07 0.796
0.0 0.0 0.0 0.0 0.0 0.0 0.0 0.0 0.0 0.0 0.0 0.0 0.0 0.0 0.0 0.0 0.0 0.0 0.0 0.0 0.0 0.0 0.0 1.0 0.0 0.6222857142857144 0.875 0.939 0.073 0.75 0.125 -0.0 0.75 0.37871428571428567 0.875 0.899 -0.64 0.045 0.10683333333333332 0.75 0.979 -0.79 0.102 0.38 0.25 0.87 -0.11 0.87 0.4890000000000001 0.75 0.934 -0.74 0.93
0.0 0.0 0.0 0.0 1.0 0.0 2.0 0.0 0.0 1.0 0.0 0.0 0.0 0.0 0.0 0.0 0.0 0.0 0.0 1.0 0.0 0.0 0.0 0.0 0.0 0.6562727272727272 1.0 0.935 0.062 0.0 0.0 -0.0 -0.0 0.627 0.8181818181818182 0.956 -0.05 -0.05 0.204625 0.7272727272727273 0.837 -0.94 0.277 -0.08366666666666667 0.2727272727272727 0.049 -0.22 -0.08 0.6228888888888888 0.8181818181818182 0.914 0.0 0.111
0.0 0.0 0.0 0.0 0.0 0.0 1.0 0.0 0.0 0.0 0.0 0.0 0.0 0.0 0.0 0.0 0.0 0.0 0.0 0.0 0.0 1.0 0.0 0.0 0.0 0.746 1.0 0.746 0.746 0.0 0.0 -0.0 -0.0 0.723 1.0 0.723 0.0 0.723 0.0 0.0 0.0 0.0 0.0 0.0 0.0 0.0 0.0 0.0 0.769 1.0 0.769 0.0 0.769
0.0 0.0 0.0 0.0 0.0 1.0 0.0 0.0 1.0 0.0 0.0 1.0 0.0 0.0 0.0 0.0 0.0 0.0 0.0 0.0 0.0 0.0 1.0 0.0 0.0 0.6773333333333332 0.75 0.939 0.846 0.7975 0.25 -0.0 0.9 0.35566666666666674 0.75 0.956 -0.96 0.956 0.2004 0.625 0.979 -0.94 -0.94 -0.05300000000000001 0.1875 0.711 -0.74 -0.13 0.28400000000000003 0.75 0.935 -0.85 0.744
0.0 0.0 0.0 0.0 0.0 1.0 0.0 0.0 0.0 0.0 0.0 0.0 0.0 0.0 0.0 0.0 0.0 0.0 0.0 0.0 0.0 0.0 1.0 0.0 0.0 0.5207777777777779 0.6923076923076923 0.935 0.807 0.6075 0.3076923076923077 -0.0 0.83 0.16218181818181818 0.8461538461538461 0.956 -0.84 0.751 -0.014714285714285727 0.5384615384615384 0.864 -0.79 0.864 -0.34199999999999997 0.38461538461538464 0.049 -0.92 -0.92 0.3497 0.7692307692307693 0.935 -0.74 0.092
0.0 0.0 0.0 0.0 0.0 0.0 0.0 0.0 0.0 0.0 0.0 0.0 0.0 1.0 0.0 0.0 0.0 0.0 0.0 0.0 0.0 0.0 0.0 1.0 0.0 0.067 0.5 0.067 0.067 0.84 0.5 -0.0 0.84 -0.85 0.5 0.0 -0.85 -0.85 0.15 0.5 0.15 0.0 0.15 0.44999999999999996 1.0 0.833 0.0 0.067 0.118 0.5 0.118 0.0 0.118
0.0 0.0 0.0 0.0 0.0 0.0 0.0 0.0 0.0 0.0 0.0 0.0 0.0 0.0 0.0 0.0 0.0 0.0 0.0 0.0 0.0 0.0 0.0 1.0 0.0 0.042 0.3333333333333333 0.042 0.042 0.55 0.6666666666666666 -0.0 0.83 -0.59 1.0 0.0 -0.95 -0.95 0.185 0.6666666666666666 0.216 0.0 0.216 -0.050333333333333306 1.0 0.549 -0.64 0.549 -0.25366666666666665 1.0 0.142 -0.99 -0.99
0.0 0.0 0.0 0.0 1.0 0.0 1.0 0.0 0.0 1.0 0.0 1.0 0.0 0.0 0.0 0.0 0.0 0.0 0.0 0.0 0.0 1.0 0.0 0.0 0.0 0.939 0.5 0.939 0.939 0.83 0.5 -0.0 0.83 0.0595 1.0 0.899 -0.78 -0.78 0.979 0.5 0.979 0.0 0.979 0.754 0.5 0.754 0.0 0.754 -0.96 0.5 0.0 -0.96 -0.96
0.0 0.0 0.0 0.0 0.0 0.0 0.0 0.0 1.0 0.0 0.0 1.0 0.0 2.0 0.0 0.0 0.0 0.0 0.0 0.0 0.0 0.0 0.0 1.0 0.0 0.5922222222222222 0.9 0.935 0.77 0.72 0.1 -0.0 0.72 0.2484 0.5 0.956 -0.55 0.082 -0.22714285714285712 0.7 0.762 -0.94 0.762 0.4605 0.2 0.882 0.0 0.882 0.4031111111111111 0.9 0.914 -0.73 0.779
0.0 0.0 0.0 0.0 0.0 0.0 0.0 0.0 0.0 0.0 0.0 0.0 0.0 1.0 0.0 0.0 0.0 0.0 0.0 0.0 0.0 0.0 0.0 1.0 0.0 0.36100000000000004 0.5 0.935 0.104 0.7466666666666667 0.5 -0.0 0.76 -0.22633333333333336 1.0 0.956 -0.78 -0.78 0.14450000000000002 0.3333333333333333 0.339 -0.05 0.339 -0.018333333333333313 0.5 0.785 -0.71 -0.13 -0.06599999999999998 0.6666666666666666 0.914 -0.73 -0.73
0.0 0.0 0.0 0.0 0.0 0.0 0.0 0.0 0.0 0.0 0.0 0.0 0.0 0.0 0.0 0.0 0.0 0.0 0.0 0.0 0.0 0.0 0.0 1.0 0.0 0.37666666666666665 0.6 0.902 0.157 0.545 0.4 -0.0 0.31 -0.1542 1.0 0.857 -0.95 0.082 0.21133333333333335 0.6 0.241 0.0 0.191 -0.03166666666666667 0.6 0.475 -0.42 -0.15 0.1255 0.8 0.948 -0.91 0.198
0.0 0.0 0.0 0.0 0.0 0.0 0.0 0.0 0.0 0.0 0.0 0.0 0.0 0.0 0.0 0.0 0.0 0.0 0.0 0.0 0.0 0.0 0.0 1.0 0.0 0.0 0.0 0.0 0.0 0.87 1.0 -0.0 0.87 -0.84 1.0 0.0 -0.84 -0.84 0.0 0.0 0.0 0.0 0.0 -0.96 1.0 0.0 -0.96 -0.96 -0.82 1.0 0.0 -0.82 -0.82
0.0 0.0 0.0 0.0 0.0 0.0 0.0 0.0 0.0 0.0 0.0 0.0 0.0 0.0 0.0 0.0 0.0 0.0 0.0 0.0 0.0 0.0 0.0 1.0 0.0 0.791 0.5 0.793 0.789 0.78 0.5 -0.0 0.78 -0.046999999999999986 1.0 0.749 -0.82 0.633 0.023499999999999965 0.5 0.837 -0.79 -0.79 0.044999999999999984 0.5 0.82 -0.73 -0.73 0.935 0.25 0.935 0.0 0.935
0.0 0.0 0.0 0.0 0.0 0.0 0.0 0.0 0.0 0.0 0.0 0.0 0.0 1.0 0.0 0.0 0.0 0.0 0.0 0.0 0.0 0.0 0.0 1.0 0.0 0.3486666666666667 0.6 0.846 0.099 0.515 0.4 -0.0 0.8 -0.3646666666666667 0.6 0.056 -0.89 -0.89 -0.17866666666666667 0.6 0.23 -0.94 0.174 0.07024999999999999 0.8 0.691 -0.21 0.691 0.08975000000000002 0.8 0.744 -0.83 -0.83
0.0 0.0 0.0 0.0 0.0 0.0 0.0 0.0 0.0 0.0 0.0 0.0 0.0 0.0 0.0 0.0 0.0 0.0 0.0 0.0 0.0 0.0 0.0 1.0 0.0 0.091 0.5 0.091 0.091 0.8 0.5 -0.0 0.8 -0.36 1.0 0.17 -0.89 0.17 0.0 0.0 0.0 0.0 0.0 0.38599999999999995 1.0 0.691 0.0 0.081 -0.32299999999999995 1.0 0.184 -0.83 0.184
0.0 0.0 0.0 0.0 0.0 0.0 0.0 0.0 0.0 0.0 0.0 0.0 0.0 0.0 0.0 0.0 0.0 0.0 0.0 0.0 0.0 0.0 0.0 1.0 0.0 0.0 0.0 0.0 0.0 0.27 1.0 -0.0 0.27 -0.75 1.0 0.0 -0.75 -0.75 0.154 1.0 0.154 0.0 0.154 -0.64 1.0 0.0 -0.64 -0.64 0.142 1.0 0.142 0.0 0.142
0.0 0.0 0.0 0.0 0.0 0.0 0.0 0.0 0.0 0.0 0.0 0.0 0.0 0.0 0.0 0.0 0.0 0.0 0.0 0.0 0.0 0.0 0.0 1.0 0.0 0.29666666666666663 0.6 0.943 0.155 0.4333333333333333 0.4 -0.0 0.05 -0.06618181818181819 0.7333333333333333 0.91 -0.75 -0.04 0.3107 0.6666666666666666 0.963 -0.04 -0.02 0.1115 0.5333333333333333 0.785 -0.23 0.021 -0.08561538461538463 0.8666666666666667 0.395 -0.99 -0.17
0.0 0.0 0.0 0.0 0.0 0.0 0.0 0.0 0.0 0.0 0.0 0.0 0.0 0.0 0.0 0.0 0.0 0.0 0.0 0.0 0.0 0.0 0.0 1.0 0.0 0.074 0.25 0.074 0.074 0.8566666666666666 0.75 -0.0 0.82 -0.39149999999999996 0.5 0.057 -0.84 -0.84 0.141 0.25 0.141 0.0 0.141 0.025666666666666654 0.75 0.937 -0.8 -0.8 -0.32899999999999996 0.5 0.162 -0.82 -0.82
0.0 0.0 0.0 0.0 0.0 0.0 0.0 0.0 0.0 0.0 0.0 1.0 0.0 0.0 0.0 0.0 0.0 0.0 0.0 0.0 0.0 0.0 0.0 1.0 0.0 0.47450000000000003 0.8 0.878 0.157 0.78 0.2 -0.0 0.78 0.19360000000000002 1.0 0.854 -0.7 0.082 0.14550000000000002 0.8 0.984 -0.7 0.191 0.432 0.4 0.914 -0.05 0.914 0.2826 1.0 0.912 -0.72 0.198
0.0 0.0 0.0 0.0 0.0 0.0 0.0 0.0 0.0 0.0 0.0 0.0 0.0 0.0 0.0 0.0 0.0 0.0 0.0 0.0 0.0 0.0 0.0 1.0 0.0 0.719 0.5 0.719 0.719 0.8 0.5 -0.0 0.8 -0.08100000000000002 1.0 0.728 -0.89 -0.89 0.713 0.5 0.713 0.0 0.713 0.691 0.5 0.691 0.0 0.691 -0.057499999999999996 1.0 0.715 -0.83 -0.83
0.0 0.0 0.0 0.0 0.0 0.0 0.0 0.0 0.0 0.0 0.0 0.0 0.0 0.0 0.0 0.0 0.0 0.0 0.0 0.0 0.0 0.0 0.0 1.0 0.0 0.0 0.0 0.0 0.0 0.27 1.0 -0.0 0.27 -0.75 1.0 0.0 -0.75 -0.75 0.154 1.0 0.154 0.0 0.154 -0.64 1.0 0.0 -0.64 -0.64 0.142 1.0 0.142 0.0 0.142
0.0 0.0 0.0 0.0 0.0 0.0 0.0 0.0 0.0 0.0 0.0 0.0 0.0 0.0 0.0 0.0 0.0 0.0 0.0 0.0 0.0 0.0 0.0 1.0 0.0 0.0 0.0 0.0 0.0 0.75 1.0 -0.0 0.75 -0.63 1.0 0.0 -0.63 -0.63 0.0 0.0 0.0 0.0 0.0 0.829 1.0 0.829 0.0 0.829 -0.79 1.0 0.0 -0.79 -0.79
0.0 0.0 0.0 0.0 0.0 0.0 0.0 0.0 0.0 0.0 0.0 0.0 0.0 0.0 0.0 0.0 0.0 0.0 0.0 0.0 0.0 0.0 0.0 1.0 0.0 0.334 1.0 0.334 0.334 0.0 0.0 -0.0 -0.0 0.0 0.0 0.0 0.0 0.0 -0.33 1.0 0.0 -0.33 -0.33 0.0 0.0 0.0 0.0 0.0 0.0 0.0 0.0 0.0 0.0
0.0 0.0 0.0 0.0 0.0 0.0 0.0 0.0 0.0 0.0 0.0 0.0 0.0 0.0 0.0 0.0 0.0 0.0 0.0 0.0 0.0 0.0 0.0 1.0 0.0 0.6655 0.5 0.9 0.856 0.615 0.5 -0.0 0.71 -0.04900000000000001 0.75 0.754 -0.98 -0.98 0.6737500000000001 0.5 0.981 0.0 0.788 0.45799999999999996 0.5 0.948 -0.13 0.198 -0.09514285714285715 0.875 0.966 -0.96 -0.96
0.0 0.0 0.0 0.0 0.0 0.0 0.0 0.0 0.0 0.0 0.0 0.0 0.0 0.0 0.0 0.0 0.0 0.0 0.0 0.0 0.0 0.0 0.0 1.0 0.0 0.48700000000000004 0.8 0.939 0.848 0.36 0.2 -0.0 0.66 0.2855 0.8 0.899 -0.78 0.742 0.13733333333333334 0.9 0.979 -0.79 0.954 0.026799999999999997 0.5 0.585 -0.2 -0.15 0.27062500000000006 0.8 0.935 -0.63 0.337
0.0 0.0 0.0 0.0 0.0 0.0 0.0 0.0 0.0 0.0 0.0 0.0 0.0 0.0 0.0 0.0 0.0 0.0 0.0 0.0 0.0 0.0 0.0 1.0 0.0 0.0 0.0 0.0 0.0 0.5800000000000001 1.0 -0.0 0.27 -0.79 1.0 0.0 -0.83 -0.75 0.154 0.5 0.154 0.0 0.154 0.11499999999999999 1.0 0.87 -0.64 -0.64 -0.414 1.0 0.142 -0.97 0.142
0.0 0.0 0.0 0.0 0.0 0.0 0.0 0.0 0.0 0.0 0.0 0.0 1.0 0.0 0.0 0.0 0.0 0.0 0.0 0.0 0.0 0.0 0.0 1.0 0.0 0.0 0.0 0.0 0.0 0.8 1.0 -0.0 0.8 -0.89 1.0 0.0 -0.89 -0.89 0.0 0.0 0.0 0.0 0.0 0.691 1.0 0.691 0.0 0.691 -0.83 1.0 0.0 -0.83 -0.83
0.0 0.0 0.0 0.0 0.0 0.0 0.0 0.0 0.0 0.0 0.0 0.0 0.0 0.0 0.0 0.0 0.0 0.0 0.0 0.0 0.0 0.0 0.0 1.0 0.0 0.0 0.0 0.0 0.0 0.87 1.0 -0.0 0.87 -0.84 1.0 0.0 -0.84 -0.84 0.0 0.0 0.0 0.0 0.0 -0.96 1.0 0.0 -0.96 -0.96 -0.82 1.0 0.0 -0.82 -0.82
0.0 0.0 0.0 0.0 0.0 0.0 0.0 0.0 0.0 0.0 0.0 0.0 0.0 0.0 0.0 0.0 0.0 0.0 0.0 0.0 0.0 0.0 0.0 0.0 0.0 0.807 0.5 0.807 0.807 0.93 0.5 -0.0 0.93 0.751 0.5 0.751 0.0 0.751 0.864 0.5 0.864 0.0 0.864 0.937 0.5 0.937 0.0 0.937 0.0 0.0 0.0 0.0 0.0
0.0 0.0 0.0 0.0 0.0 0.0 0.0 0.0 0.0 0.0 0.0 0.0 0.0 0.0 0.0 0.0 0.0 0.0 0.0 0.0 0.0 0.0 0.0 1.0 0.0 0.0 0.0 0.0 0.0 0.27 1.0 -0.0 0.27 -0.75 1.0 0.0 -0.75 -0.75 0.154 1.0 0.154 0.0 0.154 -0.64 1.0 0.0 -0.64 -0.64 0.142 1.0 0.142 0.0 0.142
0.0 0.0 0.0 0.0 0.0 0.0 0.0 0.0 0.0 0.0 0.0 0.0 0.0 1.0 0.0 0.0 0.0 0.0 0.0 0.0 0.0 0.0 0.0 1.0 0.0 0.5496666666666666 0.42857142857142855 0.9 0.646 0.3925 0.5714285714285714 -0.0 0.27 -0.237 0.8571428571428571 0.99 -0.75 0.558 -0.15416666666666665 0.8571428571428571 0.154 -0.88 -0.6 -0.29200000000000004 0.5714285714285714 0.752 -0.64 -0.64 0.19128571428571428 1.0 0.831 -0.81 0.779
0.0 0.0 0.0 0.0 0.0 0.0 0.0 0.0 0.0 1.0 0.0 0.0 0.0 1.0 0.0 0.0 0.0 0.0 0.0 0.0 0.0 0.0 0.0 0.0 0.0 0.5942000000000001 0.625 0.939 0.805 0.59 0.375 -0.0 0.06 0.41 0.625 0.956 -0.08 0.899 0.4438 0.625 0.979 0.0 0.757 -0.069 0.625 0.716 -0.88 -0.13 0.06714285714285717 0.875 0.914 -0.94 0.853
0.0 0.0 0.0 0.0 0.0 0.0 1.0 0.0 0.0 0.0 0.0 0.0 0.0 0.0 0.0 0.0 0.0 0.0 0.0 0.0 0.0 1.0 0.0 0.0 0.0 0.878 1.0 0.878 0.878 0.0 0.0 -0.0 -0.0 0.812 1.0 0.812 0.0 0.812 0.984 1.0 0.984 0.0 0.984 0.0 0.0 0.0 0.0 0.0 0.838 1.0 0.838 0.0 0.838
