0.0 0.0 0.0 0.0 0.0 0.0 0.0 0.0 0.0 0.0 0.0 0.0 0.0 0.0 0.0 0.0 0.0 0.0 0.0 0.0 0.0 0.0 0.0 1.0 0.0 0.4887272727272727 0.9166666666666666 0.935 0.08 0.83 0.08333333333333333 -0.0 0.83 0.3179 0.8333333333333334 0.956 -0.71 -0.03 0.021999999999999992 0.8333333333333334 0.801 -0.94 0.201 0.21999999999999997 0.25 0.83 -0.13 -0.04 0.32260000000000005 0.8333333333333334 0.935 -0.96 0.201
0.0 0.0 0.0 0.0 0.0 0.0 0.0 0.0 0.0 0.0 0.0 0.0 0.0 0.0 0.0 0.0 0.0 0.0 0.0 0.0 0.0 0.0 0.0 1.0 0.0 0.4585 0.8888888888888888 0.932 0.037 0.83 0.1111111111111111 -0.0 0.83 0.30822222222222223 1.0 0.863 -0.71 0.04 -0.21985714285714283 0.7777777777777778 0.274 -0.94 0.074 0.20700000000000002 0.4444444444444444 0.83 -0.11 0.059 0.3724444444444444 1.0 0.986 -0.96 0.092
0.0 0.0 0.0 0.0 0.0 0.0 1.0 0.0 0.0 0.0 0.0 1.0 0.0 0.0 0.0 0.0 0.0 0.0 0.0 0.0 0.0 0.0 0.0 1.0 0.0 0.8354285714285714 0.7777777777777778 0.939 0.845 0.49 0.2222222222222222 -0.0 0.82 0.2952 0.5555555555555556 0.936 -0.84 0.731 0.25657142857142856 0.7777777777777778 0.979 -0.86 0.828 -0.47500000000000003 0.2222222222222222 0.0 -0.8 -0.8 0.6390000000000001 0.7777777777777778 0.96 -0.28 0.96
0.0 0.0 0.0 0.0 0.0 0.0 0.0 0.0 0.0 0.0 0.0 1.0 0.0 0.0 0.0 0.0 0.0 0.0 0.0 0.0 0.0 0.0 0.0 1.0 0.0 0.41955263157894734 0.7755102040816326 0.935 0.792 0.32272727272727275 0.22448979591836735 -0.0 0.07 0.25119354838709673 0.6326530612244898 0.956 -0.99 0.868 0.04376923076923077 0.5306122448979592 0.998 -0.86 0.717 0.04115789473684211 0.3877551020408163 0.918 -0.73 -0.07 0.33759523809523806 0.8571428571428571 0.948 -0.81 0.914
0.0 0.0 0.0 0.0 0.0 1.0 0.0 0.0 2.0 0.0 0.0 1.0 0.0 1.0 0.0 0.0 0.0 0.0 0.0 0.0 0.0 0.0 0.0 1.0 0.0 0.5536842105263159 0.76 0.966 0.039 0.7641666666666667 0.24 -0.0 0.77 0.15031818181818177 0.88 0.966 -0.99 -0.98 0.192969696969697 0.66 0.979 -0.94 0.101 0.2445238095238095 0.42 0.959 -0.74 0.383 0.15536585365853658 0.82 0.935 -0.96 -0.93
0.0 0.0 0.0 0.0 0.0 0.0 0.0 0.0 0.0 0.0 0.0 0.0 0.0 0.0 0.0 0.0 0.0 0.0 0.0 0.0 0.0 0.0 0.0 1.0 0.0 0.43449999999999994 0.8888888888888888 0.858 0.727 0.86 0.1111111111111111 -0.0 0.86 0.23737499999999997 0.8888888888888888 0.791 -0.99 -0.99 0.036000000000000004 0.8888888888888888 0.924 -0.95 -0.94 -0.16824999999999998 0.4444444444444444 0.068 -0.73 -0.73 0.41571428571428576 0.7777777777777778 0.768 0.0 0.655
0.0 0.0 0.0 0.0 0.0 0.0 1.0 0.0 1.0 0.0 0.0 0.0 0.0 1.0 0.0 0.0 0.0 0.0 0.0 0.0 0.0 0.0 0.0 0.0 0.0 0.5512962962962965 0.7714285714285715 0.939 0.803 0.54875 0.22857142857142856 -0.0 0.76 0.30003448275862077 0.8285714285714286 0.956 -0.82 0.787 -0.013999999999999978 0.7142857142857143 0.979 -0.95 0.857 0.12033333333333333 0.34285714285714286 0.958 -0.8 0.785 0.23278571428571432 0.8 0.935 -0.96 0.766
0.0 0.0 0.0 0.0 0.0 1.0 0.0 0.0 0.0 0.0 0.0 0.0 0.0 0.0 0.0 0.0 0.0 0.0 0.0 0.0 0.0 0.0 1.0 0.0 0.0 0.3078571428571429 0.875 0.846 0.035 0.83 0.125 -0.0 0.83 0.03 0.75 0.705 -0.71 -0.04 -0.04339999999999998 0.625 0.272 -0.94 0.069 0.26633333333333337 0.375 0.83 -0.07 0.039 0.17937499999999998 1.0 0.851 -0.96 0.075
0.0 0.0 0.0 0.0 0.0 2.0 1.0 0.0 2.0 0.0 0.0 1.0 0.0 0.0 0.0 0.0 0.0 0.0 0.0 0.0 0.0 0.0 1.0 0.0 0.0 0.40545161290322584 0.8611111111111112 0.943 0.088 0.85 0.1388888888888889 -0.0 0.9 0.09713636363636363 0.6111111111111112 0.956 -0.96 -0.04 0.2175925925925926 0.75 0.979 -0.94 0.234 -0.03238888888888889 0.5 0.856 -0.96 -0.1 0.26171874999999994 0.8888888888888888 0.944 -0.99 0.263
0.0 0.0 0.0 0.0 0.0 0.0 1.0 0.0 0.0 0.0 0.0 0.0 0.0 0.0 0.0 0.0 0.0 0.0 0.0 0.0 0.0 0.0 0.0 1.0 0.0 0.6156666666666667 0.75 0.939 0.939 0.83 0.25 -0.0 0.83 0.03966666666666666 0.75 0.899 -0.74 0.899 0.6956666666666665 0.75 0.979 0.0 0.979 0.34550000000000003 0.5 0.781 -0.09 -0.09 -0.009 0.75 0.743 -0.98 0.21
0.0 0.0 0.0 0.0 0.0 0.0 0.0 0.0 0.0 0.0 0.0 0.0 0.0 1.0 0.0 0.0 0.0 0.0 0.0 0.0 0.0 0.0 0.0 1.0 0.0 0.5588846153846154 0.8387096774193549 0.968 0.104 0.6600000000000001 0.16129032258064516 -0.0 0.28 0.25576 0.8064516129032258 0.956 -0.78 0.055 0.36272000000000004 0.8064516129032258 0.992 -0.87 0.237 0.205 0.16129032258064516 0.77 -0.17 -0.11 0.24245833333333333 0.7741935483870968 0.996 -0.75 0.24
0.0 0.0 0.0 0.0 0.0 0.0 0.0 0.0 0.0 0.0 0.0 0.0 0.0 0.0 0.0 0.0 0.0 0.0 0.0 0.0 0.0 0.0 0.0 1.0 0.0 0.6677500000000001 0.6666666666666666 0.926 0.123 0.845 0.3333333333333333 -0.0 0.87 0.838 0.5 0.961 0.0 0.961 -0.13774999999999998 0.6666666666666666 0.916 -0.88 0.203 -0.5700000000000001 0.5 0.0 -0.8 -0.11 0.1735 1.0 0.935 -0.94 0.28
0.0 0.0 0.0 0.0 0.0 1.0 2.0 0.0 1.0 0.0 0.0 0.0 0.0 0.0 0.0 0.0 0.0 0.0 0.0 0.0 0.0 1.0 0.0 0.0 0.0 0.3453125000000001 0.8 0.935 0.208 0.7675 0.2 -0.0 0.82 0.23312499999999997 0.8 0.956 -0.96 0.295 0.1095 0.7 0.888 -0.79 0.239 0.11325 0.6 0.895 -0.28 0.828 0.2036666666666667 0.9 0.935 -0.92 0.346
0.0 1.0 0.0 0.0 0.0 0.0 0.0 0.0 0.0 0.0 1.0 0.0 0.0 0.0 0.0 0.0 0.0 0.0 0.0 0.0 1.0 0.0 0.0 0.0 0.0 0.2666 0.5 0.935 0.07 0.686 0.5 -0.0 0.88 -0.2188888888888889 0.9 0.956 -0.98 -0.98 0.153 0.3 0.274 0.0 0.071 0.5154285714285713 0.7 0.882 -0.11 0.869 -0.1736666666666667 0.9 0.914 -0.97 -0.8
0.0 0.0 0.0 0.0 0.0 1.0 0.0 0.0 0.0 0.0 0.0 0.0 0.0 0.0 0.0 0.0 0.0 0.0 0.0 0.0 0.0 0.0 1.0 0.0 0.0 0.08566666666666667 1.0 0.089 0.084 0.0 0.0 -0.0 -0.0 -0.016 1.0 0.032 -0.05 0.032 0.268 1.0 0.331 0.0 0.261 -0.15666666666666665 1.0 0.0 -0.17 -0.15 0.2543333333333333 1.0 0.33 0.0 0.198
0.0 0.0 0.0 0.0 0.0 2.0 0.0 0.0 1.0 0.0 0.0 4.0 0.0 0.0 0.0 0.0 0.0 0.0 0.0 0.0 0.0 0.0 1.0 0.0 0.0 0.4916486486486486 0.8409090909090909 0.957 0.921 0.4628571428571429 0.1590909090909091 -0.0 0.08 0.3234054054054053 0.8409090909090909 0.995 -0.78 0.995 0.28459999999999996 0.7954545454545454 0.969 -0.87 0.801 0.05510526315789471 0.4318181818181818 0.626 -0.77 0.01 0.35495121951219516 0.9318181818181818 0.968 -0.88 0.968
0.0 0.0 0.0 0.0 0.0 0.0 0.0 0.0 0.0 0.0 0.0 0.0 0.0 0.0 0.0 0.0 0.0 0.0 0.0 0.0 0.0 0.0 0.0 1.0 0.0 0.5043461538461539 0.8125 0.939 0.744 0.6816666666666666 0.1875 -0.0 0.82 0.29682142857142857 0.875 0.956 -0.99 0.805 -0.081 0.71875 0.979 -0.94 -0.72 0.02193333333333334 0.46875 0.831 -0.73 0.831 0.32803999999999994 0.78125 0.935 -0.83 0.699
0.0 0.0 0.0 0.0 0.0 0.0 1.0 0.0 1.0 0.0 0.0 0.0 0.0 0.0 0.0 0.0 0.0 0.0 0.0 0.0 0.0 0.0 0.0 1.0 0.0 0.34929629629629627 0.8181818181818182 0.943 0.044 0.6433333333333334 0.18181818181818182 -0.0 0.8 0.1262307692307692 0.7878787878787878 0.993 -0.85 -0.1 0.1701923076923077 0.7878787878787878 0.962 -0.79 0.272 0.02975 0.48484848484848486 0.931 -0.8 -0.14 0.2286206896551724 0.8787878787878788 0.93 -0.85 0.15
0.0 0.0 0.0 0.0 0.0 2.0 0.0 0.0 1.0 0.0 0.0 11.0 0.0 2.0 0.0 0.0 0.0 0.0 0.0 0.0 0.0 0.0 1.0 0.0 0.0 0.4243235294117647 0.7391304347826086 0.986 0.753 0.7191666666666666 0.2608695652173913 -0.0 0.86 0.1725277777777778 0.782608695652174 0.986 -0.94 0.541 0.18174999999999997 0.6956521739130435 0.979 -0.86 -0.86 0.0753809523809524 0.45652173913043476 0.991 -0.74 0.905 0.09257894736842104 0.8260869565217391 0.944 -0.99 0.85
0.0 0.0 0.0 0.0 0.0 0.0 0.0 0.0 0.0 0.0 0.0 1.0 0.0 0.0 0.0 0.0 0.0 0.0 0.0 0.0 0.0 0.0 0.0 1.0 0.0 0.6722 0.5555555555555556 0.952 0.753 0.6225 0.4444444444444444 -0.0 0.08 0.04100000000000001 1.0 0.95 -0.99 0.686 -0.22600000000000006 0.6666666666666666 0.953 -0.88 -0.77 0.133 0.5555555555555556 0.99 -0.73 -0.08 0.13385714285714284 0.7777777777777778 0.935 -0.87 0.797
0.0 0.0 0.0 0.0 0.0 1.0 0.0 0.0 1.0 0.0 0.0 0.0 0.0 0.0 0.0 0.0 0.0 0.0 0.0 0.0 0.0 0.0 1.0 0.0 0.0 0.3135 0.5454545454545454 0.846 0.071 0.756 0.45454545454545453 -0.0 0.72 -0.1855 0.7272727272727273 0.633 -0.75 0.103 -0.21799999999999997 0.5454545454545454 0.201 -0.94 -0.06 0.24214285714285713 0.6363636363636364 0.882 -0.7 0.013 0.09575000000000002 0.7272727272727273 0.935 -0.8 0.13
0.0 0.0 0.0 0.0 0.0 2.0 1.0 0.0 0.0 0.0 0.0 5.0 0.0 0.0 0.0 0.0 0.0 0.0 0.0 0.0 0.0 0.0 0.0 0.0 0.0 0.5075156249999998 0.7901234567901234 0.953 0.82 0.5988235294117646 0.20987654320987653 -0.0 0.93 0.2569375 0.7901234567901234 0.995 -0.99 -0.96 0.13370689655172413 0.7160493827160493 0.992 -0.94 0.816 0.16573333333333332 0.37037037037037035 0.948 -0.8 0.88 0.2439848484848485 0.8148148148148148 0.947 -0.94 -0.94
0.0 0.0 0.0 0.0 0.0 0.0 1.0 0.0 0.0 0.0 0.0 0.0 0.0 0.0 0.0 0.0 0.0 0.0 0.0 0.0 0.0 1.0 0.0 0.0 0.0 0.44168421052631585 0.8260869565217391 0.939 0.716 0.6325000000000001 0.17391304347826086 -0.0 0.8 0.1910526315789474 0.8260869565217391 0.956 -0.86 0.694 0.05217647058823528 0.7391304347826086 0.979 -0.79 -0.56 0.24244444444444443 0.391304347826087 0.981 -0.21 0.813 0.2331904761904762 0.9130434782608695 0.935 -0.94 0.888
0.0 0.0 0.0 0.0 0.0 0.0 0.0 0.0 0.0 0.0 0.0 0.0 0.0 2.0 0.0 0.0 0.0 0.0 0.0 0.0 0.0 0.0 0.0 0.0 0.0 0.23438888888888887 0.72 0.928 0.074 0.40428571428571425 0.28 -0.0 0.03 -0.20006666666666667 0.6 0.295 -0.78 0.057 -0.005949999999999995 0.8 0.345 -0.99 0.141 -0.07206666666666668 0.6 0.752 -0.91 -0.06 0.16379166666666667 0.96 0.895 -0.81 0.162
0.0 0.0 0.0 0.0 0.0 1.0 0.0 0.0 0.0 0.0 0.0 0.0 0.0 1.0 0.0 0.0 0.0 0.0 0.0 0.0 0.0 0.0 1.0 0.0 0.0 0.5862 0.6666666666666666 0.939 0.117 0.5439999999999999 0.3333333333333333 -0.0 0.05 0.22593333333333335 1.0 0.995 -0.77 -0.04 0.40762499999999996 0.5333333333333333 0.979 -0.02 -0.02 0.40771428571428575 0.4666666666666667 0.82 -0.15 0.021 0.1621666666666667 0.8 0.914 -0.85 -0.17
0.0 0.0 0.0 0.0 0.0 0.0 0.0 0.0 0.0 0.0 0.0 1.0 0.0 0.0 0.0 0.0 0.0 0.0 0.0 0.0 0.0 0.0 0.0 1.0 0.0 0.6000000000000001 0.6666666666666666 0.798 0.798 0.455 0.3333333333333333 -0.0 0.05 0.18100000000000002 1.0 0.781 -0.99 -0.07 -0.405 0.6666666666666666 0.0 -0.79 -0.01 -0.2643333333333333 0.5 0.027 -0.73 -0.09 0.67675 0.6666666666666666 0.935 0.0 0.816
0.0 0.0 0.0 0.0 0.0 0.0 0.0 0.0 0.0 0.0 0.0 0.0 0.0 1.0 0.0 0.0 0.0 0.0 0.0 0.0 0.0 0.0 0.0 1.0 0.0 0.5107894736842106 0.8260869565217391 0.943 0.124 0.6825000000000001 0.17391304347826086 -0.0 0.28 0.2595 0.782608695652174 0.956 -0.96 -0.03 0.21778571428571428 0.6086956521739131 0.943 -0.95 0.323 0.1397142857142857 0.30434782608695654 0.752 -0.23 -0.23 0.27823809523809523 0.9130434782608695 0.998 -0.82 0.437
0.0 0.0 0.0 0.0 0.0 1.0 1.0 0.0 1.0 0.0 0.0 2.0 0.0 1.0 0.0 0.0 0.0 0.0 0.0 0.0 0.0 0.0 1.0 0.0 0.0 0.4537999999999999 0.8 0.935 0.129 0.324 0.2 -0.0 0.8 0.29619047619047617 0.84 0.982 -0.89 0.02 -0.10488888888888888 0.72 0.776 -0.79 0.277 0.15766666666666665 0.36 0.758 -0.11 -0.11 0.3507727272727273 0.88 0.935 -0.83 0.336
0.0 0.0 0.0 0.0 0.0 0.0 1.0 0.0 0.0 0.0 0.0 0.0 0.0 0.0 0.0 0.0 0.0 0.0 0.0 0.0 0.0 0.0 0.0 1.0 0.0 0.8114285714285714 0.7 0.948 0.816 0.92 0.3 -0.0 0.89 0.2887777777777778 0.9 0.956 -0.98 0.838 0.39099999999999996 0.6 0.986 -0.88 0.707 -0.018000000000000016 0.2 0.954 -0.99 -0.99 0.42574999999999996 0.4 0.914 -0.81 0.904
0.0 0.0 0.0 0.0 0.0 1.0 0.0 0.0 0.0 0.0 0.0 2.0 0.0 0.0 0.0 0.0 0.0 0.0 0.0 0.0 0.0 0.0 0.0 1.0 0.0 0.4172826086956521 0.9019607843137255 0.939 0.669 0.6819999999999999 0.09803921568627451 -0.0 0.86 0.29816216216216224 0.7254901960784313 0.956 -0.99 0.592 0.04769444444444445 0.7058823529411765 0.979 -0.87 -0.73 -0.20129999999999998 0.19607843137254902 0.107 -0.73 -0.13 0.3317441860465116 0.8431372549019608 0.935 -0.99 0.677
0.0 0.0 0.0 0.0 0.0 1.0 0.0 0.0 0.0 0.0 0.0 0.0 0.0 0.0 0.0 0.0 0.0 0.0 0.0 0.0 0.0 0.0 1.0 0.0 0.0 0.5452173913043479 0.8518518518518519 0.939 0.034 0.8074999999999999 0.14814814814814814 -0.0 0.76 0.35145454545454546 0.8148148148148148 0.956 -0.9 0.094 -0.10442105263157894 0.7037037037037037 0.979 -0.95 -0.03 0.08030769230769229 0.48148148148148145 0.943 -0.78 0.028 0.2975217391304347 0.8518518518518519 0.935 -0.98 -0.74
0.0 0.0 0.0 0.0 0.0 0.0 0.0 0.0 0.0 0.0 0.0 0.0 0.0 3.0 0.0 0.0 0.0 0.0 0.0 0.0 0.0 0.0 0.0 1.0 0.0 0.5596410256410257 0.7090909090909091 0.943 0.054 0.5581250000000001 0.2909090909090909 -0.0 0.88 0.18773913043478266 0.8363636363636363 0.963 -0.98 0.049 0.10093548387096775 0.5636363636363636 0.986 -0.95 0.113 0.2533461538461539 0.4727272727272727 0.958 -0.78 0.107 0.24518749999999997 0.8727272727272727 0.941 -0.97 0.162
0.0 0.0 0.0 0.0 1.0 0.0 0.0 0.0 0.0 0.0 0.0 0.0 0.0 0.0 0.0 0.0 0.0 0.0 0.0 0.0 0.0 0.0 0.0 0.0 1.0 0.7790000000000001 0.625 0.939 0.208 0.5666666666666668 0.375 -0.0 0.66 0.036666666666666674 0.75 0.956 -0.78 0.295 0.583 0.625 0.99 -0.15 0.239 0.488 0.375 0.83 0.0 0.049 0.15571428571428572 0.875 0.998 -0.96 0.346
0.0 0.0 0.0 0.0 0.0 1.0 1.0 0.0 0.0 0.0 0.0 1.0 0.0 0.0 0.0 0.0 0.0 0.0 0.0 0.0 0.0 0.0 1.0 0.0 0.0 0.5061875 0.8421052631578947 0.939 0.033 0.40666666666666673 0.15789473684210525 -0.0 0.28 0.31441176470588234 0.8947368421052632 0.956 -0.78 -0.05 -0.042133333333333314 0.7894736842105263 0.979 -0.94 0.178 0.24416666666666664 0.3157894736842105 0.615 -0.13 -0.12 0.3014117647058823 0.8947368421052632 0.935 -0.63 0.142
0.0 0.0 1.0 0.0 0.0 1.0 3.0 0.0 0.0 0.0 0.0 0.0 0.0 0.0 0.0 0.0 0.0 0.0 0.0 0.0 0.0 0.0 0.0 0.0 0.0 0.4096666666666667 0.7058823529411765 0.939 0.056 0.834 0.29411764705882354 -0.0 0.88 0.20830769230769228 0.7647058823529411 0.956 -0.98 -0.98 0.12818181818181817 0.6470588235294118 0.979 -0.79 0.079 0.25466666666666665 0.35294117647058826 0.869 -0.09 0.869 -0.01886666666666662 0.8823529411764706 0.935 -0.96 -0.8
0.0 0.0 0.0 0.0 0.0 1.0 0.0 0.0 0.0 0.0 0.0 0.0 0.0 1.0 0.0 0.0 0.0 0.0 0.0 0.0 0.0 0.0 0.0 1.0 0.0 0.6073000000000001 0.9090909090909091 0.935 0.778 0.9 0.09090909090909091 -0.0 0.9 0.3832 0.9090909090909091 0.956 -0.96 -0.96 -0.31885714285714284 0.6363636363636364 0.354 -0.94 0.08 -0.34175 0.36363636363636365 0.013 -0.96 -0.96 0.6059999999999999 0.9090909090909091 0.959 -0.78 -0.78
0.0 0.0 0.0 0.0 0.0 2.0 1.0 0.0 0.0 0.0 0.0 1.0 0.0 0.0 0.0 0.0 0.0 0.0 0.0 0.0 0.0 1.0 0.0 0.0 0.0 0.48203333333333337 0.8108108108108109 0.952 0.952 0.6142857142857142 0.1891891891891892 -0.0 0.87 0.22681481481481483 0.7297297297297297 0.956 -0.95 -0.08 0.09785185185185184 0.7297297297297297 0.952 -0.94 0.202 0.19387500000000002 0.43243243243243246 0.87 -0.17 0.87 0.24487878787878786 0.8918918918918919 0.935 -0.91 -0.87
0.0 0.0 0.0 0.0 1.0 1.0 0.0 0.0 1.0 0.0 0.0 0.0 0.0 0.0 0.0 0.0 0.0 0.0 0.0 0.0 0.0 0.0 0.0 1.0 0.0 0.5156666666666667 0.8333333333333334 0.951 0.316 0.3766666666666667 0.16666666666666666 -0.0 0.34 0.38985714285714296 0.7777777777777778 0.956 -0.75 0.703 0.165375 0.8888888888888888 0.979 -0.9 0.534 0.17366666666666666 0.3333333333333333 0.82 -0.21 -0.21 0.32053846153846155 0.7222222222222222 0.99 -0.65 0.243
0.0 0.0 0.0 0.0 0.0 1.0 0.0 0.0 1.0 0.0 0.0 0.0 0.0 1.0 0.0 0.0 0.0 0.0 0.0 0.0 0.0 0.0 0.0 1.0 0.0 0.5832647058823529 0.918918918918919 0.939 0.901 0.7933333333333333 0.08108108108108109 -0.0 0.86 0.47696153846153844 0.7027027027027027 0.956 -0.99 0.809 0.16346875 0.8648648648648649 0.992 -0.98 0.992 -0.21022222222222223 0.24324324324324326 0.049 -0.74 -0.15 0.4449655172413794 0.7837837837837838 0.935 -0.78 0.73
0.0 0.0 0.0 0.0 0.0 1.0 0.0 0.0 0.0 0.0 0.0 0.0 0.0 0.0 0.0 0.0 0.0 0.0 0.0 0.0 0.0 0.0 0.0 1.0 0.0 0.6412105263157896 0.7307692307692307 0.939 0.157 0.7142857142857143 0.2692307692307692 -0.0 0.76 0.31075 0.9230769230769231 0.956 -0.84 -0.67 0.40585714285714286 0.5384615384615384 0.979 -0.79 0.191 0.3674545454545454 0.4230769230769231 0.97 -0.8 0.97 0.16047368421052632 0.7307692307692307 0.935 -0.97 -0.64
0.0 0.0 0.0 0.0 0.0 0.0 0.0 0.0 2.0 0.0 0.0 0.0 0.0 1.0 0.0 0.0 0.0 0.0 0.0 0.0 0.0 0.0 0.0 1.0 0.0 0.464 0.65 0.964 0.08 0.5528571428571428 0.35 -0.0 0.95 0.1129333333333333 0.75 0.965 -0.95 -0.82 -0.022692307692307682 0.65 0.964 -0.94 0.201 0.504625 0.4 0.99 -0.13 0.932 0.13549999999999995 0.8 0.935 -0.96 -0.96
0.0 0.0 0.0 0.0 0.0 0.0 0.0 0.0 0.0 0.0 0.0 0.0 0.0 0.0 0.0 0.0 0.0 0.0 0.0 0.0 0.0 0.0 0.0 0.0 0.0 0.16 0.2 0.16 0.16 0.6725 0.8 -0.0 0.31 -0.31075 0.8 0.137 -0.75 -0.08 0.251 0.4 0.344 0.0 0.158 0.6198 1.0 0.948 -0.21 0.659 -0.45525000000000004 0.8 0.369 -0.81 -0.65
0.0 0.0 0.0 0.0 1.0 1.0 0.0 0.0 0.0 0.0 0.0 1.0 0.0 1.0 0.0 0.0 0.0 0.0 0.0 0.0 0.0 0.0 0.0 1.0 0.0 0.5370769230769232 0.7878787878787878 0.943 0.943 0.5671428571428572 0.21212121212121213 -0.0 0.35 0.26193103448275856 0.8787878787878788 0.995 -0.95 -0.13 0.021818181818181806 0.6666666666666666 0.979 -0.94 0.071 0.38375 0.36363636363636365 0.816 -0.1 0.694 0.23096428571428573 0.8484848484848485 0.935 -0.85 -0.67
0.0 1.0 0.0 0.0 0.0 1.0 0.0 0.0 0.0 0.0 1.0 0.0 0.0 0.0 0.0 0.0 0.0 0.0 0.0 0.0 1.0 0.0 0.0 0.0 0.0 0.5607142857142855 0.9210526315789473 0.943 0.055 0.56 0.07894736842105263 -0.0 0.87 0.40166666666666656 0.9473684210526315 0.956 -0.96 -0.06 0.22970370370370372 0.7105263157894737 0.979 -0.95 0.154 0.12419999999999998 0.13157894736842105 0.82 -0.11 -0.05 0.4232222222222223 0.7105263157894737 0.935 -0.77 0.192
0.0 0.0 0.0 0.0 0.0 0.0 0.0 0.0 2.0 0.0 0.0 0.0 0.0 0.0 0.0 0.0 0.0 0.0 0.0 0.0 0.0 0.0 0.0 0.0 0.0 0.5327142857142857 0.6774193548387096 0.939 0.831 0.4999999999999999 0.3225806451612903 -0.0 0.02 0.2162083333333333 0.7741935483870968 0.956 -0.88 0.912 0.06366666666666668 0.6774193548387096 0.979 -0.94 0.749 0.03461538461538461 0.41935483870967744 0.837 -0.91 -0.05 0.23687999999999998 0.8064516129032258 0.935 -1.0 0.914
0.0 0.0 0.0 0.0 0.0 0.0 1.0 0.0 1.0 0.0 0.0 0.0 0.0 1.0 0.0 0.0 0.0 0.0 0.0 0.0 0.0 1.0 0.0 0.0 0.0 0.4343636363636364 0.7333333333333333 0.943 0.056 0.48 0.26666666666666666 -0.0 0.03 -0.008454545454545465 0.7333333333333333 0.803 -0.99 -0.02 0.007750000000000003 0.8 0.943 -0.94 0.102 -0.2506 0.3333333333333333 0.047 -0.73 -0.04 0.23990909090909093 0.7333333333333333 0.935 -0.72 -0.03
0.0 0.0 0.0 0.0 0.0 0.0 0.0 0.0 0.0 0.0 0.0 0.0 0.0 0.0 0.0 0.0 0.0 0.0 0.0 0.0 0.0 0.0 0.0 0.0 0.0 0.5566153846153846 0.7222222222222222 0.943 0.664 0.6539999999999999 0.2777777777777778 -0.0 0.76 0.2551538461538461 0.7222222222222222 0.939 -0.95 0.939 0.13991666666666663 0.6666666666666666 0.979 -0.79 -0.51 0.055749999999999994 0.4444444444444444 0.721 -0.74 -0.74 0.10786666666666665 0.8333333333333334 0.935 -0.78 0.537
0.0 0.0 0.0 0.0 0.0 0.0 0.0 0.0 0.0 0.0 0.0 0.0 0.0 1.0 0.0 0.0 0.0 0.0 0.0 0.0 0.0 0.0 0.0 1.0 0.0 0.326 0.6 0.855 0.855 0.47 0.4 -0.0 0.87 -0.26949999999999996 0.8 0.042 -0.96 -0.96 0.29225 0.8 0.967 -0.01 0.967 -0.1 0.2 0.0 -0.1 -0.1 -0.014500000000000013 0.8 0.743 -0.77 -0.77
0.0 0.0 0.0 0.0 0.0 0.0 0.0 0.0 0.0 0.0 0.0 1.0 0.0 0.0 0.0 0.0 0.0 0.0 0.0 0.0 0.0 0.0 0.0 1.0 0.0 0.5770833333333334 0.8571428571428571 0.935 0.773 0.89 0.14285714285714285 -0.0 0.9 0.47625 0.5714285714285714 0.956 -0.96 0.811 0.24712499999999998 0.5714285714285714 0.884 -0.79 0.706 -0.0484 0.35714285714285715 0.948 -0.96 -0.06 0.42475 0.8571428571428571 0.935 -0.81 0.84
0.0 0.0 0.0 0.0 1.0 0.0 0.0 0.0 0.0 0.0 0.0 0.0 0.0 0.0 0.0 0.0 0.0 0.0 0.0 0.0 0.0 0.0 0.0 0.0 1.0 0.4643333333333333 0.8571428571428571 0.939 0.853 0.28 0.14285714285714285 -0.0 0.28 0.41933333333333334 0.8571428571428571 0.899 -0.08 0.857 0.22528571428571428 1.0 0.979 -0.79 -0.79 0.14925000000000002 0.5714285714285714 0.615 -0.06 0.013 0.143 0.7142857142857143 0.907 -0.62 0.907
0.0 0.0 0.0 0.0 0.0 0.0 1.0 0.0 1.0 0.0 0.0 0.0 0.0 2.0 0.0 0.0 0.0 0.0 0.0 0.0 0.0 0.0 0.0 0.0 0.0 0.34692307692307706 0.7647058823529411 0.92 0.083 0.8150000000000001 0.23529411764705882 -0.0 0.93 -0.06015384615384616 0.7647058823529411 0.928 -0.99 0.047 -0.01723076923076922 0.7647058823529411 0.893 -0.94 0.083 0.11545454545454538 0.6470588235294118 0.893 -0.93 -0.1 0.13425 0.9411764705882353 0.947 -0.94 0.068
0.0 0.0 0.0 0.0 1.0 1.0 0.0 0.0 1.0 0.0 0.0 0.0 0.0 2.0 0.0 0.0 0.0 0.0 0.0 0.0 0.0 0.0 0.0 1.0 0.0 0.5796666666666667 0.6923076923076923 0.939 0.028 0.61375 0.3076923076923077 -0.0 0.76 0.17116666666666666 0.9230769230769231 0.956 -0.96 -0.12 -0.13366666666666668 0.5769230769230769 0.979 -0.96 0.179 -0.2408888888888889 0.34615384615384615 0.752 -0.83 -0.14 0.28890000000000005 0.7692307692307693 0.935 -0.85 0.204
0.0 0.0 0.0 0.0 1.0 0.0 0.0 0.0 0.0 0.0 0.0 0.0 0.0 0.0 0.0 0.0 0.0 0.0 0.0 0.0 0.0 0.0 0.0 0.0 1.0 0.778 0.5 0.778 0.778 0.83 0.5 -0.0 0.83 -0.0025000000000000022 1.0 0.705 -0.71 -0.71 0.0 0.0 0.0 0.0 0.0 0.83 0.5 0.83 0.0 0.83 -0.05449999999999999 1.0 0.851 -0.96 -0.96
0.0 0.0 0.0 0.0 0.0 0.0 1.0 0.0 1.0 0.0 0.0 0.0 0.0 2.0 0.0 0.0 0.0 0.0 0.0 0.0 0.0 0.0 0.0 0.0 0.0 0.5494117647058824 0.68 0.935 0.789 0.62 0.32 -0.0 0.93 0.1580434782608696 0.92 0.988 -0.96 -0.96 -0.03523076923076924 0.52 0.904 -0.94 -0.15 0.411 0.48 0.948 -0.11 0.88 0.23469565217391303 0.92 0.986 -0.94 -0.94
0.0 0.0 0.0 0.0 0.0 0.0 0.0 0.0 0.0 0.0 0.0 0.0 0.0 0.0 0.0 0.0 0.0 0.0 0.0 0.0 0.0 0.0 0.0 1.0 0.0 0.5129677419354839 0.6326530612244898 0.947 0.061 0.5861111111111111 0.3673469387755102 -0.0 0.03 0.0915937499999999 0.6530612244897959 0.956 -0.99 -0.98 0.17593103448275862 0.5918367346938775 0.979 -0.99 -0.01 0.019250000000000007 0.40816326530612246 0.98 -0.91 0.017 0.13187500000000002 0.8163265306122449 0.947 -0.94 -0.11
0.0 0.0 0.0 0.0 2.0 0.0 0.0 0.0 1.0 0.0 0.0 0.0 0.0 0.0 0.0 0.0 0.0 0.0 0.0 0.0 0.0 0.0 0.0 0.0 1.0 0.812 0.4 0.846 0.778 0.5533333333333333 0.6 -0.0 0.08 -0.24625 0.8 0.705 -0.89 -0.09 -0.49 0.4 0.0 -0.94 -0.04 0.5136666666666666 0.6 0.83 0.0 0.039 -0.05899999999999998 1.0 0.851 -0.96 -0.24
0.0 0.0 0.0 0.0 1.0 0.0 0.0 0.0 0.0 0.0 0.0 1.0 0.0 1.0 0.0 0.0 0.0 0.0 0.0 0.0 0.0 0.0 0.0 0.0 1.0 0.4363125000000001 0.8 0.935 0.124 0.79625 0.2 -0.0 0.86 0.14894871794871792 0.975 0.956 -0.93 -0.79 0.026571428571428572 0.7 0.887 -0.88 0.18 0.08199999999999999 0.45 0.978 -0.93 0.974 0.2274242424242425 0.825 0.935 -0.94 -0.83
0.0 0.0 0.0 0.0 0.0 1.0 1.0 0.0 0.0 0.0 0.0 0.0 0.0 0.0 0.0 0.0 0.0 0.0 0.0 0.0 0.0 0.0 1.0 0.0 0.0 0.33755555555555566 0.8709677419354839 0.953 0.874 0.7 0.12903225806451613 -0.0 0.76 0.2512222222222222 0.8709677419354839 0.956 -0.78 0.849 0.21972000000000005 0.8064516129032258 0.988 -0.79 0.899 -0.03164705882352942 0.5483870967741935 0.856 -0.91 0.017 0.21269565217391306 0.7419354838709677 0.935 -0.95 0.142
0.0 0.0 0.0 0.0 0.0 3.0 0.0 0.0 0.0 0.0 0.0 4.0 0.0 0.0 0.0 0.0 0.0 0.0 0.0 0.0 0.0 0.0 1.0 0.0 0.0 0.4979230769230769 0.7647058823529411 0.97 0.121 0.5858333333333333 0.23529411764705882 -0.0 0.74 0.18860465116279068 0.8431372549019608 0.956 -0.82 -0.58 -0.014714285714285714 0.6862745098039216 0.991 -0.99 0.156 0.24457142857142858 0.4117647058823529 0.955 -0.91 0.955 0.23731578947368417 0.7450980392156863 0.935 -0.97 -0.69
0.0 0.0 0.0 0.0 0.0 2.0 0.0 0.0 0.0 0.0 0.0 0.0 0.0 0.0 0.0 0.0 0.0 0.0 0.0 0.0 0.0 0.0 0.0 1.0 0.0 0.44020000000000004 0.625 0.935 0.115 0.7966666666666667 0.375 -0.0 0.86 -0.04362500000000001 1.0 0.956 -0.99 -0.99 0.37000000000000005 0.5 0.872 0.0 0.205 0.252 0.5 0.936 -0.73 -0.73 0.01933333333333335 0.75 0.914 -0.73 0.249
0.0 0.0 0.0 0.0 0.0 0.0 0.0 0.0 2.0 0.0 0.0 2.0 0.0 0.0 0.0 0.0 0.0 0.0 0.0 0.0 0.0 0.0 0.0 0.0 0.0 0.4696857142857142 0.9333333333333333 0.948 0.806 0.5619999999999999 0.06666666666666667 -0.0 0.76 0.4470461538461539 0.8666666666666667 0.985 -0.78 0.906 0.2140384615384615 0.6933333333333334 0.986 -0.95 0.715 -0.04617857142857142 0.37333333333333335 0.932 -0.74 -0.28 0.3598644067796611 0.7866666666666666 0.946 -0.96 0.796
0.0 0.0 0.0 0.0 1.0 0.0 0.0 0.0 0.0 0.0 0.0 1.0 0.0 1.0 0.0 0.0 0.0 0.0 0.0 0.0 0.0 0.0 0.0 1.0 0.0 0.4899 0.7692307692307693 0.943 0.753 0.6766666666666666 0.23076923076923078 -0.0 0.76 0.1132 0.7692307692307693 0.956 -0.87 0.686 0.061823529411764715 0.6538461538461539 0.943 -0.94 -0.77 -0.08344444444444446 0.34615384615384615 0.614 -0.8 -0.2 0.23252380952380952 0.8076923076923077 0.935 -0.86 0.797
0.0 0.0 0.0 0.0 0.0 0.0 1.0 0.0 0.0 0.0 0.0 0.0 0.0 1.0 0.0 0.0 0.0 0.0 0.0 0.0 0.0 1.0 0.0 0.0 0.0 0.594375 0.8888888888888888 0.983 0.983 0.83 0.1111111111111111 -0.0 0.83 0.313 0.6666666666666666 0.899 -0.71 0.899 0.35171428571428576 0.7777777777777778 0.983 -0.85 0.983 0.24966666666666668 0.3333333333333333 0.83 -0.13 0.83 0.24816666666666665 0.6666666666666666 0.868 -0.96 0.822
0.0 0.0 0.0 0.0 0.0 1.0 0.0 0.0 3.0 0.0 0.0 0.0 0.0 1.0 0.0 0.0 0.0 0.0 0.0 0.0 0.0 0.0 0.0 1.0 0.0 0.5787307692307695 0.7878787878787878 0.939 0.034 0.8242857142857145 0.21212121212121213 -0.0 0.81 0.1672068965517241 0.8787878787878788 0.956 -0.98 0.094 -0.015549999999999975 0.6060606060606061 0.979 -0.94 -0.03 0.08750000000000001 0.42424242424242425 0.816 -0.91 0.028 0.2779629629629629 0.8181818181818182 0.935 -0.99 -0.75
0.0 0.0 0.0 0.0 0.0 1.0 0.0 0.0 2.0 0.0 0.0 0.0 0.0 0.0 0.0 0.0 0.0 0.0 0.0 0.0 0.0 0.0 0.0 0.0 0.0 0.48240625000000004 0.8888888888888888 0.935 0.784 0.8725 0.1111111111111111 -0.0 0.87 0.44636 0.6944444444444444 0.956 -0.96 0.548 -0.08757692307692307 0.7222222222222222 0.967 -0.86 -0.86 -0.10728571428571433 0.3888888888888889 0.748 -0.91 0.049 0.37847058823529417 0.9444444444444444 0.938 -0.95 0.938
0.0 0.0 0.0 0.0 1.0 1.0 0.0 0.0 0.0 0.0 0.0 1.0 0.0 2.0 0.0 0.0 0.0 0.0 0.0 0.0 0.0 0.0 1.0 0.0 0.0 0.43551351351351364 0.7872340425531915 0.935 0.837 0.5999999999999999 0.2127659574468085 -0.0 0.72 0.16240000000000002 0.851063829787234 0.956 -0.9 0.793 0.18122222222222223 0.7659574468085106 0.967 -0.9 0.811 0.14505555555555555 0.3829787234042553 0.882 -0.71 -0.08 0.20266666666666666 0.8297872340425532 0.935 -0.79 0.908
0.0 0.0 0.0 0.0 0.0 1.0 0.0 0.0 1.0 0.0 0.0 2.0 0.0 2.0 0.0 0.0 0.0 0.0 0.0 0.0 0.0 0.0 0.0 1.0 0.0 0.5158750000000001 0.7804878048780488 0.939 0.101 0.5066666666666665 0.21951219512195122 -0.0 0.06 0.23269230769230767 0.9512195121951219 0.956 -0.99 0.034 0.1501333333333333 0.7317073170731707 0.979 -0.95 0.137 0.09966666666666664 0.36585365853658536 0.958 -0.8 0.008 0.22535294117647053 0.8292682926829268 0.944 -0.96 0.242
0.0 0.0 0.0 0.0 0.0 0.0 0.0 0.0 0.0 0.0 0.0 2.0 0.0 0.0 0.0 0.0 0.0 0.0 0.0 0.0 0.0 0.0 0.0 1.0 0.0 0.6597142857142858 0.6363636363636364 0.939 0.208 0.51625 0.36363636363636365 -0.0 0.06 0.18716666666666665 0.8181818181818182 0.956 -0.78 0.295 0.14715384615384614 0.5909090909090909 0.979 -0.94 0.239 -0.33087500000000003 0.36363636363636365 0.113 -0.91 0.049 0.31635714285714295 0.6363636363636364 0.958 -0.73 0.346
0.0 0.0 0.0 0.0 0.0 0.0 0.0 0.0 0.0 0.0 0.0 0.0 0.0 0.0 0.0 0.0 0.0 0.0 0.0 0.0 0.0 0.0 0.0 0.0 0.0 0.39287500000000003 0.7272727272727273 0.935 0.063 0.6333333333333334 0.2727272727272727 -0.0 0.31 0.06689999999999997 0.9090909090909091 0.956 -0.77 -0.08 0.031000000000000003 0.5454545454545454 0.345 -0.94 0.158 0.26914285714285713 0.6363636363636364 0.82 -0.2 0.659 0.21740000000000004 0.9090909090909091 0.914 -0.85 -0.65
0.0 1.0 0.0 0.0 0.0 0.0 0.0 0.0 0.0 0.0 1.0 0.0 0.0 0.0 0.0 0.0 0.0 0.0 0.0 0.0 1.0 0.0 0.0 0.0 0.0 0.0 0.0 0.0 0.0 0.9 1.0 -0.0 0.9 -0.96 1.0 0.0 -0.96 -0.96 0.0 0.0 0.0 0.0 0.0 -0.96 1.0 0.0 -0.96 -0.96 -0.78 1.0 0.0 -0.78 -0.78
0.0 1.0 0.0 0.0 0.0 0.0 0.0 0.0 0.0 0.0 1.0 0.0 0.0 1.0 0.0 0.0 0.0 0.0 0.0 0.0 0.0 0.0 0.0 1.0 0.0 0.5666666666666668 0.6666666666666666 0.853 0.05 0.8166666666666668 0.3333333333333333 -0.0 0.73 -0.055714285714285716 0.7777777777777778 0.92 -0.95 -0.81 -0.84 0.3333333333333333 0.0 -0.88 -0.88 0.6205 0.2222222222222222 0.721 0.0 0.52 0.23637499999999995 0.8888888888888888 0.935 -0.87 -0.87
0.0 0.0 0.0 0.0 0.0 0.0 1.0 0.0 0.0 0.0 0.0 0.0 0.0 1.0 0.0 0.0 0.0 0.0 0.0 0.0 0.0 1.0 0.0 0.0 0.0 0.49959999999999993 0.7142857142857143 0.846 0.062 0.505 0.2857142857142857 -0.0 0.14 0.019999999999999987 0.8571428571428571 0.712 -0.84 -0.05 -0.17500000000000002 0.7142857142857143 0.311 -0.94 0.277 -0.24299999999999997 0.5714285714285714 0.049 -0.96 -0.08 0.21657142857142858 1.0 0.858 -0.82 0.111
0.0 0.0 0.0 0.0 0.0 1.0 0.0 0.0 0.0 0.0 1.0 0.0 0.0 1.0 0.0 0.0 0.0 0.0 0.0 0.0 0.0 0.0 1.0 0.0 0.0 0.5836363636363635 0.7857142857142857 0.939 0.846 0.3566666666666667 0.21428571428571427 -0.0 0.07 0.3909166666666666 0.8571428571428571 0.964 -0.78 0.964 0.29388888888888887 0.6428571428571429 0.979 -0.88 0.728 -0.14820000000000003 0.35714285714285715 0.069 -0.42 0.069 0.3429999999999999 0.7142857142857143 0.959 -0.73 0.151
0.0 0.0 0.0 0.0 0.0 1.0 0.0 0.0 1.0 0.0 0.0 0.0 0.0 0.0 0.0 0.0 0.0 0.0 0.0 0.0 0.0 0.0 1.0 0.0 0.0 0.7115454545454546 1.0 0.935 0.884 0.0 0.0 -0.0 -0.0 0.5651666666666667 0.5454545454545454 0.956 -0.05 0.929 0.5056666666666667 0.8181818181818182 0.99 -0.94 0.861 -0.12 0.09090909090909091 0.0 -0.12 -0.12 0.6974000000000001 0.9090909090909091 0.959 0.0 0.862
0.0 1.0 0.0 0.0 0.0 1.0 0.0 0.0 0.0 0.0 1.0 1.0 0.0 1.0 0.0 0.0 0.0 0.0 0.0 0.0 1.0 0.0 0.0 0.0 0.0 0.5637692307692308 0.9285714285714286 0.964 0.837 0.14 0.07142857142857142 -0.0 0.14 0.47569999999999996 0.7142857142857143 0.965 -0.44 -0.44 0.442076923076923 0.9285714285714286 0.979 -0.79 0.311 -0.018800000000000004 0.35714285714285715 0.107 -0.11 0.049 0.4108181818181818 0.7857142857142857 0.935 -0.39 -0.39
0.0 0.0 0.0 0.0 1.0 0.0 0.0 0.0 0.0 0.0 0.0 0.0 0.0 0.0 0.0 0.0 0.0 0.0 0.0 0.0 0.0 0.0 0.0 0.0 1.0 0.778 0.5 0.778 0.778 0.91 0.5 -0.0 0.91 -0.10250000000000004 1.0 0.705 -0.91 -0.91 0.0 0.0 0.0 0.0 0.0 0.0 0.0 0.0 0.0 0.0 0.851 0.5 0.851 0.0 0.851
0.0 0.0 0.0 0.0 0.0 1.0 0.0 0.0 0.0 0.0 0.0 0.0 0.0 2.0 0.0 0.0 0.0 0.0 0.0 0.0 0.0 0.0 1.0 0.0 0.0 0.5145263157894737 0.8260869565217391 0.939 0.057 0.805 0.17391304347826086 -0.0 0.73 0.2797619047619047 0.9130434782608695 0.982 -0.95 -0.07 -0.1652777777777778 0.782608695652174 0.979 -0.87 0.13 0.0708333333333333 0.5217391304347826 0.796 -0.8 -0.07 0.3136363636363636 0.9565217391304348 0.935 -0.98 0.249
0.0 0.0 0.0 0.0 0.0 0.0 0.0 0.0 0.0 0.0 0.0 0.0 0.0 1.0 0.0 0.0 0.0 0.0 0.0 0.0 0.0 0.0 0.0 1.0 0.0 0.6788181818181818 0.7333333333333333 0.952 0.952 0.39250000000000007 0.26666666666666666 -0.0 0.66 0.3359285714285714 0.9333333333333333 0.956 -0.78 0.95 -0.24563636363636368 0.7333333333333333 0.953 -0.88 0.953 0.27 0.3333333333333333 0.917 -0.09 0.028 0.511909090909091 0.7333333333333333 0.941 -0.88 0.941
0.0 1.0 0.0 0.0 1.0 0.0 0.0 0.0 0.0 0.0 3.0 1.0 0.0 0.0 0.0 0.0 0.0 0.0 0.0 0.0 1.0 0.0 0.0 0.0 0.0 0.6496666666666667 0.6 0.97 0.97 0.755 0.4 -0.0 0.75 0.6233333333333333 0.6 0.961 -0.04 0.949 0.6826666666666666 0.6 0.991 0.0 0.991 -0.02633333333333332 0.6 0.751 -0.74 0.751 -0.10475000000000001 0.8 0.901 -0.78 -0.75
0.0 0.0 0.0 0.0 0.0 2.0 0.0 0.0 3.0 0.0 0.0 1.0 0.0 3.0 0.0 0.0 0.0 0.0 0.0 0.0 0.0 0.0 0.0 0.0 0.0 0.5311666666666667 0.6976744186046512 0.939 0.805 0.7146153846153847 0.3023255813953488 -0.0 0.76 0.05871428571428572 0.813953488372093 0.99 -0.99 -0.61 0.024166666666666666 0.5581395348837209 0.979 -0.95 0.819 0.302 0.46511627906976744 0.856 -0.32 0.856 0.1997297297297297 0.8604651162790697 0.959 -0.89 0.792
0.0 0.0 0.0 0.0 0.0 0.0 1.0 0.0 0.0 0.0 0.0 0.0 0.0 4.0 0.0 0.0 0.0 0.0 0.0 0.0 0.0 1.0 0.0 0.0 0.0 0.6872 0.625 0.933 0.846 0.6166666666666666 0.375 -0.0 0.9 -0.07036363636363639 0.6875 0.972 -0.95 -0.87 -0.245625 0.5 0.99 -0.94 0.203 0.10314285714285713 0.4375 0.828 -0.8 0.828 0.19868749999999996 1.0 0.935 -0.97 -0.97
0.0 0.0 0.0 0.0 0.0 1.0 0.0 0.0 0.0 0.0 0.0 0.0 0.0 0.0 0.0 0.0 0.0 0.0 0.0 0.0 0.0 0.0 1.0 0.0 0.0 0.45307692307692304 0.8666666666666667 0.939 0.895 0.6124999999999999 0.13333333333333333 -0.0 0.07 0.28779999999999994 0.8333333333333334 0.956 -0.78 -0.07 -0.022863636363636374 0.7333333333333333 0.979 -0.79 0.145 -0.07483333333333332 0.4 0.82 -0.91 0.056 0.3721739130434783 0.7666666666666667 0.935 -0.73 -0.07
0.0 1.0 0.0 0.0 0.0 0.0 0.0 0.0 0.0 0.0 1.0 0.0 0.0 0.0 0.0 0.0 0.0 0.0 0.0 0.0 1.0 0.0 0.0 0.0 0.0 0.943 0.3333333333333333 0.943 0.943 0.845 0.6666666666666666 -0.0 0.91 -0.8300000000000001 0.6666666666666666 0.0 -0.91 -0.91 0.943 0.3333333333333333 0.943 0.0 0.943 0.82 0.3333333333333333 0.82 0.0 0.82 0.0 0.0 0.0 0.0 0.0
0.0 1.0 0.0 0.0 0.0 0.0 0.0 0.0 0.0 0.0 1.0 1.0 0.0 3.0 0.0 0.0 0.0 0.0 0.0 0.0 0.0 0.0 0.0 1.0 0.0 0.495 0.8032786885245902 0.943 0.753 0.5399999999999999 0.19672131147540983 -0.0 0.89 0.20201999999999998 0.819672131147541 0.981 -0.99 0.686 0.1397021276595745 0.7704918032786885 0.979 -0.94 -0.77 0.018037037037037032 0.4426229508196721 0.914 -0.94 -0.04 0.28680000000000005 0.7377049180327869 0.935 -0.96 0.797
0.0 0.0 1.0 0.0 0.0 0.0 2.0 0.0 0.0 0.0 0.0 2.0 0.0 1.0 0.0 0.0 0.0 0.0 0.0 0.0 0.0 1.0 0.0 0.0 0.0 0.60456 0.7575757575757576 0.943 0.935 0.6325 0.24242424242424243 -0.0 0.86 0.32985185185185173 0.8181818181818182 0.956 -0.99 -0.99 -0.17604761904761906 0.6363636363636364 0.979 -0.94 -0.69 0.009699999999999997 0.30303030303030304 0.893 -0.93 -0.73 0.3628076923076924 0.7878787878787878 0.935 -0.98 -0.75
0.0 1.0 0.0 0.0 0.0 0.0 0.0 0.0 0.0 0.0 1.0 0.0 0.0 0.0 0.0 0.0 0.0 0.0 0.0 0.0 1.0 0.0 0.0 0.0 0.0 0.08 0.5 0.08 0.08 0.7 0.5 -0.0 0.7 -0.03 0.5 0.0 -0.03 -0.03 0.201 0.5 0.201 0.0 0.201 -0.37 1.0 0.0 -0.7 -0.7 0.201 0.5 0.201 0.0 0.201
0.0 0.0 0.0 0.0 1.0 0.0 0.0 0.0 0.0 0.0 0.0 1.0 0.0 2.0 0.0 0.0 0.0 0.0 0.0 0.0 0.0 0.0 0.0 0.0 0.0 0.6032222222222223 0.7105263157894737 0.939 0.935 0.7345454545454545 0.2894736842105263 -0.0 0.93 0.30084848484848487 0.868421052631579 0.956 -0.96 -0.96 -0.12974999999999995 0.5263157894736842 0.979 -0.88 0.123 0.37115384615384617 0.34210526315789475 0.948 -0.8 0.88 0.2503823529411764 0.8947368421052632 0.935 -0.94 -0.94
0.0 0.0 0.0 0.0 0.0 0.0 2.0 0.0 0.0 0.0 0.0 0.0 0.0 1.0 0.0 0.0 0.0 0.0 0.0 0.0 0.0 0.0 0.0 0.0 0.0 0.5787368421052632 0.7307692307692307 0.943 0.943 0.6842857142857143 0.2692307692307692 -0.0 0.7 0.15360869565217392 0.8846153846153846 1.0 -0.95 0.094 -0.3309333333333334 0.5769230769230769 0.943 -0.99 0.943 0.3236666666666667 0.46153846153846156 0.721 -0.22 0.028 0.248125 0.9230769230769231 0.981 -0.9 -0.83
0.0 0.0 0.0 0.0 0.0 0.0 1.0 0.0 0.0 0.0 0.0 0.0 0.0 0.0 0.0 0.0 0.0 0.0 0.0 0.0 0.0 1.0 0.0 0.0 0.0 0.7878333333333333 0.75 0.885 0.752 0.14500000000000002 0.25 -0.0 0.28 0.5171250000000001 1.0 0.905 -0.59 -0.59 0.06066666666666668 0.75 0.773 -0.79 0.162 0.0605 0.25 0.221 -0.1 0.221 0.5550000000000002 1.0 0.93 -0.5 -0.5
0.0 0.0 0.0 0.0 0.0 0.0 1.0 0.0 0.0 1.0 0.0 0.0 0.0 0.0 0.0 0.0 0.0 0.0 0.0 0.0 0.0 1.0 0.0 0.0 0.0 0.5188333333333334 0.8571428571428571 0.948 0.606 0.07 0.14285714285714285 -0.0 0.11 0.49110000000000004 0.7142857142857143 0.894 -0.08 0.572 -0.10981818181818183 0.7857142857142857 0.948 -0.91 -0.72 -0.135 0.2857142857142857 0.0 -0.3 -0.3 0.49590909090909085 0.7857142857142857 0.948 -0.12 0.521
0.0 0.0 0.0 0.0 0.0 0.0 1.0 0.0 1.0 0.0 0.0 0.0 0.0 1.0 0.0 0.0 0.0 0.0 0.0 0.0 0.0 1.0 0.0 0.0 0.0 0.49210256410256403 0.9069767441860465 0.935 0.823 0.5875 0.09302325581395349 -0.0 0.76 0.35227027027027036 0.8604651162790697 0.967 -0.78 0.967 0.11228124999999999 0.7441860465116279 0.967 -0.88 0.795 -0.07018181818181818 0.2558139534883721 0.585 -0.7 0.049 0.4315813953488372 1.0 0.935 -0.84 0.706
0.0 0.0 0.0 0.0 2.0 1.0 2.0 0.0 2.0 0.0 0.0 2.0 0.0 0.0 0.0 0.0 0.0 0.0 0.0 0.0 0.0 1.0 0.0 0.0 0.0 0.6262142857142857 0.9655172413793104 0.988 0.988 0.82 0.034482758620689655 -0.0 0.82 0.5130909090909093 0.7586206896551724 0.995 -0.84 -0.1 0.11343478260869565 0.7931034482758621 0.986 -1.0 0.986 -0.27799999999999997 0.10344827586206896 0.056 -0.8 0.056 0.5867826086956522 0.7931034482758621 0.99 -0.03 0.99
0.0 0.0 0.0 0.0 0.0 0.0 2.0 0.0 0.0 0.0 0.0 0.0 0.0 0.0 0.0 0.0 0.0 0.0 0.0 0.0 0.0 1.0 0.0 0.0 0.0 0.6703076923076924 0.896551724137931 0.939 0.903 0.5466666666666667 0.10344827586206896 -0.0 0.85 0.5220909090909093 0.7586206896551724 0.97 -0.95 -0.95 0.13226086956521743 0.7931034482758621 0.989 -0.94 -0.05 0.07650000000000001 0.27586206896551724 0.87 -0.74 -0.74 0.5338181818181819 0.7586206896551724 0.994 -0.74 -0.12
0.0 0.0 0.0 0.0 0.0 0.0 1.0 0.0 0.0 0.0 0.0 0.0 1.0 0.0 0.0 0.0 0.0 0.0 0.0 0.0 0.0 1.0 0.0 0.0 0.0 0.0 0.0 0.0 0.0 0.0 0.0 -0.0 -0.0 0.0 0.0 0.0 0.0 0.0 0.0 0.0 0.0 0.0 0.0 0.0 0.0 0.0 0.0 0.0 0.0 0.0 0.0 0.0 0.0
0.0 0.0 0.0 0.0 0.0 0.0 1.0 0.0 0.0 0.0 0.0 0.0 0.0 0.0 0.0 0.0 0.0 0.0 0.0 0.0 0.0 1.0 0.0 0.0 0.0 0.091 0.2 0.091 0.091 0.7599999999999999 0.8 -0.0 0.73 -0.6025 0.8 0.17 -0.9 -0.85 0.0 0.0 0.0 0.0 0.0 0.22680000000000003 1.0 0.87 -0.7 0.605 -0.6265000000000001 0.8 0.184 -0.99 -0.73
0.0 0.0 0.0 0.0 0.0 0.0 0.0 0.0 0.0 0.0 0.0 0.0 0.0 2.0 0.0 0.0 0.0 0.0 0.0 0.0 0.0 0.0 0.0 1.0 0.0 0.5552631578947368 0.6785714285714286 0.939 0.846 0.7377777777777779 0.32142857142857145 -0.0 0.93 0.12176190476190478 0.75 0.956 -0.99 -0.99 -0.13533333333333333 0.5357142857142857 0.979 -0.95 -0.94 0.09359999999999999 0.35714285714285715 0.948 -0.78 -0.71 0.08670000000000004 0.7142857142857143 0.98 -0.98 -0.88
0.0 0.0 0.0 0.0 0.0 0.0 1.0 0.0 1.0 1.0 0.0 0.0 0.0 0.0 0.0 0.0 0.0 0.0 0.0 1.0 0.0 0.0 0.0 0.0 0.0 0.6169999999999999 0.8181818181818182 0.983 0.903 0.795 0.18181818181818182 -0.0 0.78 0.38333333333333325 0.8181818181818182 0.97 -0.77 0.746 0.32 0.7272727272727273 0.983 -0.8 0.97 0.58975 0.36363636363636365 0.82 -0.05 0.82 0.31383333333333335 0.5454545454545454 0.994 -0.85 0.994
0.0 0.0 0.0 0.0 0.0 0.0 1.0 0.0 0.0 0.0 0.0 0.0 0.0 0.0 0.0 0.0 0.0 0.0 0.0 0.0 0.0 1.0 0.0 0.0 0.0 0.5888333333333333 0.8 0.935 0.034 0.25666666666666665 0.2 -0.0 0.04 0.4033076923076923 0.8666666666666667 0.956 -0.78 0.094 -0.26588888888888884 0.6 0.338 -0.88 -0.03 0.037 0.4 0.585 -0.21 0.028 0.4942499999999999 0.8 0.996 -0.63 -0.12
0.0 0.0 1.0 0.0 0.0 0.0 3.0 0.0 0.0 0.0 0.0 0.0 0.0 2.0 0.0 0.0 0.0 0.0 0.0 0.0 0.0 1.0 0.0 0.0 0.0 0.42882142857142863 0.9032258064516129 0.939 0.095 0.58 0.0967741935483871 -0.0 0.82 0.2581538461538461 0.8387096774193549 0.967 -0.84 0.588 0.1550416666666667 0.7741935483870968 0.979 -0.79 0.097 -0.08227272727272728 0.3548387096774194 0.816 -0.8 -0.1 0.4433703703703704 0.8709677419354839 0.989 -0.85 0.092
0.0 0.0 0.0 0.0 0.0 0.0 0.0 0.0 0.0 0.0 0.0 1.0 0.0 0.0 0.0 0.0 0.0 0.0 0.0 0.0 0.0 0.0 0.0 1.0 0.0 0.47375 0.6666666666666666 0.935 0.881 0.785 0.3333333333333333 -0.0 0.79 0.05399999999999999 0.6666666666666666 0.956 -0.75 -0.75 0.122 0.3333333333333333 0.17 0.0 0.074 0.007249999999999979 0.6666666666666666 0.82 -0.73 -0.73 0.23879999999999998 0.8333333333333334 0.914 -0.85 0.881
0.0 0.0 0.0 0.0 0.0 1.0 1.0 0.0 1.0 0.0 0.0 0.0 0.0 0.0 0.0 0.0 0.0 0.0 0.0 0.0 0.0 0.0 1.0 0.0 0.0 0.2995263157894737 0.95 0.939 0.097 0.03 0.05 -0.0 0.03 0.23557894736842114 0.95 0.942 -0.04 0.102 0.20789473684210527 0.95 0.984 -0.85 0.142 -0.08877777777777779 0.45 0.061 -0.17 -0.08 0.29616666666666663 0.9 0.838 -0.07 0.224
0.0 0.0 0.0 0.0 0.0 0.0 0.0 0.0 0.0 0.0 0.0 0.0 0.0 0.0 0.0 0.0 0.0 0.0 0.0 0.0 0.0 0.0 0.0 1.0 0.0 0.208 0.5 0.208 0.208 0.66 0.5 -0.0 0.66 -0.24250000000000002 1.0 0.295 -0.78 0.295 0.239 0.5 0.239 0.0 0.239 0.317 1.0 0.585 0.0 0.049 -0.14200000000000002 1.0 0.346 -0.63 0.346
0.0 0.0 0.0 0.0 0.0 1.0 0.0 0.0 0.0 1.0 0.0 0.0 0.0 0.0 0.0 0.0 0.0 0.0 0.0 1.0 0.0 0.0 0.0 0.0 0.0 0.8925 0.4 0.939 0.939 0.8033333333333333 0.6 -0.0 0.97 -0.39275 0.8 0.899 -0.98 -0.98 0.019500000000000017 0.4 0.979 -0.94 0.979 0.8015 0.4 0.989 0.0 0.989 -0.4165 0.8 0.744 -0.93 -0.93
0.0 0.0 0.0 0.0 0.0 0.0 1.0 0.0 0.0 0.0 0.0 0.0 0.0 1.0 0.0 0.0 0.0 0.0 0.0 0.0 0.0 1.0 0.0 0.0 0.0 0.67875 0.8 0.935 0.892 0.81 0.2 -0.0 0.81 0.07299999999999998 0.6 0.956 -0.77 0.033 0.6233333333333334 0.6 0.892 0.0 0.892 0.378 0.4 0.816 -0.06 -0.06 0.25775 0.8 0.914 -0.85 0.145
0.0 0.0 0.0 0.0 0.0 1.0 0.0 0.0 1.0 0.0 0.0 0.0 0.0 0.0 0.0 0.0 0.0 0.0 0.0 0.0 0.0 0.0 1.0 0.0 0.0 0.46896153846153854 0.9285714285714286 0.935 0.091 0.81 0.07142857142857142 -0.0 0.75 0.3296190476190476 0.75 1.0 -0.91 0.059 -0.13319999999999996 0.7142857142857143 0.715 -0.94 0.152 -0.04174999999999999 0.2857142857142857 0.672 -0.72 -0.08 0.3579230769230769 0.9285714285714286 0.935 -0.99 0.208
0.0 0.0 0.0 0.0 0.0 0.0 1.0 0.0 0.0 1.0 0.0 0.0 0.0 0.0 0.0 0.0 0.0 0.0 0.0 1.0 0.0 0.0 0.0 0.0 0.0 0.6778333333333333 0.8571428571428571 0.935 0.786 0.8066666666666666 0.14285714285714285 -0.0 0.88 0.5445 0.8571428571428571 0.995 -0.98 0.849 0.337 0.6666666666666666 0.99 -0.79 0.723 0.4064 0.23809523809523808 0.948 -0.3 0.869 0.4310000000000001 0.8571428571428571 0.935 -0.81 -0.8
0.0 0.0 0.0 0.0 0.0 0.0 1.0 0.0 0.0 1.0 0.0 0.0 0.0 0.0 0.0 0.0 0.0 0.0 0.0 1.0 0.0 0.0 0.0 0.0 0.0 0.6996 0.8333333333333334 0.892 0.125 0.66 0.16666666666666666 -0.0 0.66 0.24799999999999997 0.5 0.819 -0.78 0.819 0.6976666666666667 0.5 0.99 0.0 0.211 0.23249999999999998 0.3333333333333333 0.585 -0.12 -0.12 0.421 0.8333333333333334 0.851 -0.63 0.286
0.0 0.0 0.0 0.0 0.0 0.0 1.0 0.0 1.0 0.0 0.0 0.0 0.0 0.0 0.0 0.0 0.0 0.0 0.0 0.0 0.0 1.0 0.0 0.0 0.0 0.5442 0.625 0.867 0.849 0.7766666666666667 0.375 -0.0 0.66 0.08914285714285716 0.875 0.928 -0.87 -0.52 0.2258 0.625 0.888 -0.87 0.776 0.4623333333333333 0.375 0.936 -0.11 0.561 -0.27266666666666667 0.75 0.679 -0.98 -0.9
0.0 0.0 0.0 0.0 0.0 0.0 0.0 0.0 0.0 1.0 0.0 0.0 0.0 2.0 0.0 0.0 0.0 0.0 0.0 1.0 0.0 0.0 0.0 0.0 0.0 0.5392 0.8333333333333334 0.846 0.789 0.93 0.16666666666666666 -0.0 0.93 0.17419999999999997 0.8333333333333334 0.702 -0.87 -0.87 -0.3922 0.8333333333333334 0.239 -0.94 -0.79 0.49250000000000005 0.3333333333333333 0.936 0.0 0.936 0.32683333333333336 1.0 0.935 -0.98 -0.98
0.0 0.0 0.0 0.0 2.0 0.0 0.0 0.0 0.0 0.0 0.0 0.0 0.0 1.0 0.0 0.0 0.0 0.0 0.0 0.0 0.0 0.0 0.0 0.0 1.0 0.3716428571428571 0.9032258064516129 0.97 0.061 0.77 0.0967741935483871 -0.0 0.75 0.2698571428571428 0.6774193548387096 0.956 -0.96 -0.12 0.13839130434782612 0.7419354838709677 0.991 -0.79 0.239 -0.09612500000000003 0.5161290322580645 0.585 -0.96 -0.07 0.30337931034482757 0.9354838709677419 0.935 -0.78 0.203
0.0 0.0 0.0 0.0 0.0 1.0 0.0 0.0 0.0 0.0 0.0 1.0 0.0 0.0 0.0 0.0 0.0 0.0 0.0 0.0 0.0 0.0 0.0 0.0 0.0 0.5154736842105262 0.8636363636363636 0.964 0.069 0.6633333333333333 0.13636363636363635 -0.0 0.75 0.372275 0.9090909090909091 0.995 -0.89 0.968 -0.06567741935483871 0.7045454545454546 0.943 -0.83 0.069 0.17725 0.36363636363636365 0.883 -0.11 0.672 0.4020000000000001 0.8409090909090909 0.964 -0.86 -0.69
0.0 0.0 0.0 0.0 0.0 0.0 2.0 0.0 0.0 0.0 0.0 1.0 0.0 0.0 0.0 0.0 0.0 0.0 0.0 0.0 0.0 1.0 0.0 0.0 0.0 0.5769473684210528 1.0 0.935 0.748 0.0 0.0 -0.0 -0.0 0.5676470588235293 0.8947368421052632 0.956 -0.04 0.777 -0.23757142857142854 0.7368421052631579 0.817 -0.85 -0.85 -0.015666666666666666 0.15789473684210525 0.049 -0.11 0.014 0.5946111111111111 0.9473684210526315 0.935 0.0 0.615
0.0 0.0 0.0 0.0 0.0 0.0 1.0 0.0 0.0 0.0 0.0 0.0 0.0 0.0 0.0 0.0 0.0 0.0 0.0 0.0 0.0 1.0 0.0 0.0 0.0 0.551923076923077 0.9285714285714286 0.943 0.687 0.76 0.07142857142857142 -0.0 0.76 0.39549999999999996 0.8571428571428571 0.956 -0.78 0.801 0.4032 0.7142857142857143 0.979 -0.73 0.204 -0.12 0.07142857142857142 0.0 -0.12 -0.12 0.36500000000000005 0.7142857142857143 0.921 -0.73 0.573
0.0 0.0 0.0 0.0 0.0 0.0 0.0 0.0 0.0 1.0 0.0 1.0 0.0 0.0 0.0 0.0 0.0 0.0 0.0 1.0 0.0 0.0 0.0 0.0 0.0 0.5970625 0.8888888888888888 0.971 0.971 0.765 0.1111111111111111 -0.0 0.72 0.5093333333333333 0.8333333333333334 0.967 -0.77 0.943 0.028285714285714286 0.7777777777777778 0.999 -0.89 0.999 0.33919999999999995 0.2777777777777778 0.882 -0.08 -0.08 0.3135384615384616 0.7222222222222222 0.935 -0.85 0.337
0.0 0.0 0.0 0.0 0.0 0.0 2.0 0.0 0.0 0.0 0.0 0.0 0.0 0.0 0.0 0.0 0.0 0.0 0.0 0.0 0.0 1.0 0.0 0.0 0.0 0.654 0.875 0.939 0.835 0.78 0.125 -0.0 0.78 0.4788333333333334 0.75 0.899 -0.75 0.814 0.6316666666666667 0.75 0.979 0.0 0.161 0.4245 0.25 0.82 0.0 0.029 0.6042 0.625 0.888 0.0 0.856
0.0 0.0 0.0 0.0 0.0 0.0 1.0 0.0 0.0 0.0 0.0 0.0 0.0 0.0 0.0 0.0 0.0 0.0 0.0 0.0 0.0 1.0 0.0 0.0 0.0 0.6935 0.5714285714285714 0.892 0.843 0.59 0.42857142857142855 -0.0 0.8 -0.07166666666666671 0.8571428571428571 0.95 -0.9 0.745 0.6052 0.7142857142857143 0.942 0.0 0.942 -0.124 0.5714285714285714 0.585 -0.71 -0.71 -0.14200000000000002 0.2857142857142857 0.346 -0.63 -0.63
0.0 0.0 0.0 0.0 0.0 0.0 1.0 0.0 1.0 1.0 0.0 0.0 0.0 3.0 0.0 0.0 0.0 0.0 0.0 0.0 0.0 1.0 0.0 0.0 0.0 0.49106896551724144 0.8787878787878788 0.935 0.054 0.8075 0.12121212121212122 -0.0 0.89 0.29856 0.7575757575757576 0.967 -0.82 0.049 -0.09916666666666667 0.7272727272727273 0.892 -0.94 0.113 0.0752142857142857 0.42424242424242425 0.99 -0.74 0.107 0.3834516129032259 0.9393939393939394 0.935 -0.87 0.162
0.0 0.0 0.0 0.0 0.0 0.0 1.0 0.0 0.0 0.0 0.0 1.0 0.0 1.0 0.0 0.0 0.0 0.0 0.0 0.0 0.0 1.0 0.0 0.0 0.0 0.49063636363636376 0.7586206896551724 0.936 0.089 0.6857142857142857 0.2413793103448276 -0.0 0.76 0.15811999999999998 0.8620689655172413 0.967 -0.96 0.138 0.1866111111111111 0.6206896551724138 0.979 -0.84 0.134 -0.032230769230769236 0.4482758620689655 0.672 -0.81 -0.06 0.13578260869565217 0.7931034482758621 0.935 -0.99 0.151
0.0 0.0 0.0 0.0 1.0 0.0 1.0 0.0 0.0 0.0 0.0 0.0 0.0 0.0 0.0 0.0 0.0 0.0 0.0 0.0 0.0 0.0 0.0 0.0 1.0 0.36540000000000006 0.7142857142857143 0.805 0.034 0.49000000000000005 0.2857142857142857 -0.0 0.05 0.2598333333333333 0.8571428571428571 0.781 -0.1 -0.07 0.14233333333333334 0.42857142857142855 0.266 -0.01 -0.01 -0.3666666666666667 0.42857142857142855 0.0 -0.91 -0.09 0.20179999999999998 0.7142857142857143 0.868 -0.95 -0.95
1.0 0.0 0.0 0.0 0.0 0.0 0.0 0.0 0.0 6.0 0.0 0.0 0.0 0.0 0.0 0.0 0.0 0.0 0.0 1.0 0.0 0.0 0.0 0.0 0.0 0.0 0.0 0.0 0.0 0.0 0.0 -0.0 -0.0 0.0 0.0 0.0 0.0 0.0 0.0 0.0 0.0 0.0 0.0 0.0 0.0 0.0 0.0 0.0 0.0 0.0 0.0 0.0 0.0
0.0 0.0 0.0 0.0 0.0 1.0 2.0 0.0 0.0 0.0 0.0 0.0 0.0 0.0 0.0 0.0 0.0 0.0 0.0 0.0 0.0 0.0 1.0 0.0 0.0 0.5442380952380953 0.9545454545454546 0.935 0.037 0.05 0.045454545454545456 -0.0 0.05 0.4773333333333334 0.8181818181818182 0.967 -0.1 0.027 0.21323529411764705 0.7727272727272727 0.99 -0.94 -0.03 -0.11537499999999999 0.36363636363636365 0.017 -0.23 0.017 0.5936842105263157 0.8636363636363636 0.998 0.0 0.1
0.0 0.0 0.0 0.0 0.0 0.0 1.0 0.0 0.0 0.0 0.0 0.0 0.0 0.0 0.0 0.0 0.0 0.0 0.0 0.0 0.0 0.0 0.0 1.0 0.0 0.5835 1.0 0.857 0.31 0.0 0.0 -0.0 -0.0 0.8155 1.0 0.905 0.0 0.726 0.635 1.0 0.773 0.0 0.497 -0.3 0.5 0.0 -0.3 -0.3 0.6085 1.0 0.892 0.0 0.325
0.0 0.0 1.0 0.0 0.0 0.0 4.0 0.0 0.0 1.0 0.0 0.0 0.0 1.0 0.0 0.0 0.0 0.0 0.0 0.0 0.0 1.0 0.0 0.0 0.0 0.5333809523809523 0.8076923076923077 0.939 0.766 0.716 0.19230769230769232 -0.0 0.7 0.25179166666666664 0.9230769230769231 0.956 -0.82 0.719 0.35635294117647065 0.6538461538461539 0.979 -0.79 0.812 0.30500000000000005 0.38461538461538464 0.99 -0.21 -0.11 0.17914999999999998 0.7692307692307693 0.996 -0.87 0.336
0.0 0.0 0.0 0.0 0.0 0.0 0.0 0.0 0.0 0.0 0.0 0.0 0.0 0.0 0.0 0.0 0.0 0.0 0.0 0.0 0.0 0.0 0.0 0.0 0.0 0.881 0.6666666666666666 0.939 0.823 0.76 0.3333333333333333 -0.0 0.76 0.38199999999999995 1.0 0.967 -0.72 0.967 0.887 0.6666666666666666 0.979 0.0 0.795 0.752 0.3333333333333333 0.752 0.0 0.752 -0.052000000000000046 0.6666666666666666 0.706 -0.81 0.706
0.0 0.0 0.0 0.0 0.0 0.0 1.0 0.0 0.0 0.0 0.0 0.0 0.0 1.0 0.0 0.0 0.0 0.0 0.0 0.0 0.0 0.0 0.0 1.0 0.0 0.5168461538461538 0.5652173913043478 0.939 0.833 0.384 0.43478260869565216 -0.0 0.06 0.09428571428571425 0.9130434782608695 0.979 -0.99 -0.11 0.035307692307692325 0.5652173913043478 0.979 -0.88 -0.01 -0.0390909090909091 0.4782608695652174 0.97 -0.78 -0.78 0.22664999999999996 0.8695652173913043 0.959 -0.77 -0.08
0.0 0.0 0.0 0.0 0.0 0.0 1.0 0.0 0.0 0.0 0.0 2.0 0.0 2.0 0.0 0.0 0.0 0.0 0.0 0.0 0.0 0.0 0.0 1.0 0.0 0.53 0.7 0.935 0.846 0.6066666666666666 0.3 -0.0 0.84 -0.09571428571428571 0.7 0.956 -0.95 0.633 -0.24014285714285716 0.7 0.348 -0.94 -0.94 -0.099 0.4 0.049 -0.32 -0.32 0.22700000000000004 1.0 0.935 -0.73 0.744
0.0 0.0 0.0 0.0 0.0 0.0 0.0 0.0 0.0 0.0 0.0 0.0 0.0 0.0 0.0 0.0 0.0 0.0 0.0 0.0 0.0 0.0 0.0 1.0 0.0 0.5125 0.8 0.958 0.958 0.6809090909090908 0.2 -0.0 0.14 0.3002222222222222 0.8181818181818182 0.958 -0.91 0.958 -0.021151515151515143 0.6 0.979 -0.87 0.22 0.057199999999999994 0.36363636363636365 0.936 -0.74 -0.17 0.2534130434782609 0.8363636363636363 0.93 -0.99 0.362
0.0 0.0 0.0 0.0 0.0 1.0 0.0 0.0 2.0 0.0 0.0 0.0 0.0 1.0 0.0 0.0 0.0 0.0 0.0 0.0 0.0 0.0 1.0 0.0 0.0 0.42277777777777775 0.8181818181818182 0.935 0.204 0.8575 0.18181818181818182 -0.0 0.81 0.12176470588235293 0.7727272727272727 0.956 -0.98 0.633 -0.09392857142857144 0.6363636363636364 0.212 -0.79 0.143 0.2051 0.45454545454545453 0.936 -0.15 0.816 0.25604761904761913 0.9545454545454546 0.96 -0.98 0.264
0.0 0.0 0.0 0.0 0.0 0.0 1.0 0.0 2.0 0.0 0.0 0.0 0.0 0.0 0.0 0.0 0.0 0.0 0.0 0.0 0.0 1.0 0.0 0.0 0.0 0.8755 0.6666666666666666 0.906 0.845 0.66 0.3333333333333333 -0.0 0.66 0.8354999999999999 0.6666666666666666 0.94 0.0 0.731 -0.87 0.3333333333333333 0.0 -0.87 -0.87 -0.66 0.3333333333333333 0.0 -0.66 -0.66 0.96 0.3333333333333333 0.96 0.0 0.96
0.0 0.0 0.0 0.0 0.0 0.0 1.0 0.0 0.0 0.0 0.0 0.0 0.0 0.0 0.0 0.0 0.0 0.0 0.0 0.0 0.0 1.0 0.0 0.0 0.0 0.943 0.5 0.943 0.943 0.9 0.5 -0.0 0.9 -0.91 0.5 0.0 -0.91 -0.91 0.943 0.5 0.943 0.0 0.943 -0.9 0.5 0.0 -0.9 -0.9 0.0 0.0 0.0 0.0 0.0
0.0 0.0 0.0 0.0 0.0 0.0 1.0 0.0 0.0 0.0 0.0 0.0 0.0 0.0 0.0 0.0 0.0 0.0 0.0 0.0 0.0 1.0 0.0 0.0 0.0 0.508 0.6666666666666666 0.935 0.935 0.87 0.3333333333333333 -0.0 0.87 0.01766666666666668 1.0 0.956 -0.95 0.956 0.171 0.3333333333333333 0.171 0.0 0.171 -0.44 0.6666666666666666 0.0 -0.78 -0.78 0.5630000000000001 0.6666666666666666 0.914 0.0 0.914
0.0 0.0 0.0 0.0 1.0 0.0 2.0 0.0 1.0 0.0 0.0 1.0 0.0 0.0 0.0 0.0 0.0 0.0 0.0 0.0 0.0 0.0 0.0 0.0 1.0 0.47262499999999996 1.0 0.964 0.042 0.0 0.0 -0.0 -0.0 0.4845 0.5 0.965 -0.05 -0.05 0.061124999999999985 1.0 0.964 -0.94 0.105 0.049 0.125 0.049 0.0 0.049 0.42371428571428577 0.875 0.934 0.0 0.074
0.0 0.0 0.0 0.0 0.0 0.0 0.0 0.0 0.0 0.0 0.0 0.0 0.0 1.0 0.0 0.0 0.0 0.0 0.0 0.0 0.0 0.0 0.0 1.0 0.0 0.6958 0.625 0.943 0.886 0.5166666666666667 0.375 -0.0 0.77 -0.4125 0.5 0.0 -0.85 -0.74 0.3936 0.625 0.99 -0.94 0.99 -0.05375000000000002 0.5 0.584 -0.8 -0.8 0.24075000000000002 0.5 0.782 -0.79 -0.79
0.0 0.0 0.0 0.0 0.0 0.0 1.0 0.0 0.0 0.0 0.0 0.0 0.0 0.0 0.0 0.0 0.0 0.0 0.0 0.0 0.0 0.0 0.0 0.0 0.0 0.567888888888889 0.782608695652174 0.935 0.864 0.788 0.21739130434782608 -0.0 0.78 0.2016666666666667 0.9130434782608695 0.956 -0.9 0.614 0.02233333333333333 0.6521739130434783 0.902 -0.95 -0.95 0.3253 0.43478260869565216 0.99 -0.16 -0.05 0.26122222222222224 0.782608695652174 0.935 -0.99 0.864
0.0 0.0 0.0 0.0 0.0 0.0 2.0 0.0 0.0 1.0 0.0 1.0 0.0 0.0 0.0 0.0 0.0 0.0 0.0 0.0 0.0 1.0 0.0 0.0 0.0 0.5882 0.8333333333333334 0.886 0.744 0.07 0.16666666666666666 -0.0 0.07 0.3548 0.8333333333333334 0.781 -0.07 0.781 0.18966666666666668 0.5 0.99 -0.66 -0.66 0.049 0.16666666666666666 0.049 0.0 0.049 0.5932 0.8333333333333334 0.782 0.0 0.706
0.0 0.0 0.0 0.0 3.0 1.0 0.0 0.0 1.0 0.0 0.0 3.0 0.0 0.0 0.0 0.0 0.0 0.0 0.0 0.0 0.0 0.0 1.0 0.0 0.0 0.5271562500000001 0.8205128205128205 0.943 0.17 0.5028571428571429 0.1794871794871795 -0.0 0.76 0.3580869565217391 0.5897435897435898 0.967 -0.85 0.967 0.33708333333333335 0.6153846153846154 0.99 -0.79 0.313 -0.06187500000000003 0.41025641025641024 0.856 -0.97 -0.2 0.40144117647058813 0.8717948717948718 0.969 -0.97 0.403
0.0 0.0 0.0 0.0 1.0 2.0 0.0 0.0 0.0 0.0 0.0 2.0 0.0 0.0 0.0 0.0 0.0 0.0 0.0 0.0 0.0 0.0 0.0 1.0 0.0 0.5968260869565217 0.92 0.97 0.746 0.8 0.08 -0.0 0.76 0.459952380952381 0.84 0.957 -0.99 -0.61 0.19994736842105265 0.76 0.991 -0.85 0.277 0.09042857142857143 0.28 0.856 -0.2 0.856 0.48366666666666674 0.84 0.936 -0.82 -0.82
0.0 0.0 1.0 1.0 0.0 2.0 3.0 0.0 0.0 0.0 0.0 3.0 0.0 0.0 0.0 0.0 0.0 0.0 0.0 0.0 0.0 0.0 0.0 1.0 0.0 0.45596296296296296 0.9310344827586207 0.922 0.061 0.36 0.06896551724137931 -0.0 0.02 0.3878095238095238 0.7241379310344828 0.967 -0.75 0.893 0.36052 0.8620689655172413 0.96 -0.79 0.098 -0.021499999999999995 0.41379310344827586 0.614 -0.24 -0.06 0.46349999999999997 0.9655172413793104 0.958 -0.74 0.15
0.0 0.0 0.0 0.0 0.0 0.0 1.0 0.0 0.0 0.0 0.0 0.0 0.0 0.0 0.0 0.0 0.0 0.0 0.0 0.0 0.0 1.0 0.0 0.0 0.0 0.40857142857142853 1.0 0.939 0.258 0.0 0.0 -0.0 -0.0 0.4658333333333333 0.8571428571428571 0.899 0.0 0.277 0.20542857142857143 1.0 0.979 -0.65 0.161 0.034 0.2857142857142857 0.039 0.0 0.039 0.3658333333333334 0.8571428571428571 0.79 0.0 0.337
0.0 0.0 0.0 0.0 0.0 0.0 1.0 0.0 0.0 0.0 0.0 0.0 0.0 0.0 0.0 0.0 0.0 0.0 0.0 0.0 0.0 1.0 0.0 0.0 0.0 0.835 1.0 0.835 0.835 0.0 0.0 -0.0 -0.0 0.749 1.0 0.749 0.0 0.749 0.788 1.0 0.788 0.0 0.788 0.0 0.0 0.0 0.0 0.0 0.967 1.0 0.967 0.0 0.967
0.0 0.0 0.0 0.0 0.0 1.0 1.0 0.0 0.0 1.0 0.0 0.0 0.0 0.0 0.0 0.0 0.0 0.0 0.0 1.0 0.0 0.0 0.0 0.0 0.0 0.6648 0.7142857142857143 0.846 0.821 0.79 0.2857142857142857 -0.0 0.77 -0.16375 0.5714285714285714 0.781 -0.77 -0.74 -0.2325 0.5714285714285714 0.82 -0.94 0.82 0.007999999999999952 0.2857142857142857 0.816 -0.8 -0.8 0.47120000000000006 0.7142857142857143 0.934 -0.85 0.822
0.0 0.0 1.0 0.0 1.0 0.0 4.0 0.0 1.0 1.0 0.0 1.0 0.0 1.0 0.0 0.0 0.0 0.0 0.0 0.0 0.0 1.0 0.0 0.0 0.0 0.5394722222222222 0.9 0.97 0.943 0.6025 0.1 -0.0 0.85 0.38534482758620686 0.725 0.995 -0.75 0.723 0.2610344827586206 0.725 0.991 -0.91 0.943 -0.023454545454545454 0.275 0.82 -0.94 -0.94 0.401 0.725 0.968 -0.81 -0.77
0.0 0.0 0.0 0.0 0.0 0.0 1.0 0.0 0.0 0.0 0.0 0.0 0.0 0.0 0.0 0.0 0.0 0.0 0.0 0.0 0.0 0.0 0.0 1.0 0.0 0.44616666666666666 1.0 0.858 0.039 0.0 0.0 -0.0 -0.0 0.44449999999999995 1.0 0.791 -0.05 -0.05 0.34825 0.6666666666666666 0.924 0.0 0.161 -0.013999999999999999 0.5 0.049 -0.12 -0.12 0.4324 0.8333333333333334 0.769 0.0 0.181
0.0 0.0 0.0 0.0 0.0 0.0 1.0 0.0 0.0 0.0 0.0 0.0 0.0 1.0 0.0 0.0 0.0 0.0 0.0 0.0 0.0 0.0 0.0 1.0 0.0 0.48152 0.9259259259259259 0.935 0.935 0.72 0.07407407407407407 -0.0 0.65 0.34604347826086956 0.8518518518518519 0.956 -0.86 -0.86 -0.21065000000000006 0.7407407407407407 0.348 -0.94 -0.79 -0.015333333333333322 0.3333333333333333 0.609 -0.32 0.609 0.4589999999999999 0.9259259259259259 0.996 -0.73 -0.5
0.0 0.0 0.0 0.0 0.0 0.0 1.0 0.0 0.0 1.0 0.0 0.0 0.0 0.0 0.0 0.0 0.0 0.0 0.0 1.0 0.0 0.0 0.0 0.0 0.0 0.5085 0.8333333333333334 0.857 0.068 0.72 0.16666666666666666 -0.0 0.78 0.33299999999999996 1.0 0.967 -0.78 0.09 0.16588888888888886 0.75 0.795 -0.79 0.129 0.21066666666666664 0.5 0.82 -0.09 -0.04 0.42718181818181816 0.9166666666666666 0.892 -0.63 0.102
0.0 0.0 0.0 0.0 0.0 0.0 0.0 0.0 1.0 1.0 0.0 1.0 0.0 1.0 0.0 0.0 0.0 0.0 0.0 1.0 0.0 0.0 0.0 0.0 0.0 0.5082333333333334 0.967741935483871 0.943 0.857 0.76 0.03225806451612903 -0.0 0.76 0.3166842105263158 0.6129032258064516 0.982 -0.78 0.905 0.1355714285714286 0.9032258064516129 0.96 -0.94 0.773 -0.12666666666666668 0.0967741935483871 0.0 -0.14 -0.11 0.49381481481481476 0.8709677419354839 0.935 -0.73 0.892
0.0 0.0 1.0 0.0 0.0 0.0 2.0 0.0 0.0 0.0 0.0 0.0 0.0 1.0 0.0 0.0 0.0 0.0 0.0 0.0 0.0 1.0 0.0 0.0 0.0 0.5300833333333334 0.7058823529411765 0.953 0.817 0.45 0.29411764705882354 -0.0 0.05 0.08408333333333333 0.7058823529411765 0.926 -0.89 0.819 0.1285 0.7058823529411765 0.98 -0.94 0.701 0.008374999999999992 0.47058823529411764 0.672 -0.8 0.02 0.255 0.7647058823529411 0.816 -0.69 0.816
0.0 0.0 0.0 0.0 0.0 0.0 1.0 0.0 0.0 1.0 0.0 0.0 0.0 0.0 0.0 0.0 0.0 0.0 0.0 1.0 0.0 0.0 0.0 0.0 0.0 0.6302307692307694 0.9285714285714286 0.935 0.125 0.66 0.07142857142857142 -0.0 0.66 0.46245454545454534 0.7857142857142857 0.972 -0.78 -0.04 0.34012499999999996 0.5714285714285714 0.99 -0.79 0.211 0.07374999999999998 0.2857142857142857 0.585 -0.13 -0.12 0.561076923076923 0.9285714285714286 0.935 -0.63 0.286
0.0 0.0 0.0 0.0 0.0 0.0 0.0 0.0 0.0 0.0 0.0 0.0 0.0 1.0 0.0 0.0 0.0 0.0 0.0 0.0 0.0 0.0 0.0 1.0 0.0 0.4683333333333333 0.8823529411764706 0.935 0.744 0.84 0.11764705882352941 -0.0 0.84 0.29731250000000004 0.9411764705882353 0.956 -0.95 0.781 -0.10055555555555556 0.5294117647058824 0.344 -0.65 0.18 -0.13 0.23529411764705882 0.0 -0.21 -0.21 0.3758823529411764 1.0 0.937 -0.73 0.706
0.0 0.0 0.0 0.0 0.0 0.0 1.0 0.0 1.0 0.0 0.0 0.0 0.0 0.0 0.0 0.0 0.0 0.0 0.0 0.0 0.0 0.0 0.0 1.0 0.0 0.43014285714285716 0.875 0.935 0.082 0.66 0.125 -0.0 0.66 0.2958571428571428 0.875 0.956 -0.78 0.956 0.238 0.625 0.773 -0.1 0.203 0.06874999999999999 0.5 0.585 -0.13 -0.13 0.38028571428571434 0.875 0.914 -0.63 0.18
0.0 0.0 0.0 0.0 0.0 0.0 1.0 0.0 1.0 0.0 0.0 0.0 0.0 0.0 0.0 0.0 0.0 0.0 0.0 0.0 0.0 1.0 0.0 0.0 0.0 0.5502999999999998 0.975609756097561 0.939 0.802 0.74 0.024390243902439025 -0.0 0.74 0.5452 0.8536585365853658 0.962 -0.1 0.881 0.041771428571428564 0.8536585365853658 0.979 -0.9 -0.9 -0.14271428571428574 0.34146341463414637 0.049 -0.78 -0.11 0.5390588235294118 0.8292682926829268 0.935 -0.71 0.724
0.0 0.0 0.0 0.0 1.0 0.0 1.0 0.0 0.0 0.0 0.0 0.0 0.0 0.0 0.0 0.0 0.0 0.0 0.0 0.0 0.0 1.0 0.0 0.0 0.0 0.5354 0.9090909090909091 0.939 0.851 0.66 0.09090909090909091 -0.0 0.66 0.45588888888888884 0.8181818181818182 0.921 -0.78 0.73 0.3165 0.7272727272727273 0.979 -0.65 0.972 0.17466666666666666 0.2727272727272727 0.585 -0.09 0.029 0.3706666666666667 0.8181818181818182 0.892 -0.63 0.112
0.0 0.0 0.0 0.0 0.0 0.0 0.0 0.0 0.0 0.0 0.0 0.0 0.0 0.0 0.0 0.0 0.0 0.0 0.0 0.0 0.0 0.0 0.0 1.0 0.0 0.83 1.0 0.83 0.83 0.0 0.0 -0.0 -0.0 1.0 1.0 1.0 0.0 1.0 0.0 0.0 0.0 0.0 0.0 0.0 0.0 0.0 0.0 0.0 0.66 1.0 0.66 0.0 0.66
0.0 0.0 0.0 0.0 0.0 0.0 1.0 0.0 0.0 0.0 0.0 0.0 1.0 0.0 0.0 0.0 0.0 0.0 0.0 0.0 0.0 0.0 0.0 0.0 0.0 0.5292222222222223 0.75 0.943 0.8 0.6477777777777779 0.25 -0.0 0.15 0.2607586206896552 0.8055555555555556 0.995 -0.9 0.825 0.12659090909090912 0.6111111111111112 0.943 -0.88 0.775 0.31664285714285706 0.3888888888888889 0.955 -0.91 0.955 0.24083870967741935 0.8611111111111112 0.968 -0.99 -0.36
0.0 0.0 0.0 0.0 2.0 1.0 2.0 0.0 1.0 0.0 0.0 5.0 0.0 0.0 0.0 0.0 0.0 0.0 0.0 0.0 0.0 1.0 0.0 0.0 0.0 0.42408333333333337 0.8 0.943 0.827 0.64 0.2 -0.0 0.07 0.1767560975609756 0.9111111111111111 0.956 -0.99 0.876 0.10937931034482759 0.6444444444444445 0.979 -0.85 -0.77 -0.03915789473684212 0.4222222222222222 0.816 -0.8 0.084 0.26275 0.7111111111111111 0.946 -0.85 -0.06
0.0 0.0 0.0 0.0 0.0 0.0 0.0 0.0 0.0 0.0 0.0 1.0 0.0 0.0 0.0 0.0 0.0 0.0 0.0 0.0 0.0 0.0 0.0 1.0 0.0 0.6812 0.8333333333333334 0.919 0.071 0.84 0.16666666666666666 -0.0 0.84 0.31260000000000004 0.8333333333333334 0.979 -0.95 0.03 0.4935 0.3333333333333333 0.82 0.0 0.167 0.3175 0.3333333333333333 0.735 -0.1 -0.1 0.453 1.0 0.98 -0.84 0.19
0.0 0.0 0.0 0.0 0.0 0.0 1.0 0.0 0.0 0.0 0.0 0.0 0.0 0.0 0.0 0.0 0.0 0.0 0.0 0.0 0.0 1.0 0.0 0.0 0.0 0.7813333333333333 0.75 0.854 0.746 0.66 0.25 -0.0 0.66 0.24133333333333332 0.75 0.781 -0.78 0.723 -0.81 0.25 0.0 -0.81 -0.81 0.585 0.25 0.585 0.0 0.585 0.435 1.0 0.895 -0.63 0.769
0.0 0.0 0.0 0.0 0.0 0.0 0.0 0.0 0.0 0.0 0.0 4.0 0.0 0.0 0.0 0.0 0.0 0.0 0.0 0.0 0.0 0.0 0.0 0.0 0.0 0.4537333333333333 0.9375 0.939 0.111 0.07 0.0625 -0.0 0.07 0.47230769230769226 0.8125 0.956 -0.1 0.196 0.3119166666666667 0.75 0.979 -0.5 0.129 -0.09166666666666667 0.375 0.0 -0.12 -0.06 0.36883333333333335 0.75 0.914 -0.11 0.184
0.0 0.0 0.0 0.0 0.0 0.0 0.0 0.0 0.0 0.0 0.0 0.0 0.0 0.0 0.0 0.0 0.0 0.0 0.0 0.0 0.0 0.0 0.0 1.0 0.0 0.5421000000000001 1.0 0.943 0.08 0.0 0.0 -0.0 -0.0 0.5844285714285713 0.7 0.956 0.0 0.091 -0.029142857142857144 0.7 0.745 -0.79 0.08 -0.06 0.1 0.0 -0.06 -0.06 0.6212500000000001 0.8 0.935 0.0 0.134
0.0 0.0 0.0 0.0 0.0 0.0 2.0 0.0 0.0 0.0 0.0 0.0 0.0 0.0 0.0 0.0 0.0 0.0 0.0 0.0 0.0 1.0 0.0 0.0 0.0 0.582 1.0 0.911 0.091 0.0 0.0 -0.0 -0.0 0.6053333333333333 1.0 0.865 0.0 0.17 0.0 0.0 0.0 0.0 0.0 0.081 0.3333333333333333 0.081 0.0 0.081 0.616 1.0 0.958 0.0 0.184
0.0 0.0 0.0 0.0 0.0 0.0 1.0 0.0 5.0 0.0 0.0 3.0 0.0 1.0 0.0 0.0 0.0 0.0 0.0 0.0 0.0 1.0 0.0 0.0 0.0 0.54 0.8666666666666667 0.964 0.034 0.555 0.13333333333333333 -0.0 0.78 0.41365789473684217 0.8444444444444444 0.995 -0.95 0.094 -0.2242352941176471 0.7555555555555555 0.722 -0.99 -0.03 0.0663125 0.35555555555555557 0.981 -0.74 0.028 0.4690769230769231 0.8666666666666667 0.964 -0.98 0.21
0.0 0.0 0.0 0.0 0.0 0.0 0.0 0.0 0.0 1.0 0.0 0.0 0.0 0.0 0.0 0.0 0.0 0.0 0.0 1.0 0.0 0.0 0.0 0.0 0.0 0.815 1.0 0.886 0.886 0.0 0.0 -0.0 -0.0 0.781 0.5 0.781 0.0 0.781 0.99 0.5 0.99 0.0 0.99 0.0 0.0 0.0 0.0 0.0 0.744 1.0 0.782 0.0 0.782
0.0 0.0 0.0 0.0 0.0 1.0 1.0 0.0 0.0 0.0 0.0 0.0 0.0 0.0 0.0 0.0 0.0 0.0 0.0 0.0 0.0 0.0 1.0 0.0 0.0 0.5605555555555556 0.9 0.857 0.842 0.76 0.1 -0.0 0.76 0.6174285714285714 0.7 0.905 -0.04 0.763 0.08542857142857144 0.7 0.921 -0.79 0.921 0.22466666666666668 0.3 0.748 -0.13 -0.13 0.45266666666666666 0.9 0.935 -0.79 0.18
0.0 0.0 0.0 0.0 0.0 0.0 1.0 0.0 0.0 0.0 0.0 0.0 0.0 0.0 0.0 0.0 0.0 0.0 0.0 0.0 0.0 1.0 0.0 0.0 0.0 0.0 0.0 0.0 0.0 0.5 1.0 -0.0 0.07 -0.87 0.5 0.0 -0.87 -0.87 0.0 0.0 0.0 0.0 0.0 0.936 0.5 0.936 0.0 0.936 -0.525 1.0 0.0 -0.98 -0.07
0.0 0.0 0.0 0.0 0.0 0.0 0.0 0.0 0.0 0.0 0.0 0.0 0.0 0.0 0.0 0.0 0.0 0.0 0.0 0.0 0.0 0.0 0.0 1.0 0.0 0.4622499999999999 1.0 0.943 0.087 0.0 0.0 -0.0 -0.0 0.4422222222222222 0.75 0.899 -0.04 0.082 0.16433333333333333 0.75 0.979 -0.79 0.191 -0.09666666666666668 0.25 0.0 -0.15 -0.09 0.4386 0.8333333333333334 0.958 0.0 0.087
0.0 0.0 0.0 0.0 0.0 0.0 1.0 0.0 0.0 0.0 0.0 1.0 0.0 1.0 0.0 0.0 0.0 0.0 0.0 0.0 0.0 1.0 0.0 0.0 0.0 0.3888 0.9090909090909091 0.935 0.109 0.78 0.09090909090909091 -0.0 0.78 0.27085714285714285 0.6363636363636364 0.956 -0.75 0.922 5.555555555555437E-4 0.8181818181818182 0.776 -0.94 0.238 0.08116666666666666 0.5454545454545454 0.82 -0.13 0.014 0.422875 0.7272727272727273 0.935 0.0 0.104
0.0 0.0 0.0 0.0 0.0 0.0 1.0 0.0 1.0 0.0 0.0 2.0 0.0 1.0 0.0 0.0 0.0 0.0 0.0 0.0 0.0 1.0 0.0 0.0 0.0 0.66625 0.8695652173913043 0.939 0.748 0.5233333333333333 0.13043478260869565 -0.0 0.7 0.4513809523809523 0.9130434782608695 0.967 -0.95 0.777 0.08644444444444442 0.782608695652174 0.979 -0.94 -0.85 0.20166666666666666 0.13043478260869565 0.614 -0.07 0.614 0.42577777777777776 0.782608695652174 0.935 -0.74 0.615
0.0 0.0 0.0 0.0 1.0 0.0 1.0 0.0 0.0 1.0 0.0 0.0 0.0 0.0 0.0 0.0 0.0 0.0 0.0 1.0 0.0 0.0 0.0 0.0 0.0 0.49700000000000005 1.0 0.744 0.713 0.0 0.0 -0.0 -0.0 0.461 1.0 0.781 -0.1 0.702 -0.2395 0.6666666666666666 0.171 -0.65 -0.65 -0.1 0.3333333333333333 0.0 -0.1 -0.1 0.5546666666666668 1.0 0.788 0.0 0.788
0.0 0.0 0.0 0.0 0.0 0.0 1.0 0.0 1.0 0.0 0.0 3.0 0.0 1.0 0.0 0.0 0.0 0.0 0.0 0.0 0.0 0.0 0.0 0.0 0.0 0.7857812500000001 0.8205128205128205 0.97 0.865 0.06714285714285714 0.1794871794871795 -0.0 0.07 0.6343636363636361 0.8461538461538461 0.971 -0.07 -0.07 0.41926086956521735 0.5897435897435898 0.991 -0.94 0.76 0.07200000000000001 0.05128205128205128 0.077 0.0 0.067 0.7227777777777779 0.46153846153846156 0.935 0.0 0.816
0.0 0.0 0.0 0.0 0.0 1.0 1.0 0.0 0.0 0.0 0.0 0.0 0.0 0.0 0.0 0.0 0.0 0.0 0.0 0.0 0.0 0.0 1.0 0.0 0.0 0.5930000000000001 0.9285714285714286 0.883 0.034 0.85 0.07142857142857142 -0.0 0.85 0.3478888888888889 0.6428571428571429 1.0 -0.95 -0.95 0.001888888888888869 0.6428571428571429 0.82 -0.94 0.171 -0.2375 0.2857142857142857 0.0 -0.74 -0.74 0.6118461538461538 0.9285714285714286 0.996 0.0 0.17
0.0 0.0 0.0 0.0 1.0 0.0 2.0 0.0 0.0 0.0 0.0 0.0 0.0 1.0 0.0 0.0 0.0 0.0 0.0 0.0 0.0 1.0 0.0 0.0 0.0 0.5418999999999998 0.9523809523809523 0.935 0.819 0.7 0.047619047619047616 -0.0 0.7 0.48731250000000004 0.7619047619047619 0.981 -0.75 0.777 0.05806249999999998 0.7619047619047619 0.817 -0.95 -0.88 0.026142857142857145 0.3333333333333333 0.614 -0.13 -0.1 0.4814736842105263 0.9047619047619048 0.958 -0.74 0.79
0.0 0.0 1.0 0.0 0.0 0.0 2.0 0.0 0.0 0.0 0.0 0.0 0.0 0.0 0.0 0.0 0.0 0.0 0.0 0.0 0.0 0.0 0.0 1.0 0.0 0.7266666666666666 1.0 0.948 0.948 0.0 0.0 -0.0 -0.0 0.6125 0.6666666666666666 0.952 -0.04 0.952 0.4633333333333333 1.0 0.944 -0.79 0.944 -0.09 0.16666666666666666 0.0 -0.09 -0.09 0.71475 0.6666666666666666 0.935 0.0 0.21
0.0 0.0 0.0 0.0 0.0 0.0 0.0 0.0 0.0 0.0 0.0 0.0 0.0 0.0 0.0 0.0 0.0 0.0 0.0 0.0 0.0 0.0 0.0 0.0 0.0 0.10600000000000001 0.6666666666666666 0.115 0.115 0.05 0.3333333333333333 -0.0 0.05 -0.02 0.3333333333333333 0.0 -0.02 -0.02 0.083 0.6666666666666666 0.085 0.0 0.085 0.077 0.3333333333333333 0.077 0.0 0.077 0.129 0.6666666666666666 0.146 0.0 0.146
0.0 0.0 0.0 0.0 0.0 0.0 1.0 0.0 0.0 1.0 0.0 2.0 0.0 1.0 0.0 0.0 0.0 0.0 0.0 0.0 0.0 1.0 0.0 0.0 0.0 0.4752857142857144 0.9333333333333333 0.935 0.857 0.85 0.06666666666666667 -0.0 0.85 0.3241666666666667 0.8 0.956 -0.8 0.905 0.23018181818181818 0.7333333333333333 0.928 -0.79 0.773 -0.24025 0.26666666666666666 0.049 -0.8 -0.1 0.3860000000000001 0.9333333333333333 0.935 -0.96 0.892
0.0 0.0 0.0 0.0 0.0 0.0 1.0 0.0 1.0 0.0 0.0 0.0 0.0 0.0 0.0 0.0 0.0 0.0 0.0 0.0 0.0 1.0 0.0 0.0 0.0 0.462125 0.8888888888888888 0.924 0.057 0.765 0.1111111111111111 -0.0 0.78 0.26421428571428573 0.7777777777777778 0.957 -0.89 -0.07 0.11692857142857142 0.7777777777777778 0.974 -0.79 0.227 0.2905 0.2222222222222222 0.82 -0.2 -0.13 0.3939333333333334 0.8333333333333334 0.935 -0.69 0.203
0.0 0.0 0.0 0.0 0.0 1.0 1.0 0.0 0.0 0.0 0.0 0.0 0.0 0.0 0.0 0.0 0.0 0.0 0.0 0.0 0.0 0.0 0.0 1.0 0.0 0.4591379310344827 0.7837837837837838 0.932 0.258 0.54125 0.21621621621621623 -0.0 0.04 0.18252 0.6756756756756757 0.895 -0.87 0.277 -0.03958620689655173 0.7837837837837838 0.996 -0.83 0.161 -0.081875 0.43243243243243246 0.869 -0.76 0.026 0.3178333333333333 0.8108108108108109 0.974 -1.0 0.337
0.0 0.0 0.0 0.0 0.0 0.0 1.0 0.0 0.0 0.0 0.0 0.0 0.0 1.0 0.0 0.0 0.0 0.0 0.0 0.0 0.0 1.0 0.0 0.0 0.0 0.5361363636363635 0.9565217391304348 0.971 0.088 0.81 0.043478260869565216 -0.0 0.81 0.4777 0.8695652173913043 0.981 -0.77 0.943 0.01621052631578945 0.8260869565217391 0.999 -0.94 0.069 0.09116666666666666 0.2608695652173913 0.816 -0.1 -0.07 0.45055000000000006 0.8695652173913043 0.935 -0.85 0.108
0.0 0.0 0.0 0.0 0.0 1.0 0.0 0.0 0.0 1.0 0.0 2.0 0.0 1.0 0.0 0.0 0.0 0.0 0.0 0.0 0.0 0.0 1.0 0.0 0.0 0.4597200000000001 0.8928571428571429 0.935 0.16 0.8333333333333334 0.10714285714285714 -0.0 0.87 0.2889999999999999 0.8214285714285714 0.956 -0.98 -0.98 -0.06131578947368421 0.6785714285714286 0.984 -0.95 0.344 0.1416 0.35714285714285715 0.959 -0.21 0.959 0.3782142857142857 1.0 0.935 -0.73 -0.68
0.0 0.0 0.0 0.0 0.0 1.0 1.0 0.0 0.0 0.0 0.0 0.0 0.0 0.0 0.0 0.0 0.0 0.0 0.0 0.0 0.0 1.0 0.0 0.0 0.0 0.4275 0.8571428571428571 0.857 0.048 0.76 0.14285714285714285 -0.0 0.76 0.1706 0.7142857142857143 0.905 -0.72 -0.07 0.26475 0.5714285714285714 0.773 -0.65 0.186 0.326 0.2857142857142857 0.752 -0.1 -0.1 0.28828571428571426 1.0 0.892 -0.81 0.181
0.0 0.0 0.0 0.0 0.0 0.0 2.0 0.0 0.0 0.0 0.0 0.0 0.0 0.0 0.0 0.0 0.0 0.0 0.0 0.0 0.0 1.0 0.0 0.0 0.0 0.6942727272727273 0.9166666666666666 0.935 0.746 0.79 0.08333333333333333 -0.0 0.79 0.5261666666666667 1.0 0.956 -0.96 0.723 -0.46316666666666667 0.5 0.192 -0.88 -0.88 0.2255 0.16666666666666666 0.501 -0.05 0.501 0.5926666666666667 1.0 0.935 -0.92 0.769
0.0 0.0 0.0 0.0 1.0 0.0 1.0 0.0 0.0 0.0 0.0 0.0 0.0 0.0 0.0 0.0 0.0 0.0 0.0 0.0 0.0 0.0 0.0 1.0 0.0 0.6123333333333333 0.868421052631579 0.958 0.958 0.562 0.13157894736842105 -0.0 0.31 0.44222580645161297 0.8157894736842105 0.977 -0.78 0.958 0.13387500000000005 0.631578947368421 0.979 -0.98 0.76 0.2172 0.2631578947368421 0.801 -0.42 -0.06 0.4452727272727273 0.868421052631579 0.979 -0.71 0.979
0.0 0.0 0.0 0.0 0.0 0.0 1.0 0.0 0.0 0.0 0.0 2.0 0.0 1.0 0.0 0.0 0.0 0.0 0.0 0.0 0.0 0.0 0.0 1.0 0.0 0.4835624999999998 0.9552238805970149 0.966 0.589 0.54 0.04477611940298507 -0.0 0.1 0.41329090909090904 0.8208955223880597 0.967 -0.84 -0.1 -0.06117999999999999 0.746268656716418 0.979 -0.95 0.68 -0.06684210526315794 0.2835820895522388 0.614 -0.8 0.032 0.5063166666666667 0.8955223880597015 0.935 -0.74 -0.16
0.0 0.0 0.0 0.0 0.0 0.0 1.0 0.0 0.0 0.0 0.0 0.0 0.0 0.0 0.0 0.0 0.0 0.0 0.0 0.0 0.0 1.0 0.0 0.0 0.0 0.7340000000000001 1.0 0.935 0.886 0.0 0.0 -0.0 -0.0 0.9209999999999999 0.5555555555555556 0.956 0.0 0.781 0.743 0.3333333333333333 0.99 0.0 0.99 0.0 0.0 0.0 0.0 0.0 0.6930000000000001 1.0 0.914 0.0 0.782
0.0 0.0 0.0 0.0 0.0 0.0 1.0 0.0 0.0 0.0 0.0 1.0 0.0 2.0 0.0 0.0 0.0 0.0 0.0 0.0 0.0 0.0 0.0 1.0 0.0 0.5281764705882351 0.8947368421052632 0.986 0.089 0.73875 0.10526315789473684 -0.0 0.88 0.45201886792452817 0.6973684210526315 0.986 -0.99 0.138 0.19499999999999992 0.6447368421052632 0.992 -0.88 0.134 -0.07156521739130438 0.3026315789473684 0.991 -0.93 -0.06 0.39203124999999994 0.8421052631578947 0.99 -0.98 0.151
0.0 0.0 0.0 0.0 0.0 0.0 1.0 0.0 3.0 0.0 0.0 3.0 0.0 2.0 0.0 0.0 0.0 0.0 0.0 0.0 0.0 1.0 0.0 0.0 0.0 0.5699814814814813 0.8852459016393442 0.943 0.943 0.6242857142857143 0.11475409836065574 -0.0 0.04 0.3973859649122808 0.9344262295081968 0.967 -0.97 -0.06 0.17378260869565218 0.7540983606557377 0.979 -0.94 0.925 0.13939999999999997 0.4098360655737705 0.97 -0.16 0.026 0.37939130434782614 0.7540983606557377 0.96 -0.99 0.96
0.0 0.0 0.0 0.0 0.0 0.0 1.0 0.0 0.0 0.0 0.0 0.0 0.0 0.0 0.0 0.0 0.0 0.0 0.0 0.0 0.0 1.0 0.0 0.0 0.0 0.439 1.0 0.83 0.048 0.0 0.0 -0.0 -0.0 0.46499999999999997 1.0 1.0 -0.07 -0.07 0.186 0.5 0.186 0.0 0.186 -0.1 0.5 0.0 -0.1 -0.1 0.4205 1.0 0.66 0.0 0.181
0.0 0.0 0.0 0.0 0.0 0.0 0.0 0.0 1.0 1.0 0.0 0.0 0.0 1.0 0.0 0.0 0.0 0.0 0.0 0.0 0.0 0.0 0.0 0.0 0.0 0.47766666666666663 0.75 0.952 0.895 0.37166666666666665 0.25 -0.0 0.7 0.303 0.7916666666666666 0.967 -0.9 0.893 0.013187499999999984 0.6666666666666666 0.953 -0.88 0.953 0.08518181818181819 0.4583333333333333 0.614 -0.21 -0.21 0.23222727272727273 0.9166666666666666 0.935 -0.99 0.898
0.0 0.0 0.0 0.0 0.0 1.0 1.0 0.0 1.0 0.0 0.0 0.0 0.0 0.0 0.0 0.0 0.0 0.0 0.0 0.0 0.0 1.0 0.0 0.0 0.0 0.630230769230769 0.8863636363636364 0.943 0.859 0.334 0.11363636363636363 -0.0 0.05 0.5870000000000001 0.7954545454545454 0.995 -0.78 0.995 -0.08390000000000002 0.6818181818181818 0.943 -0.94 0.724 -0.059888888888888894 0.20454545454545456 0.077 -0.2 -0.06 0.5408378378378377 0.8409090909090909 0.935 -0.73 0.903
0.0 0.0 0.0 0.0 1.0 0.0 0.0 0.0 0.0 0.0 0.0 0.0 0.0 0.0 0.0 0.0 0.0 0.0 0.0 0.0 0.0 0.0 0.0 0.0 1.0 0.7846666666666667 0.6 0.83 0.746 0.44499999999999995 0.4 -0.0 0.07 0.30219999999999997 1.0 1.0 -0.84 -0.07 -0.62 0.2 0.0 -0.62 -0.62 -0.8 0.2 0.0 -0.8 -0.8 0.8023333333333333 0.6 0.896 0.0 0.896
0.0 0.0 1.0 0.0 0.0 0.0 4.0 0.0 1.0 0.0 0.0 0.0 0.0 0.0 0.0 0.0 0.0 0.0 0.0 0.0 0.0 1.0 0.0 0.0 0.0 0.43620000000000003 1.0 0.906 0.262 0.0 0.0 -0.0 -0.0 0.4812 1.0 0.94 -0.04 0.43 0.034 0.8 0.657 -0.87 0.657 -0.11550000000000002 0.4 0.049 -0.28 -0.28 0.353 0.8 0.706 0.0 0.244
0.0 0.0 0.0 0.0 0.0 0.0 1.0 0.0 3.0 0.0 0.0 6.0 0.0 1.0 0.0 0.0 0.0 0.0 0.0 0.0 0.0 0.0 0.0 1.0 0.0 0.4881086956521739 0.9387755102040817 0.983 0.983 0.5533333333333333 0.061224489795918366 -0.0 0.06 0.41575000000000006 0.8163265306122449 0.973 -0.77 0.04 0.0718611111111111 0.7346938775510204 0.983 -0.94 0.983 -0.006928571428571457 0.2857142857142857 0.847 -0.53 -0.17 0.361425 0.8163265306122449 0.958 -0.85 0.362
0.0 0.0 0.0 0.0 0.0 0.0 0.0 0.0 0.0 0.0 0.0 0.0 0.0 0.0 0.0 0.0 0.0 0.0 0.0 0.0 0.0 0.0 0.0 1.0 0.0 0.4448 0.7142857142857143 0.935 0.049 0.385 0.2857142857142857 -0.0 0.07 0.1858333333333333 0.8571428571428571 0.956 -0.75 -0.13 0.34225 0.5714285714285714 0.998 -0.05 -0.05 0.10575000000000001 0.5714285714285714 0.614 -0.16 -0.16 0.12666666666666668 0.8571428571428571 0.914 -0.74 -0.04
0.0 0.0 0.0 0.0 0.0 0.0 1.0 0.0 0.0 0.0 0.0 0.0 0.0 0.0 0.0 0.0 0.0 0.0 0.0 0.0 0.0 1.0 0.0 0.0 0.0 0.64425 1.0 0.857 0.125 0.0 0.0 -0.0 -0.0 0.8096666666666666 0.75 0.905 0.0 0.819 0.492 0.5 0.773 0.0 0.211 -0.12 0.25 0.0 -0.12 -0.12 0.7112499999999999 1.0 0.892 0.0 0.286
0.0 0.0 0.0 0.0 0.0 0.0 1.0 0.0 2.0 0.0 0.0 0.0 0.0 0.0 0.0 0.0 0.0 0.0 0.0 0.0 0.0 1.0 0.0 0.0 0.0 0.45826190476190476 0.8076923076923077 0.935 0.748 0.616 0.19230769230769232 -0.0 0.65 0.21819148936170216 0.9038461538461539 0.995 -0.99 -0.86 0.025416666666666664 0.6923076923076923 0.986 -0.85 -0.85 0.10549999999999997 0.46153846153846156 0.828 -0.8 0.609 0.3228979591836735 0.9423076923076923 0.935 -0.96 -0.5
0.0 0.0 1.0 0.0 0.0 0.0 4.0 0.0 0.0 0.0 0.0 0.0 0.0 0.0 0.0 0.0 0.0 0.0 0.0 0.0 0.0 1.0 0.0 0.0 0.0 0.622 1.0 0.857 0.746 0.0 0.0 -0.0 -0.0 0.5816666666666667 1.0 0.905 0.0 0.723 0.2665 0.6666666666666666 0.773 -0.24 0.773 0.0 0.0 0.0 0.0 0.0 0.6946666666666667 1.0 0.892 0.0 0.769
0.0 0.0 0.0 0.0 0.0 0.0 0.0 0.0 2.0 0.0 0.0 0.0 0.0 0.0 0.0 0.0 0.0 0.0 0.0 0.0 0.0 0.0 0.0 0.0 0.0 0.4812857142857142 0.9333333333333333 0.939 0.053 0.85 0.06666666666666667 -0.0 0.85 0.48000000000000004 0.7333333333333333 0.956 -0.61 -0.04 0.2259090909090909 0.7333333333333333 0.979 -0.79 0.141 0.14025 0.26666666666666666 0.981 -0.22 -0.09 0.3105833333333333 0.8 0.935 -0.98 0.21
0.0 0.0 0.0 0.0 0.0 0.0 1.0 0.0 2.0 0.0 0.0 2.0 0.0 0.0 0.0 0.0 0.0 0.0 0.0 0.0 0.0 0.0 0.0 0.0 0.0 0.5383333333333334 0.8780487804878049 0.939 0.186 0.17400000000000002 0.12195121951219512 -0.0 0.04 0.46734482758620716 0.7073170731707317 0.995 -0.75 -0.06 0.3201081081081081 0.9024390243902439 0.979 -0.81 0.29 7.142857142857149E-5 0.34146341463414637 0.614 -0.21 -0.14 0.3952903225806452 0.7560975609756098 0.935 -0.74 0.418
0.0 0.0 0.0 0.0 0.0 0.0 1.0 0.0 0.0 0.0 0.0 0.0 0.0 0.0 0.0 0.0 0.0 0.0 0.0 0.0 0.0 1.0 0.0 0.0 0.0 0.45525000000000004 0.8888888888888888 0.935 0.746 0.04 0.1111111111111111 -0.0 0.04 0.334 0.7777777777777778 0.956 -0.07 -0.06 0.4308333333333334 0.6666666666666666 0.967 0.0 0.249 -0.0688 0.5555555555555556 0.026 -0.16 0.026 0.464 0.7777777777777778 0.914 0.0 0.769
0.0 0.0 0.0 0.0 0.0 0.0 1.0 0.0 0.0 0.0 0.0 1.0 0.0 0.0 0.0 0.0 0.0 0.0 0.0 0.0 0.0 1.0 0.0 0.0 0.0 0.0 0.0 0.0 0.0 0.0 0.0 -0.0 -0.0 0.0 0.0 0.0 0.0 0.0 0.0 0.0 0.0 0.0 0.0 0.0 0.0 0.0 0.0 0.0 0.0 0.0 0.0 0.0 0.0
0.0 0.0 1.0 0.0 1.0 0.0 4.0 0.0 0.0 0.0 0.0 5.0 0.0 0.0 0.0 0.0 0.0 0.0 0.0 0.0 0.0 1.0 0.0 0.0 0.0 0.39083333333333337 0.8 0.935 0.746 0.8033333333333333 0.2 -0.0 0.82 0.10854545454545454 0.7333333333333333 0.995 -0.96 0.723 0.3977777777777778 0.6 0.965 0.0 0.141 -0.1423846153846154 0.43333333333333335 0.82 -0.99 -0.06 0.24827272727272726 0.7333333333333333 0.914 -0.73 0.769
0.0 0.0 0.0 0.0 1.0 0.0 1.0 0.0 0.0 1.0 0.0 0.0 0.0 0.0 0.0 0.0 0.0 0.0 1.0 1.0 0.0 0.0 0.0 0.0 0.0 0.7375 1.0 0.854 0.746 0.0 0.0 -0.0 -0.0 0.6920000000000001 0.75 0.781 0.0 0.723 -0.765 0.5 0.0 -0.81 -0.81 0.0 0.0 0.0 0.0 0.0 0.72275 1.0 0.895 0.0 0.769
0.0 0.0 0.0 0.0 0.0 0.0 0.0 0.0 0.0 0.0 0.0 0.0 0.0 0.0 0.0 0.0 0.0 0.0 0.0 0.0 0.0 0.0 0.0 1.0 0.0 0.5495333333333333 0.8333333333333334 0.943 0.791 0.5950000000000001 0.16666666666666666 -0.0 0.73 0.33100000000000007 0.8333333333333334 0.956 -0.98 0.704 0.20169565217391305 0.6388888888888888 0.979 -0.88 0.181 0.11879999999999998 0.4166666666666667 0.959 -0.1 -0.07 0.35620689655172416 0.8055555555555556 0.921 -0.89 0.878
0.0 0.0 0.0 0.0 0.0 0.0 1.0 0.0 2.0 0.0 0.0 3.0 0.0 1.0 0.0 0.0 0.0 0.0 0.0 0.0 0.0 0.0 0.0 1.0 0.0 0.48320512820512806 0.8863636363636364 0.97 0.817 0.6199999999999999 0.11363636363636363 -0.0 0.85 0.328 0.7954545454545454 0.991 -0.74 0.819 -0.00466666666666666 0.6818181818181818 0.991 -0.94 0.14 -0.13714285714285715 0.3181818181818182 0.0 -0.94 -0.94 0.35150000000000003 0.9090909090909091 0.935 -0.77 -0.77
0.0 0.0 0.0 0.0 0.0 0.0 0.0 0.0 1.0 0.0 0.0 0.0 0.0 1.0 0.0 0.0 0.0 0.0 0.0 0.0 0.0 0.0 0.0 1.0 0.0 0.5851538461538461 0.8125 0.952 0.952 0.6266666666666666 0.1875 -0.0 0.74 0.3117307692307692 0.8125 0.967 -0.99 0.95 0.15304166666666666 0.75 0.986 -0.94 0.953 0.2963 0.3125 0.99 -0.13 0.028 0.26740909090909093 0.6875 0.935 -0.87 0.816
0.0 0.0 0.0 0.0 0.0 0.0 1.0 0.0 0.0 0.0 0.0 2.0 0.0 1.0 0.0 0.0 0.0 0.0 0.0 0.0 0.0 0.0 0.0 0.0 0.0 0.5628333333333333 0.84 0.935 0.817 0.44999999999999996 0.16 -0.0 0.03 0.40018918918918917 0.74 0.982 -0.8 0.819 -0.03852941176470589 0.68 0.984 -0.94 0.211 -0.041384615384615395 0.26 0.856 -0.92 -0.12 0.4697234042553191 0.94 0.935 -0.96 0.816
0.0 0.0 0.0 0.0 0.0 2.0 0.0 0.0 0.0 0.0 0.0 4.0 0.0 0.0 0.0 0.0 0.0 0.0 0.0 0.0 0.0 0.0 1.0 0.0 0.0 0.48249999999999993 0.96 0.935 0.078 0.75 0.04 -0.0 0.75 0.43336363636363634 0.88 0.995 -0.89 0.777 0.06627777777777778 0.72 0.924 -0.85 -0.85 0.24733333333333338 0.12 0.672 0.0 0.021 0.3975714285714285 0.84 0.935 -0.69 0.078
0.0 0.0 1.0 0.0 0.0 0.0 5.0 0.0 0.0 0.0 0.0 1.0 0.0 0.0 0.0 0.0 0.0 0.0 0.0 0.0 0.0 0.0 0.0 0.0 0.0 0.6048125 0.9411764705882353 0.939 0.72 0.79 0.058823529411764705 -0.0 0.79 0.57025 0.7058823529411765 0.956 -0.96 0.729 0.15535714285714283 0.8235294117647058 0.979 -0.88 -0.71 -0.025000000000000005 0.35294117647058826 0.501 -0.32 0.501 0.4483846153846154 0.7647058823529411 0.914 -0.92 0.732
0.0 0.0 0.0 0.0 0.0 0.0 0.0 0.0 0.0 0.0 0.0 1.0 0.0 0.0 0.0 0.0 0.0 0.0 0.0 0.0 0.0 0.0 0.0 1.0 0.0 0.4842666666666667 1.0 0.964 0.037 0.0 0.0 -0.0 -0.0 0.4783076923076922 0.8666666666666667 0.956 -0.1 0.027 0.032 0.8 0.979 -0.85 -0.03 -0.07214285714285715 0.4666666666666667 0.049 -0.23 0.017 0.5086153846153845 0.8666666666666667 0.964 0.0 0.1
0.0 0.0 0.0 0.0 0.0 0.0 1.0 0.0 0.0 0.0 0.0 0.0 0.0 0.0 0.0 0.0 0.0 0.0 0.0 0.0 0.0 0.0 0.0 1.0 0.0 0.54225 0.7058823529411765 0.935 0.871 0.442 0.29411764705882354 -0.0 0.14 0.08257142857142856 0.8235294117647058 0.956 -0.78 -0.24 0.40759999999999996 0.5882352941176471 0.99 -0.11 -0.07 0.23824999999999993 0.47058823529411764 0.82 -0.07 -0.04 0.304 0.8235294117647058 0.958 -0.63 -0.24
0.0 0.0 0.0 0.0 0.0 0.0 1.0 0.0 0.0 0.0 0.0 0.0 0.0 0.0 0.0 0.0 0.0 0.0 0.0 0.0 0.0 1.0 0.0 0.0 0.0 0.745 0.6666666666666666 0.746 0.746 0.89 0.3333333333333333 -0.0 0.89 0.22466666666666668 1.0 0.781 -0.83 0.723 0.0 0.0 0.0 0.0 0.0 0.87 0.3333333333333333 0.87 0.0 0.87 0.16833333333333333 1.0 0.769 -0.97 0.769
0.0 0.0 0.0 0.0 0.0 0.0 2.0 0.0 0.0 0.0 0.0 0.0 0.0 0.0 0.0 0.0 0.0 0.0 0.0 0.0 0.0 1.0 0.0 0.0 0.0 0.4275555555555555 0.8181818181818182 0.943 0.075 0.84 0.18181818181818182 -0.0 0.84 0.15522222222222223 0.8181818181818182 0.967 -0.99 0.057 0.33466666666666667 0.5454545454545454 0.943 -0.57 0.141 -0.13333333333333333 0.2727272727272727 0.0 -0.21 -0.06 0.186 0.8181818181818182 0.898 -0.7 0.075
0.0 0.0 0.0 0.0 0.0 0.0 1.0 0.0 1.0 0.0 0.0 1.0 0.0 0.0 0.0 0.0 0.0 0.0 0.0 0.0 0.0 0.0 0.0 0.0 0.0 0.5425294117647058 0.7727272727272727 0.943 0.258 0.29400000000000004 0.22727272727272727 -0.0 0.07 0.2905 0.8181818181818182 0.977 -0.78 0.277 0.2662857142857143 0.6363636363636364 0.99 -0.94 0.161 0.11412499999999993 0.36363636363636365 0.598 -0.12 -0.12 0.3741666666666667 0.8181818181818182 0.969 -0.8 0.337
0.0 0.0 0.0 0.0 0.0 0.0 1.0 0.0 0.0 0.0 0.0 0.0 0.0 0.0 0.0 0.0 0.0 0.0 0.0 0.0 0.0 1.0 0.0 0.0 0.0 0.6164999999999999 0.6666666666666666 0.846 0.098 0.49000000000000005 0.3333333333333333 -0.0 0.05 0.09899999999999998 0.8333333333333334 0.703 -0.87 -0.02 -0.14024999999999999 0.6666666666666666 0.915 -0.94 0.114 0.5065000000000001 0.3333333333333333 0.936 0.0 0.077 0.189 0.6666666666666666 0.788 -0.98 0.204
0.0 0.0 0.0 0.0 1.0 0.0 1.0 0.0 1.0 0.0 0.0 2.0 0.0 0.0 0.0 0.0 0.0 0.0 0.0 0.0 0.0 1.0 0.0 0.0 0.0 0.47360000000000013 0.9615384615384616 0.936 0.074 0.84 0.038461538461538464 -0.0 0.84 0.4722916666666666 0.9230769230769231 0.97 -0.95 0.057 0.11721052631578945 0.7307692307692307 0.979 -0.79 0.141 -0.017000000000000005 0.38461538461538464 0.773 -0.23 -0.06 0.44621739130434784 0.8846153846153846 0.994 -0.73 0.162
0.0 0.0 0.0 0.0 0.0 0.0 1.0 0.0 0.0 0.0 0.0 0.0 0.0 0.0 0.0 0.0 0.0 0.0 0.0 0.0 0.0 1.0 0.0 0.0 0.0 0.8753333333333334 0.75 0.911 0.857 0.78 0.25 -0.0 0.78 0.45275000000000004 1.0 0.905 -0.75 0.905 0.8485 0.5 0.924 0.0 0.773 0.82 0.25 0.82 0.0 0.82 0.925 0.5 0.958 0.0 0.892
0.0 0.0 0.0 0.0 2.0 1.0 1.0 0.0 1.0 0.0 0.0 1.0 0.0 1.0 0.0 0.0 0.0 0.0 0.0 0.0 0.0 0.0 0.0 1.0 0.0 0.46124324324324323 0.9487179487179487 0.942 0.803 0.77 0.05128205128205128 -0.0 0.7 0.42325 0.8205128205128205 0.959 -0.75 0.842 0.1800909090909091 0.8461538461538461 0.979 -0.94 0.765 -0.07486666666666666 0.38461538461538464 0.614 -0.71 -0.09 0.3482903225806452 0.7948717948717948 0.935 -0.98 0.299
0.0 0.0 1.0 0.0 0.0 0.0 4.0 0.0 0.0 0.0 0.0 0.0 0.0 0.0 0.0 0.0 0.0 0.0 0.0 0.0 0.0 1.0 0.0 0.0 0.0 0.8126666666666665 0.75 0.943 0.751 0.66 0.25 -0.0 0.66 5.000000000000004E-4 0.5 0.781 -0.78 -0.78 0.943 0.25 0.943 0.0 0.943 0.585 0.25 0.585 0.0 0.585 0.27566666666666667 0.75 0.751 -0.63 0.751
0.0 0.0 1.0 0.0 0.0 0.0 2.0 0.0 0.0 0.0 0.0 0.0 0.0 0.0 0.0 0.0 0.0 0.0 0.0 0.0 0.0 1.0 0.0 0.0 0.0 0.3905 1.0 0.744 0.037 0.0 0.0 -0.0 -0.0 0.41050000000000003 1.0 0.781 0.0 0.04 0.074 0.5 0.074 0.0 0.074 0.059 0.5 0.059 0.0 0.059 0.39899999999999997 1.0 0.706 0.0 0.092
0.0 0.0 0.0 0.0 0.0 0.0 0.0 0.0 0.0 0.0 0.0 0.0 0.0 0.0 0.0 0.0 0.0 0.0 0.0 0.0 0.0 0.0 0.0 0.0 0.0 0.8446666666666666 0.75 0.943 0.857 0.93 0.25 -0.0 0.93 0.905 0.25 0.905 0.0 0.905 0.8166666666666668 0.75 0.943 0.0 0.773 -0.86 0.25 0.0 -0.86 -0.86 -0.04899999999999999 0.5 0.892 -0.99 -0.99
0.0 0.0 0.0 0.0 0.0 0.0 0.0 0.0 0.0 1.0 0.0 2.0 0.0 0.0 0.0 0.0 0.0 0.0 0.0 1.0 0.0 0.0 0.0 0.0 0.0 0.65525 1.0 0.83 0.805 0.0 0.0 -0.0 -0.0 0.7082499999999999 1.0 1.0 0.0 0.924 -0.49033333333333334 0.75 0.239 -0.95 -0.76 0.049 0.25 0.049 0.0 0.049 0.6255 1.0 0.768 0.0 0.728
0.0 0.0 0.0 0.0 0.0 1.0 1.0 0.0 1.0 1.0 0.0 1.0 0.0 1.0 0.0 0.0 0.0 0.0 0.0 1.0 0.0 0.0 0.0 0.0 0.0 0.42058064516129046 0.8611111111111112 0.97 0.046 0.4539999999999999 0.1388888888888889 -0.0 0.05 0.21562962962962967 0.75 0.956 -0.9 -0.04 0.15616666666666668 0.6666666666666666 0.991 -0.94 0.127 -4.999999999999241E-5 0.5555555555555556 0.52 -0.23 -0.12 0.32568749999999996 0.8888888888888888 0.935 -0.99 0.223
0.0 0.0 0.0 0.0 0.0 0.0 1.0 0.0 2.0 0.0 0.0 1.0 0.0 1.0 0.0 0.0 0.0 0.0 0.0 0.0 0.0 0.0 0.0 0.0 0.0 0.5406603773584906 0.9464285714285714 0.97 0.358 0.5333333333333333 0.05357142857142857 -0.0 0.73 0.4982244897959182 0.875 0.97 -0.95 0.97 0.325675 0.7142857142857143 0.991 -0.79 0.885 0.09172222222222223 0.32142857142857145 0.988 -0.23 0.773 0.5072083333333334 0.8571428571428571 0.978 -0.73 0.878
0.0 0.0 0.0 0.0 0.0 0.0 1.0 0.0 0.0 0.0 0.0 0.0 0.0 0.0 0.0 0.0 0.0 0.0 0.0 0.0 0.0 0.0 0.0 1.0 0.0 0.36060000000000003 1.0 0.857 0.741 0.0 0.0 -0.0 -0.0 0.292875 0.8 0.905 -0.04 0.082 0.1731111111111111 0.9 0.773 -0.79 0.717 -0.0825 0.4 0.0 -0.09 -0.06 0.4373 1.0 0.935 0.0 0.765
