0.0 0.0 0.0 0.0 0.0 0.0 0.0 0.0 0.0 0.0 0.0 0.0 0.0 0.0 0.0 0.0 0.0 0.0 0.0 0.0 0.0 0.0 0.0 1.0 0.0 0.8850000000000001 0.5 0.921 0.921 0.8666666666666667 0.5 -0.0 0.82 0.018 1.0 0.995 -0.93 0.995 0.801 0.16666666666666666 0.801 0.0 0.801 -0.2496666666666667 0.5 0.981 -0.93 -0.8 0.2048 0.8333333333333334 0.996 -0.98 0.968
0.0 0.0 0.0 0.0 0.0 0.0 1.0 0.0 0.0 0.0 0.0 0.0 0.0 1.0 0.0 0.0 0.0 0.0 0.0 0.0 0.0 0.0 0.0 0.0 0.0 0.47575000000000006 0.4444444444444444 0.92 0.114 0.76 0.5555555555555556 -0.0 0.72 -0.2758333333333333 0.6666666666666666 0.705 -0.9 -0.03 0.5820000000000001 0.2222222222222222 0.893 0.0 0.271 0.06428571428571427 0.7777777777777778 0.958 -0.79 -0.08 -0.16500000000000004 1.0 0.947 -0.99 0.303
0.0 0.0 0.0 0.0 0.0 1.0 1.0 0.0 0.0 0.0 0.0 0.0 0.0 0.0 0.0 0.0 0.0 0.0 0.0 0.0 0.0 0.0 0.0 0.0 0.0 0.4342258064516129 0.8378378378378378 0.939 0.766 0.6 0.16216216216216217 -0.0 0.08 0.2506129032258065 0.8378378378378378 0.956 -0.86 -0.09 0.2715714285714285 0.7567567567567568 0.979 -0.79 -0.04 -0.08035294117647061 0.4594594594594595 0.662 -0.99 0.039 0.26265517241379305 0.7837837837837838 0.935 -0.74 -0.24
0.0 0.0 0.0 0.0 0.0 0.0 0.0 0.0 1.0 0.0 0.0 2.0 0.0 0.0 0.0 0.0 0.0 0.0 0.0 0.0 0.0 0.0 0.0 1.0 0.0 0.5563793103448276 0.8529411764705882 0.939 0.043 0.376 0.14705882352941177 -0.0 0.05 0.379875 0.7058823529411765 0.956 -0.91 -0.06 0.31437037037037036 0.7941176470588235 0.99 -0.84 0.083 0.019000000000000003 0.3235294117647059 0.905 -0.21 -0.04 0.39818518518518514 0.7941176470588235 0.914 -0.78 0.2
0.0 0.0 0.0 0.0 0.0 0.0 0.0 0.0 0.0 0.0 0.0 0.0 0.0 0.0 0.0 0.0 0.0 0.0 0.0 0.0 0.0 0.0 0.0 1.0 0.0 0.539875 0.5333333333333333 0.935 0.058 0.6399999999999999 0.4666666666666667 -0.0 0.93 -0.04869230769230771 0.8666666666666667 0.956 -0.99 -0.97 -0.12462499999999999 0.5333333333333333 0.715 -0.79 0.182 0.1094444444444444 0.6 0.893 -0.97 -0.97 0.09258333333333335 0.8 0.935 -0.84 -0.84
0.0 0.0 0.0 0.0 0.0 1.0 0.0 0.0 2.0 0.0 0.0 1.0 0.0 0.0 0.0 0.0 0.0 0.0 0.0 0.0 0.0 0.0 0.0 0.0 0.0 0.44148275862068975 0.8285714285714286 0.939 0.316 0.6466666666666666 0.17142857142857143 -0.0 0.76 0.3706296296296295 0.7714285714285715 0.956 -0.72 0.703 0.05615384615384616 0.7428571428571429 0.979 -0.94 0.534 0.2417142857142857 0.4 0.955 -0.21 -0.21 0.17441935483870968 0.8857142857142857 0.935 -0.96 0.243
0.0 0.0 0.0 0.0 0.0 0.0 0.0 0.0 0.0 0.0 0.0 0.0 0.0 0.0 0.0 0.0 0.0 0.0 0.0 0.0 0.0 0.0 0.0 0.0 0.0 0.490875 0.8888888888888888 0.939 0.071 0.72 0.1111111111111111 -0.0 0.72 0.3738 0.5555555555555556 0.92 -0.9 0.877 0.315125 0.8888888888888888 0.979 -0.88 0.148 0.02933333333333334 0.3333333333333333 0.278 -0.12 -0.07 0.17128571428571426 0.7777777777777778 0.822 -0.99 0.136
0.0 0.0 0.0 0.0 0.0 0.0 0.0 0.0 0.0 0.0 0.0 0.0 0.0 1.0 0.0 0.0 0.0 0.0 0.0 0.0 0.0 0.0 0.0 1.0 0.0 0.197125 0.8 0.789 0.053 0.915 0.2 -0.0 0.93 -0.135375 0.8 0.633 -0.96 -0.87 0.08100000000000002 0.8 0.338 -0.79 0.141 -0.286 0.5 0.0 -0.96 -0.09 0.059111111111111114 0.9 0.935 -1.0 -1.0
0.0 0.0 0.0 0.0 0.0 0.0 1.0 0.0 0.0 0.0 0.0 0.0 0.0 0.0 0.0 0.0 0.0 0.0 0.0 0.0 0.0 1.0 0.0 0.0 0.0 0.583875 0.7272727272727273 0.939 0.861 0.8433333333333334 0.2727272727272727 -0.0 0.83 0.16272727272727272 1.0 0.956 -0.95 0.86 -0.016500000000000015 0.5454545454545454 0.979 -0.79 -0.79 0.4702 0.45454545454545453 0.99 -0.11 -0.11 0.16250000000000003 0.9090909090909091 0.935 -0.96 0.93
0.0 0.0 0.0 0.0 0.0 0.0 1.0 0.0 0.0 0.0 0.0 0.0 0.0 0.0 0.0 0.0 0.0 0.0 0.0 0.0 0.0 1.0 0.0 0.0 0.0 0.4805 0.5 0.855 0.855 0.35 0.5 -0.0 0.35 -0.13 0.5 0.0 -0.13 -0.13 0.31275 1.0 0.967 0.0 0.071 0.43599999999999994 0.75 0.694 -0.08 0.694 -0.08475000000000005 1.0 0.743 -0.67 -0.67
0.0 0.0 0.0 0.0 1.0 1.0 1.0 0.0 0.0 0.0 0.0 0.0 0.0 1.0 0.0 0.0 0.0 0.0 0.0 0.0 0.0 1.0 0.0 0.0 0.0 0.35429999999999995 0.7692307692307693 0.855 0.08 0.5399999999999999 0.23076923076923078 -0.0 0.69 0.058181818181818196 0.8461538461538461 0.942 -0.96 -0.75 0.13840000000000002 0.7692307692307693 0.967 -0.58 0.201 0.03783333333333334 0.46153846153846156 0.547 -0.09 0.547 0.199076923076923 1.0 0.898 -0.78 -0.78
0.0 0.0 0.0 0.0 0.0 0.0 1.0 0.0 0.0 0.0 0.0 0.0 0.0 0.0 0.0 0.0 0.0 0.0 0.0 0.0 0.0 1.0 0.0 0.0 0.0 0.23819999999999997 0.8333333333333334 0.631 0.631 0.9 0.16666666666666666 -0.0 0.9 0.04566666666666666 1.0 0.757 -0.96 0.757 0.015800000000000015 0.8333333333333334 0.239 -0.63 -0.63 -0.34366666666666673 0.5 0.049 -0.96 0.049 0.11383333333333333 1.0 0.501 -0.78 0.501
0.0 0.0 0.0 0.0 0.0 0.0 0.0 0.0 0.0 0.0 0.0 0.0 0.0 0.0 0.0 0.0 0.0 0.0 0.0 0.0 0.0 0.0 0.0 1.0 0.0 0.49190000000000006 0.9090909090909091 0.831 0.716 0.86 0.09090909090909091 -0.0 0.86 0.34190909090909094 1.0 0.936 -0.99 0.694 -0.05700000000000001 0.9090909090909091 0.749 -0.79 -0.56 -0.25 0.45454545454545453 0.0 -0.73 -0.2 0.52 0.7272727272727273 0.935 0.0 0.888
0.0 0.0 0.0 0.0 0.0 0.0 0.0 0.0 0.0 0.0 0.0 0.0 0.0 0.0 0.0 0.0 0.0 0.0 0.0 0.0 0.0 0.0 0.0 1.0 0.0 0.33180000000000004 0.5555555555555556 0.785 0.634 0.4025 0.4444444444444444 -0.0 0.05 0.09371428571428571 0.7777777777777778 0.783 -0.75 -0.04 -0.07880000000000001 0.5555555555555556 0.186 -0.6 -0.02 0.0033333333333333518 0.6666666666666666 0.785 -0.81 0.021 0.021999999999999985 1.0 0.858 -0.77 -0.17
0.0 0.0 0.0 0.0 0.0 0.0 0.0 0.0 0.0 0.0 0.0 0.0 0.0 1.0 0.0 0.0 0.0 0.0 0.0 0.0 0.0 0.0 0.0 0.0 0.0 0.6721666666666667 0.6666666666666666 0.862 0.862 0.84 0.3333333333333333 -0.0 0.78 0.17985714285714285 0.7777777777777778 0.927 -0.91 0.926 -0.083 0.6666666666666666 0.808 -0.79 0.798 -0.72 0.2222222222222222 0.0 -0.72 -0.72 0.07712500000000003 0.8888888888888888 0.935 -0.99 -0.78
0.0 0.0 0.0 0.0 2.0 1.0 0.0 0.0 0.0 0.0 0.0 2.0 0.0 1.0 0.0 0.0 0.0 0.0 0.0 0.0 0.0 0.0 0.0 1.0 0.0 0.51775 0.5517241379310345 0.939 0.079 0.5461538461538462 0.4482758620689655 -0.0 0.86 0.05388 0.8620689655172413 0.956 -0.97 0.082 0.06599999999999999 0.5172413793103449 0.979 -0.99 -0.07 0.2418666666666667 0.5172413793103449 0.806 -0.8 0.677 -0.023041666666666665 0.8275862068965517 0.935 -0.95 0.081
0.0 0.0 0.0 0.0 0.0 4.0 1.0 0.0 6.0 0.0 0.0 0.0 0.0 3.0 0.0 0.0 0.0 0.0 0.0 0.0 0.0 0.0 1.0 0.0 0.0 0.69548 0.7352941176470589 0.935 0.766 0.741111111111111 0.2647058823529412 -0.0 0.06 0.21786956521739126 0.6764705882352942 0.956 -0.96 0.059 -0.23736842105263153 0.5588235294117647 0.893 -0.94 -0.81 -5.454545454545687E-4 0.3235294117647059 0.981 -0.81 -0.11 0.27167741935483863 0.9117647058823529 0.947 -0.99 0.718
0.0 0.0 0.0 0.0 0.0 1.0 0.0 0.0 0.0 0.0 0.0 0.0 0.0 0.0 0.0 0.0 0.0 0.0 0.0 0.0 0.0 0.0 1.0 0.0 0.0 0.5087499999999999 0.875 0.939 0.761 0.41 0.125 -0.0 0.07 0.3223478260869565 0.71875 0.957 -0.76 -0.07 -0.12334615384615383 0.8125 0.979 -0.94 -0.79 -0.05263636363636364 0.34375 0.614 -0.91 0.009 0.4061428571428572 0.875 0.935 -0.74 -0.12
0.0 0.0 0.0 0.0 0.0 1.0 0.0 0.0 4.0 0.0 0.0 0.0 0.0 1.0 0.0 0.0 0.0 0.0 0.0 0.0 0.0 0.0 1.0 0.0 0.0 0.5371111111111113 0.75 0.939 0.061 0.4844444444444443 0.25 -0.0 0.1 0.35306666666666664 0.8333333333333334 0.995 -0.88 -0.12 0.16819999999999996 0.6944444444444444 0.979 -0.94 0.239 0.1618333333333333 0.3333333333333333 0.948 -0.23 -0.07 0.22909999999999994 0.8333333333333334 0.959 -1.0 0.203
0.0 0.0 0.0 0.0 0.0 0.0 0.0 0.0 2.0 0.0 0.0 0.0 0.0 0.0 0.0 0.0 0.0 0.0 0.0 0.0 0.0 0.0 0.0 0.0 0.0 0.6205714285714284 0.6363636363636364 0.881 0.766 0.5725 0.36363636363636365 -0.0 0.7 0.052875000000000005 0.7272727272727273 0.854 -0.99 0.719 0.17799999999999996 0.5454545454545454 0.954 -0.81 0.812 0.09725 0.36363636363636365 0.614 -0.73 0.614 0.1431666666666667 0.5454545454545454 0.935 -0.74 0.141
0.0 0.0 0.0 0.0 0.0 0.0 1.0 0.0 0.0 0.0 0.0 0.0 0.0 0.0 0.0 0.0 0.0 0.0 0.0 0.0 0.0 1.0 0.0 0.0 0.0 0.0 0.0 0.0 0.0 0.48000000000000004 1.0 -0.0 0.93 -0.49000000000000005 1.0 0.0 -0.93 -0.93 -0.03 0.5 0.0 -0.03 -0.03 -0.4535 1.0 0.023 -0.93 -0.93 -0.515 1.0 0.0 -0.94 -0.94
0.0 0.0 0.0 0.0 0.0 0.0 1.0 0.0 1.0 0.0 0.0 0.0 0.0 0.0 0.0 0.0 0.0 0.0 0.0 0.0 0.0 0.0 0.0 1.0 0.0 0.41358333333333336 0.782608695652174 0.935 0.088 0.583 0.21739130434782608 -0.0 0.77 0.2653225806451614 0.6739130434782609 0.956 -0.99 0.829 0.16655555555555554 0.5869565217391305 0.893 -0.88 0.069 -0.10905263157894737 0.41304347826086957 0.882 -1.0 -0.72 0.26268292682926825 0.8913043478260869 0.947 -0.85 0.108
0.0 0.0 0.0 0.0 0.0 0.0 0.0 0.0 0.0 0.0 0.0 1.0 0.0 0.0 0.0 0.0 0.0 0.0 0.0 0.0 0.0 0.0 0.0 1.0 0.0 0.47975000000000007 0.5714285714285714 0.935 0.062 0.8733333333333334 0.42857142857142855 -0.0 0.82 -0.12814285714285714 1.0 0.956 -0.96 -0.69 -0.06733333333333334 0.42857142857142855 0.277 -0.67 0.277 -0.27925 0.5714285714285714 0.883 -0.96 0.883 -0.049857142857142836 1.0 0.914 -0.91 -0.91
0.0 0.0 0.0 0.0 0.0 2.0 0.0 0.0 0.0 0.0 0.0 5.0 0.0 1.0 0.0 0.0 0.0 0.0 0.0 0.0 0.0 0.0 0.0 1.0 0.0 0.5885172413793105 0.90625 0.939 0.103 0.7399999999999999 0.09375 -0.0 0.73 0.44632 0.78125 0.956 -0.63 0.098 0.13363636363636358 0.6875 0.979 -0.99 0.165 0.24875000000000003 0.25 0.856 -0.23 -0.13 0.43432142857142864 0.875 0.935 -0.82 0.284
0.0 0.0 0.0 0.0 0.0 1.0 0.0 0.0 1.0 0.0 0.0 1.0 0.0 1.0 0.0 0.0 0.0 0.0 0.0 0.0 0.0 0.0 1.0 0.0 0.0 0.5549024390243902 0.7192982456140351 0.939 0.058 0.38937499999999997 0.2807017543859649 -0.0 0.93 0.35342857142857126 0.8596491228070176 0.995 -0.96 -0.96 0.0635263157894737 0.6666666666666666 0.979 -0.82 0.128 0.12360714285714287 0.49122807017543857 0.948 -0.86 -0.05 0.2941041666666668 0.8421052631578947 0.935 -0.94 0.098
0.0 0.0 0.0 0.0 0.0 0.0 0.0 0.0 0.0 0.0 0.0 0.0 0.0 1.0 0.0 0.0 0.0 0.0 0.0 0.0 0.0 0.0 0.0 0.0 0.0 0.45883333333333337 0.6 0.935 0.778 0.475 0.4 -0.0 0.84 0.0028999999999999916 1.0 0.956 -0.85 -0.76 0.010499999999999995 0.6 0.237 -0.65 0.237 -0.216 0.6 0.584 -0.91 -0.91 0.33037500000000003 0.8 0.914 -0.79 0.851
0.0 1.0 0.0 0.0 0.0 0.0 1.0 0.0 0.0 0.0 1.0 0.0 0.0 0.0 0.0 0.0 0.0 0.0 0.0 0.0 1.0 0.0 0.0 0.0 0.0 0.043 0.3333333333333333 0.043 0.043 0.7949999999999999 0.6666666666666666 -0.0 0.76 -0.39 0.6666666666666666 0.0 -0.71 -0.07 0.112 0.3333333333333333 0.112 0.0 0.112 -0.006666666666666691 1.0 0.83 -0.79 -0.06 -0.49966666666666665 1.0 0.191 -0.96 0.191
0.0 0.0 0.0 0.0 0.0 1.0 0.0 0.0 2.0 0.0 0.0 3.0 0.0 0.0 0.0 0.0 0.0 0.0 0.0 0.0 0.0 0.0 1.0 0.0 0.0 0.6351777777777777 0.8035714285714286 0.939 0.671 0.6827272727272727 0.19642857142857142 -0.0 0.77 0.2971111111111111 0.8035714285714286 0.979 -0.99 -0.98 0.05226829268292683 0.7321428571428571 0.992 -0.98 -0.02 0.35774999999999996 0.2857142857142857 0.998 -0.2 0.383 0.2386904761904762 0.75 0.935 -0.93 -0.93
0.0 0.0 0.0 0.0 0.0 0.0 1.0 0.0 0.0 0.0 0.0 0.0 0.0 1.0 0.0 0.0 0.0 0.0 0.0 0.0 0.0 1.0 0.0 0.0 0.0 0.7908 0.6666666666666666 0.939 0.856 0.43 0.3333333333333333 -0.0 0.34 0.293 0.8666666666666667 0.956 -0.95 -0.14 0.47780000000000006 0.6666666666666666 0.979 -0.79 0.098 0.2771666666666666 0.4 0.82 -0.38 0.662 0.3681111111111111 0.6 0.941 -0.75 -0.65
0.0 0.0 0.0 0.0 0.0 1.0 0.0 0.0 0.0 0.0 0.0 4.0 0.0 0.0 0.0 0.0 0.0 0.0 0.0 0.0 0.0 0.0 1.0 0.0 0.0 0.618 0.8 0.97 0.669 0.7575000000000001 0.2 -0.0 0.87 0.3021666666666667 0.9 0.956 -0.96 0.679 0.39127272727272727 0.55 0.991 -0.79 0.524 0.8063333333333333 0.15 0.818 0.0 0.818 0.229 0.8 0.935 -0.77 0.803
0.0 0.0 0.0 0.0 0.0 0.0 1.0 0.0 0.0 0.0 0.0 0.0 0.0 0.0 0.0 0.0 0.0 0.0 0.0 0.0 0.0 1.0 0.0 0.0 0.0 0.4807272727272727 0.7857142857142857 0.943 0.778 0.6166666666666667 0.21428571428571427 -0.0 0.35 0.1927 0.7142857142857143 0.956 -0.82 -0.13 0.2982857142857143 0.5 0.943 0.0 0.071 0.17233333333333334 0.42857142857142855 0.694 -0.21 0.694 0.21623076923076923 0.9285714285714286 0.914 -0.73 -0.67
0.0 0.0 0.0 0.0 0.0 0.0 0.0 0.0 0.0 0.0 0.0 0.0 0.0 0.0 0.0 0.0 0.0 0.0 0.0 0.0 0.0 0.0 0.0 1.0 0.0 0.42300000000000004 0.8571428571428571 0.939 0.075 0.84 0.14285714285714285 -0.0 0.86 0.24616666666666664 0.8571428571428571 0.901 -0.99 0.295 0.06845454545454545 0.7857142857142857 0.979 -0.79 0.239 -0.1505 0.42857142857142855 0.049 -0.73 0.049 0.3205454545454545 0.7857142857142857 0.935 -0.75 0.075
0.0 0.0 0.0 0.0 0.0 1.0 0.0 0.0 0.0 0.0 0.0 0.0 0.0 0.0 0.0 0.0 0.0 0.0 0.0 0.0 0.0 0.0 0.0 1.0 0.0 0.5511818181818183 0.6470588235294118 0.939 0.716 0.7283333333333332 0.35294117647058826 -0.0 0.94 0.057785714285714274 0.8235294117647058 0.899 -0.93 0.694 -0.0490909090909091 0.6470588235294118 0.979 -0.94 -0.56 0.3146 0.5882352941176471 0.99 -0.91 0.931 0.11592857142857145 0.8235294117647058 0.935 -0.96 0.888
0.0 0.0 0.0 0.0 0.0 1.0 0.0 0.0 0.0 0.0 0.0 0.0 0.0 1.0 0.0 0.0 0.0 0.0 0.0 0.0 0.0 0.0 1.0 0.0 0.0 0.6120333333333333 0.75 0.935 0.853 0.637 0.25 -0.0 0.24 0.21844444444444447 0.9 0.961 -0.98 0.857 -0.1335 0.7 0.978 -0.95 -0.79 -0.06875000000000002 0.4 0.959 -0.78 -0.11 0.4456 0.75 0.935 -0.78 0.907
0.0 0.0 0.0 0.0 0.0 1.0 0.0 0.0 1.0 0.0 0.0 0.0 0.0 1.0 0.0 0.0 0.0 0.0 0.0 0.0 0.0 0.0 0.0 1.0 0.0 0.6568235294117647 0.8292682926829268 0.943 0.22 0.7814285714285714 0.17073170731707318 -0.0 0.72 0.30691428571428564 0.8536585365853658 0.956 -0.99 -0.55 -0.06860000000000001 0.7317073170731707 0.979 -0.97 0.461 0.2154666666666666 0.36585365853658536 0.958 -0.73 0.882 0.40528125000000004 0.7804878048780488 0.948 -0.79 -0.73
0.0 0.0 0.0 0.0 0.0 1.0 0.0 0.0 0.0 0.0 0.0 0.0 0.0 0.0 0.0 0.0 0.0 0.0 0.0 0.0 0.0 0.0 0.0 1.0 0.0 0.45875000000000005 0.8888888888888888 0.935 0.111 0.82 0.1111111111111111 -0.0 0.82 0.425 0.4444444444444444 0.956 -0.04 -0.04 0.12249999999999998 0.6666666666666666 0.735 -0.65 0.108 -0.33 0.3333333333333333 0.0 -0.8 -0.06 0.3485555555555556 1.0 0.914 -0.83 0.113
0.0 0.0 0.0 0.0 1.0 0.0 1.0 0.0 1.0 0.0 0.0 2.0 0.0 1.0 0.0 0.0 0.0 0.0 0.0 0.0 0.0 1.0 0.0 0.0 0.0 0.3897727272727272 0.8461538461538461 0.939 0.065 0.5725 0.15384615384615385 -0.0 0.71 0.28309090909090906 0.8461538461538461 0.995 -0.72 -0.7 0.20770588235294118 0.6538461538461539 0.979 -0.65 0.095 0.037571428571428575 0.5384615384615384 0.784 -0.72 -0.72 0.40327777777777774 0.6923076923076923 0.914 -0.81 -0.04
0.0 0.0 0.0 0.0 0.0 0.0 1.0 0.0 0.0 0.0 0.0 3.0 0.0 1.0 0.0 0.0 0.0 0.0 0.0 0.0 0.0 0.0 0.0 1.0 0.0 0.49258974358974367 0.7647058823529411 0.939 0.189 0.5975 0.23529411764705882 -0.0 0.82 0.2642926829268292 0.803921568627451 0.956 -0.85 -0.85 0.1541212121212121 0.6470588235294118 0.982 -0.99 0.159 0.1403529411764706 0.3333333333333333 0.919 -0.21 -0.08 0.1902954545454545 0.8627450980392157 0.996 -0.82 -0.79
0.0 0.0 0.0 0.0 0.0 1.0 0.0 0.0 0.0 0.0 0.0 0.0 0.0 0.0 0.0 0.0 0.0 0.0 0.0 0.0 0.0 0.0 1.0 0.0 0.0 0.4962142857142857 0.875 0.939 0.115 0.6950000000000001 0.125 -0.0 0.93 0.3248275862068966 0.90625 0.988 -0.97 0.102 0.13678260869565217 0.71875 0.979 -0.79 0.083 -0.17307692307692307 0.40625 0.501 -0.99 -0.08 0.38528000000000007 0.78125 0.996 -0.94 0.148
0.0 0.0 0.0 0.0 0.0 1.0 0.0 0.0 0.0 0.0 0.0 6.0 0.0 2.0 0.0 0.0 0.0 0.0 0.0 0.0 0.0 0.0 0.0 1.0 0.0 0.5171666666666668 0.8571428571428571 0.939 0.869 0.79 0.14285714285714285 -0.0 0.72 0.2287 0.8571428571428571 0.956 -0.91 0.777 -0.04942307692307693 0.7428571428571429 0.979 -0.89 -0.88 -0.13769230769230767 0.37142857142857144 0.614 -0.98 -0.11 0.4297241379310345 0.8285714285714286 0.935 -0.99 0.869
0.0 0.0 0.0 0.0 0.0 0.0 0.0 0.0 1.0 0.0 0.0 0.0 0.0 2.0 0.0 0.0 0.0 0.0 0.0 0.0 0.0 0.0 0.0 1.0 0.0 0.5088571428571429 0.5 0.935 0.076 0.6085714285714285 0.5 -0.0 0.81 -0.18744444444444444 0.6428571428571429 0.956 -0.95 -0.95 -0.25599999999999995 0.5714285714285714 0.154 -0.94 0.107 -0.1172857142857143 0.5 0.828 -0.84 0.721 0.13236363636363632 0.7857142857142857 0.914 -0.8 -0.75
0.0 0.0 0.0 0.0 0.0 0.0 0.0 0.0 0.0 0.0 0.0 0.0 0.0 0.0 0.0 0.0 0.0 0.0 0.0 0.0 0.0 0.0 0.0 1.0 0.0 0.738125 0.5925925925925926 0.97 0.105 0.6581818181818182 0.4074074074074074 -0.0 0.05 0.1999090909090909 0.8148148148148148 0.956 -0.96 0.072 0.1316923076923077 0.48148148148148145 0.991 -0.87 0.094 0.2992 0.37037037037037035 0.963 -0.81 0.071 0.03663157894736841 0.7037037037037037 0.959 -0.96 0.149
0.0 0.0 0.0 0.0 0.0 0.0 1.0 0.0 0.0 0.0 1.0 0.0 0.0 0.0 0.0 0.0 0.0 0.0 0.0 0.0 1.0 0.0 0.0 0.0 0.0 0.6055 0.6666666666666666 0.831 0.831 0.8400000000000001 0.3333333333333333 -0.0 0.79 0.2892 0.8333333333333334 0.912 -0.82 0.912 0.297 0.6666666666666666 0.882 -0.65 0.749 0.04999999999999999 0.5 0.99 -0.79 -0.05 -0.161 0.6666666666666666 0.788 -0.87 0.228
0.0 0.0 0.0 0.0 0.0 0.0 0.0 0.0 0.0 0.0 0.0 0.0 0.0 1.0 0.0 0.0 0.0 0.0 0.0 0.0 0.0 0.0 0.0 1.0 0.0 0.5596666666666666 1.0 0.846 0.806 0.0 0.0 -0.0 -0.0 0.721 0.3333333333333333 0.721 0.0 0.721 0.00833333333333334 1.0 0.892 -0.94 0.892 -0.05 0.3333333333333333 0.0 -0.05 -0.05 0.40549999999999997 0.6666666666666666 0.744 0.0 0.067
0.0 0.0 0.0 0.0 0.0 0.0 0.0 0.0 0.0 0.0 0.0 0.0 0.0 1.0 0.0 0.0 0.0 0.0 0.0 0.0 0.0 0.0 0.0 1.0 0.0 0.5408333333333334 0.8 0.935 0.16 0.84 0.2 -0.0 0.9 0.30464285714285716 0.9333333333333333 0.956 -0.96 0.137 0.05366666666666667 0.4 0.344 -0.79 0.344 -0.07742857142857142 0.4666666666666667 0.948 -0.96 -0.21 0.3247999999999999 1.0 0.935 -0.81 0.369
0.0 0.0 0.0 0.0 0.0 0.0 0.0 0.0 2.0 0.0 0.0 0.0 0.0 1.0 0.0 0.0 0.0 0.0 0.0 0.0 0.0 0.0 0.0 1.0 0.0 0.5696363636363636 0.8461538461538461 0.939 0.861 0.87 0.15384615384615385 -0.0 0.86 0.4111666666666667 0.46153846153846156 0.971 -0.99 0.86 0.155125 0.6153846153846154 0.979 -0.94 -0.79 -0.49499999999999994 0.23076923076923078 0.015 -0.77 -0.73 0.35710000000000003 0.7692307692307693 0.947 -1.0 0.93
0.0 0.0 0.0 0.0 0.0 2.0 0.0 0.0 0.0 0.0 0.0 2.0 0.0 1.0 0.0 0.0 0.0 0.0 0.0 0.0 0.0 0.0 1.0 0.0 0.0 0.4994186046511629 0.8269230769230769 0.935 0.091 0.7500000000000001 0.17307692307692307 -0.0 0.78 0.31610000000000005 0.7692307692307693 0.956 -0.89 0.038 0.03379411764705882 0.6538461538461539 0.967 -0.94 0.152 0.04338461538461538 0.25 0.816 -0.78 -0.08 0.29874418604651165 0.8269230769230769 0.935 -0.85 0.208
0.0 0.0 0.0 0.0 0.0 1.0 0.0 0.0 0.0 0.0 0.0 0.0 0.0 0.0 0.0 0.0 0.0 0.0 0.0 0.0 0.0 0.0 1.0 0.0 0.0 0.47440740740740744 0.9 0.939 0.753 0.7200000000000001 0.1 -0.0 0.66 0.25269565217391304 0.7666666666666667 0.899 -0.78 0.541 -0.03565217391304348 0.7666666666666667 0.979 -0.94 -0.86 -0.011090909090909101 0.36666666666666664 0.585 -0.91 -0.09 0.4072 0.8333333333333334 0.959 -0.63 0.85
0.0 0.0 1.0 0.0 0.0 0.0 2.0 0.0 1.0 0.0 0.0 0.0 0.0 1.0 0.0 0.0 0.0 0.0 0.0 0.0 0.0 0.0 0.0 1.0 0.0 0.24163636363636362 0.7857142857142857 0.867 0.102 0.66 0.21428571428571427 -0.0 0.66 -0.08970000000000002 0.7142857142857143 0.715 -0.78 0.032 0.22909090909090904 0.7857142857142857 0.794 -0.65 0.312 0.09388888888888887 0.6428571428571429 0.585 -0.23 -0.12 0.10378571428571427 1.0 0.941 -0.63 0.185
0.0 0.0 0.0 0.0 0.0 0.0 0.0 0.0 0.0 0.0 0.0 0.0 0.0 2.0 0.0 0.0 0.0 0.0 0.0 0.0 0.0 0.0 0.0 0.0 0.0 0.7718750000000001 0.8 0.935 0.935 0.88 0.2 -0.0 0.86 0.23457142857142857 0.7 0.956 -0.96 0.935 -0.6417499999999999 0.4 0.253 -0.94 -0.94 -0.09799999999999998 0.3 0.796 -0.96 -0.13 0.3774444444444444 0.9 0.914 -0.87 0.914
0.0 0.0 1.0 0.0 0.0 0.0 3.0 0.0 0.0 0.0 0.0 0.0 0.0 0.0 0.0 0.0 0.0 0.0 0.0 0.0 0.0 1.0 0.0 0.0 0.0 0.472 0.5 0.883 0.061 0.94 0.5 -0.0 0.93 -0.08250000000000002 0.5 0.765 -0.93 -0.93 -0.451 0.5 0.098 -1.0 0.098 -0.019333333333333313 0.75 0.932 -0.93 -0.93 -0.5833333333333334 0.75 0.15 -0.96 -0.94
0.0 0.0 0.0 0.0 0.0 0.0 0.0 0.0 1.0 0.0 0.0 5.0 0.0 0.0 0.0 0.0 0.0 0.0 0.0 0.0 0.0 0.0 0.0 0.0 0.0 0.43300000000000005 0.6 0.935 0.04 0.755 0.4 -0.0 0.66 -0.040571428571428585 0.9333333333333333 0.956 -0.95 -0.05 -0.023500000000000004 0.4 0.191 -0.83 0.119 0.26209999999999994 0.6666666666666666 0.83 -0.74 -0.12 -0.01946153846153847 0.8666666666666667 0.996 -0.96 0.219
0.0 0.0 1.0 0.0 0.0 0.0 2.0 0.0 0.0 0.0 1.0 0.0 0.0 0.0 0.0 0.0 0.0 0.0 0.0 0.0 0.0 1.0 0.0 0.0 0.0 0.0 0.0 0.0 0.0 0.9 1.0 -0.0 0.87 -0.885 1.0 0.0 -0.93 -0.84 0.0 0.0 0.0 0.0 0.0 -0.9450000000000001 1.0 0.0 -0.96 -0.96 -0.8799999999999999 1.0 0.0 -0.94 -0.82
0.0 0.0 0.0 0.0 0.0 0.0 1.0 0.0 0.0 0.0 0.0 1.0 0.0 0.0 0.0 0.0 0.0 0.0 0.0 0.0 0.0 1.0 0.0 0.0 0.0 0.544 0.75 0.789 0.789 0.83 0.25 -0.0 0.83 0.13624999999999998 1.0 0.712 -0.71 -0.71 -0.252 0.5 0.286 -0.79 -0.79 0.32499999999999996 0.5 0.83 -0.18 0.83 0.265 1.0 0.935 -0.96 -0.96
0.0 0.0 0.0 0.0 1.0 0.0 1.0 0.0 0.0 0.0 0.0 0.0 1.0 0.0 0.0 0.0 0.0 0.0 0.0 0.0 0.0 1.0 0.0 0.0 0.0 0.0 0.0 0.0 0.0 0.0 0.0 -0.0 -0.0 0.0 0.0 0.0 0.0 0.0 0.0 0.0 0.0 0.0 0.0 0.0 0.0 0.0 0.0 0.0 0.0 0.0 0.0 0.0 0.0
0.0 0.0 0.0 0.0 0.0 0.0 0.0 0.0 1.0 0.0 0.0 1.0 0.0 1.0 0.0 0.0 0.0 0.0 0.0 0.0 0.0 0.0 0.0 1.0 0.0 0.4698260869565217 0.8518518518518519 0.935 0.262 0.41500000000000004 0.14814814814814814 -0.0 0.59 0.31876 0.9259259259259259 0.956 -0.71 0.43 0.10979999999999998 0.7407407407407407 0.954 -0.88 0.657 0.1208181818181818 0.4074074074074074 0.711 -0.28 -0.28 0.4144782608695652 0.8518518518518519 0.95 -0.62 0.244
0.0 0.0 0.0 0.0 0.0 0.0 1.0 0.0 1.0 0.0 0.0 0.0 0.0 0.0 0.0 0.0 0.0 0.0 0.0 0.0 0.0 1.0 0.0 0.0 0.0 0.5044583333333335 0.9230769230769231 0.935 0.127 0.5750000000000001 0.07692307692307693 -0.0 0.34 0.46319999999999995 0.7692307692307693 0.956 -0.77 -0.14 -0.14284999999999998 0.7692307692307693 0.813 -0.79 -0.12 0.3068 0.19230769230769232 0.816 -0.04 0.662 0.4302173913043479 0.8846153846153846 0.935 -0.85 -0.65
0.0 0.0 0.0 0.0 1.0 0.0 0.0 0.0 1.0 0.0 0.0 0.0 0.0 0.0 0.0 0.0 0.0 0.0 0.0 0.0 0.0 0.0 0.0 0.0 1.0 0.33622727272727276 0.8148148148148148 0.966 0.034 0.6699999999999999 0.18518518518518517 -0.0 0.84 0.07580952380952378 0.7777777777777778 0.966 -0.99 0.044 0.07757142857142857 0.7777777777777778 0.885 -0.94 -0.08 -0.022533333333333325 0.5555555555555556 0.82 -0.73 -0.07 0.2381304347826087 0.8518518518518519 0.935 -0.79 -0.02
0.0 0.0 0.0 0.0 0.0 0.0 2.0 0.0 0.0 0.0 1.0 0.0 0.0 0.0 0.0 0.0 0.0 0.0 0.0 0.0 0.0 1.0 0.0 0.0 0.0 0.46487500000000004 0.7619047619047619 0.935 0.08 0.518 0.23809523809523808 -0.0 0.09 0.28557142857142864 0.6666666666666666 0.956 -0.72 -0.03 0.06885714285714284 0.6666666666666666 0.99 -0.87 0.201 0.24655555555555553 0.42857142857142855 0.98 -0.12 -0.04 0.26125000000000004 0.9523809523809523 0.935 -0.88 0.201
0.0 0.0 0.0 0.0 0.0 0.0 0.0 0.0 0.0 0.0 0.0 0.0 0.0 0.0 0.0 0.0 0.0 0.0 0.0 0.0 0.0 0.0 0.0 1.0 0.0 0.39325000000000004 0.6153846153846154 0.935 0.122 0.792 0.38461538461538464 -0.0 0.76 -0.1104166666666667 0.9230769230769231 0.956 -0.91 0.211 0.2688333333333333 0.46153846153846156 0.829 0.0 0.103 0.12050000000000001 0.6153846153846154 0.83 -0.72 -0.08 -0.012692307692307643 1.0 0.914 -0.99 0.256
0.0 0.0 0.0 0.0 1.0 0.0 1.0 0.0 0.0 0.0 0.0 0.0 0.0 0.0 0.0 0.0 0.0 0.0 0.0 0.0 0.0 0.0 0.0 1.0 0.0 0.6347500000000001 0.6666666666666666 0.935 0.935 0.87 0.3333333333333333 -0.0 0.85 0.1262222222222222 0.75 0.956 -0.82 0.956 0.305 0.5 0.82 -0.88 0.141 -0.16999999999999998 0.4166666666666667 0.99 -0.84 -0.09 0.16720000000000002 0.8333333333333334 0.914 -0.96 0.914
0.0 0.0 0.0 0.0 0.0 0.0 0.0 0.0 0.0 0.0 0.0 2.0 0.0 1.0 0.0 0.0 0.0 0.0 0.0 0.0 0.0 0.0 0.0 1.0 0.0 0.6620526315789473 0.6551724137931034 0.949 0.745 0.6890000000000001 0.3448275862068966 -0.0 0.03 0.12067999999999995 0.8620689655172413 0.978 -0.98 0.547 0.113 0.5517241379310345 0.988 -0.94 -0.01 -0.06887499999999999 0.27586206896551724 0.856 -0.96 0.038 0.08704545454545455 0.7586206896551724 0.93 -0.99 -0.07
0.0 0.0 0.0 0.0 0.0 0.0 0.0 0.0 0.0 0.0 0.0 1.0 0.0 0.0 0.0 0.0 0.0 0.0 0.0 0.0 0.0 0.0 0.0 1.0 0.0 0.6178510638297874 0.8103448275862069 0.986 0.935 0.5472727272727271 0.1896551724137931 -0.0 0.02 0.3910000000000002 0.8103448275862069 0.986 -0.96 0.935 0.08537142857142858 0.603448275862069 0.979 -0.94 -0.02 0.07926315789473687 0.3275862068965517 0.882 -0.84 0.042 0.35213043478260864 0.7931034482758621 0.935 -0.78 -0.16
0.0 0.0 0.0 0.0 0.0 1.0 0.0 0.0 0.0 0.0 0.0 0.0 0.0 0.0 0.0 0.0 0.0 0.0 0.0 0.0 0.0 0.0 0.0 1.0 0.0 0.4803 0.8571428571428571 0.935 0.12 0.668 0.14285714285714285 -0.0 0.81 0.234258064516129 0.8857142857142857 0.956 -0.99 0.037 -0.17085 0.5714285714285714 0.728 -0.94 0.177 0.08249999999999998 0.34285714285714286 0.856 -0.73 -0.06 0.44483333333333325 0.8571428571428571 0.935 -0.85 0.147
0.0 0.0 0.0 0.0 0.0 1.0 1.0 0.0 0.0 0.0 0.0 0.0 0.0 0.0 0.0 0.0 0.0 0.0 0.0 0.0 0.0 0.0 1.0 0.0 0.0 0.62185 0.8333333333333334 0.941 0.941 0.8625 0.16666666666666666 -0.0 0.76 0.4338947368421053 0.7916666666666666 0.956 -1.0 0.889 -0.26333333333333336 0.5 0.978 -0.99 -0.94 -0.021999999999999992 0.16666666666666666 0.752 -0.72 0.752 0.3546 0.8333333333333334 0.993 -0.99 0.993
0.0 0.0 0.0 0.0 0.0 0.0 0.0 0.0 2.0 0.0 0.0 0.0 0.0 0.0 0.0 0.0 0.0 0.0 0.0 0.0 0.0 0.0 0.0 1.0 0.0 0.5169444444444444 0.6666666666666666 0.943 0.939 0.6922222222222223 0.3333333333333333 -0.0 0.95 0.09400000000000001 0.7407407407407407 0.921 -1.0 -1.0 0.0928947368421053 0.7037037037037037 0.979 -0.94 0.33 0.02546666666666666 0.5555555555555556 0.856 -0.95 -0.95 0.015333333333333359 0.6666666666666666 0.935 -0.83 -0.74
0.0 0.0 0.0 0.0 0.0 0.0 1.0 0.0 0.0 0.0 0.0 0.0 0.0 0.0 0.0 0.0 0.0 0.0 0.0 0.0 0.0 1.0 0.0 0.0 0.0 0.0 0.0 0.0 0.0 0.83 1.0 -0.0 0.83 -0.71 1.0 0.0 -0.71 -0.71 0.0 0.0 0.0 0.0 0.0 0.83 1.0 0.83 0.0 0.83 -0.96 1.0 0.0 -0.96 -0.96
0.0 0.0 0.0 0.0 0.0 1.0 1.0 0.0 1.0 0.0 0.0 0.0 0.0 1.0 0.0 0.0 0.0 0.0 0.0 0.0 0.0 0.0 0.0 1.0 0.0 0.502547619047619 0.84 0.939 0.748 0.83625 0.16 -0.0 0.89 0.316025641025641 0.78 0.982 -0.96 0.777 -0.15932432432432436 0.74 0.979 -0.99 -0.85 0.15649999999999994 0.32 0.948 -1.0 0.733 0.3070238095238095 0.84 0.935 -1.0 0.615
0.0 0.0 0.0 0.0 0.0 1.0 0.0 0.0 0.0 0.0 0.0 0.0 0.0 0.0 0.0 0.0 0.0 0.0 0.0 0.0 0.0 0.0 0.0 1.0 0.0 0.5625806451612902 0.8611111111111112 0.939 0.875 0.826 0.1388888888888889 -0.0 0.84 0.3410714285714285 0.7777777777777778 0.956 -0.95 0.86 0.058739130434782606 0.6388888888888888 0.979 -0.79 -0.79 -0.039 0.2222222222222222 0.948 -0.91 0.029 0.4492962962962962 0.75 0.935 -0.81 0.875
0.0 0.0 1.0 0.0 0.0 0.0 3.0 0.0 0.0 0.0 0.0 0.0 0.0 1.0 0.0 0.0 0.0 0.0 0.0 0.0 0.0 1.0 0.0 0.0 0.0 0.3184285714285715 0.7777777777777778 0.935 0.059 0.435 0.2222222222222222 -0.0 0.73 -0.024833333333333346 0.6666666666666666 0.956 -0.81 0.083 0.24285714285714285 0.7777777777777778 0.815 -0.03 -0.03 0.1345 0.4444444444444444 0.52 -0.1 -0.1 0.15342857142857141 0.7777777777777778 0.914 -0.87 0.199
0.0 0.0 0.0 0.0 0.0 0.0 0.0 0.0 0.0 0.0 0.0 0.0 0.0 1.0 0.0 0.0 0.0 0.0 0.0 0.0 0.0 0.0 0.0 0.0 0.0 0.47950000000000004 0.6666666666666666 0.925 0.925 0.14 0.3333333333333333 -0.0 0.14 0.12566666666666668 1.0 0.917 -0.44 -0.44 -0.14933333333333335 1.0 0.311 -0.93 0.311 -0.025500000000000002 0.6666666666666666 0.049 -0.1 0.049 -0.11 0.6666666666666666 0.17 -0.39 -0.39
0.0 0.0 0.0 0.0 0.0 0.0 0.0 0.0 0.0 0.0 0.0 1.0 0.0 3.0 0.0 0.0 0.0 0.0 0.0 0.0 0.0 0.0 0.0 1.0 0.0 0.5024285714285714 0.7241379310344828 0.964 0.046 0.6300000000000001 0.27586206896551724 -0.0 0.91 0.11678260869565218 0.7931034482758621 0.965 -0.95 -0.91 0.35633333333333334 0.7241379310344828 0.979 -0.79 0.127 0.10325000000000001 0.41379310344827586 0.886 -0.8 0.886 0.17229999999999998 0.6896551724137931 0.947 -0.95 -0.95
0.0 1.0 0.0 0.0 0.0 1.0 0.0 0.0 1.0 0.0 1.0 0.0 0.0 1.0 0.0 0.0 0.0 0.0 0.0 0.0 1.0 0.0 0.0 0.0 0.0 0.3860909090909091 0.6470588235294118 0.943 0.089 0.7066666666666667 0.35294117647058826 -0.0 0.91 -0.1001666666666667 0.7058823529411765 0.979 -0.91 0.138 0.13175 0.47058823529411764 0.943 -0.94 0.134 0.12319999999999998 0.5882352941176471 0.82 -0.17 -0.06 0.0977857142857143 0.8235294117647058 0.914 -0.85 0.151
0.0 0.0 0.0 0.0 0.0 1.0 0.0 0.0 0.0 0.0 0.0 0.0 0.0 0.0 0.0 0.0 0.0 0.0 0.0 0.0 0.0 0.0 0.0 1.0 0.0 0.5498000000000001 0.625 0.881 0.778 0.6533333333333333 0.375 -0.0 0.91 -0.20739999999999997 0.625 0.728 -0.91 -0.91 0.516 0.625 0.977 0.0 0.23 0.0059999999999999915 0.5 0.694 -0.42 -0.12 0.4046666666666667 0.75 0.939 -0.71 0.851
0.0 1.0 0.0 0.0 0.0 0.0 0.0 0.0 1.0 0.0 1.0 0.0 0.0 2.0 0.0 0.0 0.0 0.0 0.0 0.0 1.0 0.0 0.0 0.0 0.0 0.4918979591836736 0.7777777777777778 0.953 0.042 0.6742857142857143 0.2222222222222222 -0.0 0.08 0.21080769230769236 0.8253968253968254 0.956 -0.99 -0.08 -0.033146341463414636 0.6507936507936508 0.988 -0.94 0.194 0.016874999999999998 0.38095238095238093 0.856 -0.81 -0.1 0.24275862068965517 0.9206349206349206 0.935 -0.86 0.124
0.0 0.0 0.0 0.0 0.0 0.0 0.0 0.0 0.0 0.0 0.0 1.0 0.0 0.0 0.0 0.0 0.0 0.0 0.0 0.0 0.0 0.0 0.0 1.0 0.0 0.57775 0.6666666666666666 0.839 0.704 0.86 0.3333333333333333 -0.0 0.86 -0.006999999999999969 1.0 0.797 -0.99 -0.96 -0.5116666666666667 0.5 0.095 -0.88 -0.75 0.08150000000000002 0.3333333333333333 0.893 -0.73 0.893 0.34400000000000003 0.8333333333333334 0.88 -0.73 -0.73
0.0 0.0 0.0 0.0 0.0 0.0 0.0 0.0 0.0 0.0 0.0 0.0 0.0 1.0 0.0 0.0 0.0 0.0 0.0 0.0 0.0 0.0 0.0 0.0 0.0 0.5763571428571429 0.7777777777777778 0.964 0.147 0.62 0.2222222222222222 -0.0 0.85 0.2301666666666667 0.6666666666666666 0.956 -0.9 -0.61 0.3883636363636364 0.6111111111111112 0.99 -0.79 0.21 0.3075 0.3333333333333333 0.981 -0.11 -0.11 0.16013333333333335 0.8333333333333334 0.964 -0.99 0.345
0.0 0.0 0.0 0.0 0.0 0.0 0.0 0.0 0.0 0.0 0.0 1.0 1.0 0.0 0.0 0.0 0.0 0.0 0.0 0.0 0.0 0.0 0.0 1.0 0.0 0.40604651162790684 0.8113207547169812 0.939 0.811 0.521 0.18867924528301888 -0.0 0.71 0.1922888888888889 0.8490566037735849 0.906 -0.87 0.722 0.09047619047619043 0.7924528301886793 0.979 -0.93 -0.76 0.04071428571428571 0.39622641509433965 0.869 -0.91 -0.09 0.26969999999999994 0.7547169811320755 0.96 -0.9 0.946
0.0 0.0 0.0 0.0 0.0 2.0 1.0 0.0 2.0 0.0 0.0 0.0 0.0 2.0 0.0 0.0 0.0 0.0 0.0 0.0 0.0 0.0 0.0 0.0 0.0 0.5618333333333334 1.0 0.939 0.784 0.0 0.0 -0.0 -0.0 0.578 0.8333333333333334 0.95 -0.1 0.889 0.25181249999999994 0.8888888888888888 0.979 -0.9 -0.9 -0.0682 0.2777777777777778 0.049 -0.11 -0.11 0.5114615384615385 0.7222222222222222 0.935 0.0 0.559
0.0 0.0 0.0 0.0 0.0 2.0 0.0 0.0 3.0 0.0 0.0 1.0 0.0 3.0 0.0 0.0 0.0 0.0 0.0 0.0 0.0 0.0 0.0 0.0 0.0 0.5311666666666667 0.6976744186046512 0.939 0.805 0.7146153846153847 0.3023255813953488 -0.0 0.76 0.05871428571428572 0.813953488372093 0.99 -0.99 -0.61 0.024166666666666666 0.5581395348837209 0.979 -0.95 0.819 0.302 0.46511627906976744 0.856 -0.32 0.856 0.1997297297297297 0.8604651162790697 0.959 -0.89 0.792
0.0 0.0 0.0 0.0 0.0 0.0 1.0 0.0 0.0 0.0 0.0 0.0 0.0 0.0 0.0 0.0 0.0 0.0 0.0 0.0 0.0 0.0 0.0 0.0 0.0 0.07150000000000001 0.4 0.082 0.061 0.8766666666666666 0.6 -0.0 0.92 -0.41325 0.8 0.127 -0.91 -0.91 0.0895 0.4 0.11 0.0 0.11 0.5996666666666667 0.6 0.9 0.0 0.9 -0.4728 1.0 0.16 -0.97 -0.92
0.0 1.0 0.0 0.0 0.0 0.0 0.0 0.0 0.0 0.0 1.0 0.0 0.0 0.0 0.0 0.0 0.0 0.0 0.0 0.0 1.0 0.0 0.0 0.0 0.0 0.0 0.0 0.0 0.0 0.845 1.0 -0.0 0.91 -0.8300000000000001 1.0 0.0 -0.91 -0.91 0.0 0.0 0.0 0.0 0.0 0.82 0.5 0.82 0.0 0.82 0.0 0.0 0.0 0.0 0.0
0.0 0.0 0.0 0.0 0.0 0.0 0.0 0.0 0.0 0.0 0.0 0.0 0.0 0.0 0.0 0.0 0.0 0.0 0.0 0.0 0.0 0.0 0.0 0.0 0.0 0.0 0.0 0.0 0.0 0.8233333333333334 1.0 -0.0 0.91 -0.8033333333333333 1.0 0.0 -0.91 -0.91 0.0 0.0 0.0 0.0 0.0 0.82 0.6666666666666666 0.82 0.0 0.82 0.0 0.0 0.0 0.0 0.0
0.0 0.0 0.0 0.0 0.0 1.0 0.0 0.0 0.0 0.0 0.0 3.0 0.0 3.0 0.0 0.0 0.0 0.0 0.0 0.0 0.0 0.0 0.0 1.0 0.0 0.6070277777777779 0.8780487804878049 0.94 0.856 0.6739999999999999 0.12195121951219512 -0.0 0.84 0.4121515151515151 0.8048780487804879 0.956 -0.8 0.808 -0.0273 0.7317073170731707 0.979 -0.94 0.904 0.0806 0.24390243902439024 0.998 -0.8 0.029 0.4247272727272728 0.8048780487804879 0.959 -0.96 0.149
0.0 0.0 0.0 0.0 0.0 1.0 0.0 0.0 0.0 0.0 0.0 1.0 0.0 0.0 0.0 0.0 0.0 0.0 0.0 0.0 0.0 0.0 1.0 0.0 0.0 0.7516666666666666 0.6666666666666666 0.966 0.073 0.81 0.3333333333333333 -0.0 0.75 0.13671428571428568 0.7777777777777778 0.966 -0.93 0.966 -0.21375 0.4444444444444444 0.888 -0.94 0.077 0.138 0.3333333333333333 0.672 -0.93 0.672 0.014428571428571449 0.7777777777777778 0.914 -0.94 0.068
0.0 0.0 0.0 0.0 1.0 1.0 1.0 0.0 1.0 0.0 0.0 1.0 0.0 0.0 0.0 0.0 0.0 0.0 0.0 0.0 0.0 0.0 1.0 0.0 0.0 0.8287499999999999 0.5714285714285714 0.935 0.821 0.59 0.42857142857142855 -0.0 0.66 -0.18839999999999998 0.7142857142857143 0.956 -0.95 0.956 -0.14175000000000001 0.5714285714285714 0.82 -0.94 0.82 0.2353333333333333 0.42857142857142855 0.721 -0.6 0.585 0.2782857142857143 1.0 0.914 -0.75 0.822
0.0 0.0 0.0 0.0 0.0 0.0 1.0 0.0 1.0 0.0 0.0 0.0 0.0 0.0 0.0 0.0 0.0 0.0 0.0 0.0 0.0 1.0 0.0 0.0 0.0 0.123 0.6 0.22 0.22 0.875 0.4 -0.0 0.86 -0.33140000000000003 1.0 0.324 -0.99 -0.99 0.30200000000000005 0.6 0.461 0.0 0.461 -0.10940000000000001 1.0 0.733 -0.73 -0.73 -0.030999999999999972 0.8 0.442 -0.98 -0.98
0.0 0.0 0.0 0.0 0.0 0.0 0.0 0.0 1.0 1.0 0.0 0.0 0.0 1.0 0.0 0.0 0.0 0.0 0.0 1.0 0.0 0.0 0.0 0.0 0.0 0.5561818181818182 0.9166666666666666 0.939 0.084 0.73 0.08333333333333333 -0.0 0.73 0.3792222222222222 0.75 0.956 -0.85 -0.11 0.13414285714285712 0.5833333333333334 0.979 -0.94 0.283 0.048749999999999995 0.3333333333333333 0.605 -0.16 -0.16 0.40700000000000003 0.8333333333333334 0.98 -0.73 0.331
0.0 0.0 0.0 0.0 0.0 1.0 0.0 0.0 0.0 0.0 0.0 1.0 0.0 0.0 0.0 0.0 0.0 0.0 0.0 0.0 0.0 0.0 0.0 0.0 0.0 0.4545862068965517 0.8285714285714286 0.986 0.817 0.40166666666666667 0.17142857142857143 -0.0 0.05 0.20658620689655174 0.8285714285714286 0.986 -0.98 0.819 0.06087999999999999 0.7142857142857143 0.945 -0.94 0.945 0.007777777777777778 0.2571428571428571 0.552 -0.2 -0.2 0.3349166666666667 0.6857142857142857 0.935 -0.89 0.816
0.0 0.0 0.0 0.0 0.0 0.0 1.0 0.0 0.0 0.0 0.0 0.0 0.0 0.0 0.0 0.0 0.0 0.0 0.0 0.0 0.0 0.0 0.0 1.0 0.0 0.745 1.0 0.746 0.746 0.0 0.0 -0.0 -0.0 0.752 1.0 0.781 0.0 0.723 0.0 0.0 0.0 0.0 0.0 0.0 0.0 0.0 0.0 0.0 0.7375 1.0 0.769 0.0 0.769
0.0 0.0 0.0 0.0 0.0 0.0 1.0 0.0 0.0 1.0 0.0 0.0 0.0 0.0 0.0 0.0 0.0 0.0 0.0 0.0 0.0 0.0 0.0 0.0 0.0 0.579 0.9166666666666666 0.935 0.831 0.66 0.08333333333333333 -0.0 0.66 0.4122222222222222 0.75 0.956 -0.78 0.912 0.2338 0.8333333333333334 0.93 -0.85 0.749 0.07880000000000001 0.4166666666666667 0.585 -0.11 -0.11 0.5087272727272728 0.9166666666666666 0.935 -0.63 0.206
0.0 0.0 0.0 0.0 0.0 0.0 1.0 0.0 1.0 0.0 0.0 0.0 0.0 0.0 0.0 0.0 0.0 0.0 0.0 0.0 0.0 1.0 0.0 0.0 0.0 0.6676 0.8823529411764706 0.953 0.865 0.585 0.11764705882352941 -0.0 0.31 0.4006363636363636 0.6470588235294118 0.978 -0.98 0.978 0.33386666666666664 0.8823529411764706 0.99 -0.9 -0.75 -0.013999999999999978 0.23529411764705882 0.674 -0.42 -0.23 0.42633333333333334 0.5294117647058824 0.914 -0.93 0.782
0.0 0.0 0.0 0.0 0.0 0.0 0.0 0.0 0.0 1.0 0.0 1.0 0.0 0.0 0.0 0.0 0.0 0.0 0.0 1.0 0.0 0.0 0.0 0.0 0.0 0.6078888888888889 0.9 0.939 0.823 0.81 0.1 -0.0 0.81 0.42924999999999996 0.8 0.967 -0.77 0.967 0.427875 0.8 0.979 -0.79 0.795 0.2253333333333333 0.3 0.816 -0.07 -0.07 0.30799999999999994 0.7 0.935 -0.85 0.706
0.0 0.0 0.0 0.0 0.0 0.0 0.0 0.0 0.0 0.0 0.0 1.0 0.0 1.0 0.0 0.0 0.0 0.0 0.0 0.0 0.0 0.0 0.0 0.0 0.0 0.34552000000000005 0.78125 0.935 0.034 0.4828571428571428 0.21875 -0.0 0.78 0.1696923076923077 0.8125 0.989 -0.95 -0.04 0.09645833333333333 0.75 0.773 -0.8 0.172 -0.09449999999999999 0.5 0.82 -0.84 -0.05 0.29340000000000005 0.78125 0.914 -0.73 0.057
0.0 0.0 0.0 0.0 0.0 0.0 1.0 0.0 0.0 0.0 0.0 0.0 0.0 0.0 0.0 0.0 0.0 0.0 0.0 0.0 0.0 1.0 0.0 0.0 0.0 0.6971666666666666 1.0 0.892 0.881 0.0 0.0 -0.0 -0.0 0.6047777777777776 0.75 0.967 0.0 0.06 0.39144444444444443 0.75 0.892 -0.88 0.82 -0.063 0.16666666666666666 0.014 -0.14 0.014 0.6856666666666666 0.75 0.96 0.0 0.881
0.0 0.0 0.0 0.0 0.0 0.0 1.0 0.0 0.0 0.0 0.0 0.0 0.0 0.0 0.0 0.0 0.0 0.0 0.0 0.0 0.0 1.0 0.0 0.0 0.0 0.4365 1.0 0.744 0.129 0.0 0.0 -0.0 -0.0 0.4005 1.0 0.781 0.0 0.02 0.277 0.5 0.277 0.0 0.277 -0.11 0.5 0.0 -0.11 -0.11 0.521 1.0 0.706 0.0 0.336
0.0 0.0 0.0 0.0 0.0 0.0 0.0 0.0 0.0 0.0 0.0 0.0 1.0 0.0 0.0 0.0 0.0 0.0 0.0 0.0 0.0 0.0 0.0 0.0 0.0 0.44475 0.5714285714285714 0.776 0.051 0.32666666666666666 0.42857142857142855 -0.0 0.86 0.13185714285714284 1.0 0.827 -0.87 -0.87 0.38599999999999995 0.42857142857142855 0.726 0.0 0.193 -0.266 0.42857142857142855 0.049 -0.86 -0.86 0.25875 0.5714285714285714 0.706 -0.07 0.053
0.0 0.0 0.0 0.0 0.0 0.0 1.0 0.0 0.0 0.0 0.0 0.0 0.0 0.0 0.0 0.0 0.0 0.0 0.0 0.0 0.0 1.0 0.0 0.0 0.0 0.6265999999999999 0.8928571428571429 0.939 0.823 0.77 0.10714285714285714 -0.0 0.73 0.4692173913043479 0.8214285714285714 0.99 -0.84 0.967 0.072 0.7142857142857143 0.979 -0.89 0.795 -0.00737500000000002 0.2857142857142857 0.748 -0.8 0.513 0.5195416666666667 0.8571428571428571 0.935 -0.86 0.706
0.0 0.0 0.0 0.0 0.0 0.0 1.0 0.0 0.0 0.0 0.0 0.0 0.0 0.0 0.0 0.0 0.0 0.0 0.0 0.0 0.0 1.0 0.0 0.0 0.0 0.5683333333333334 0.9545454545454546 0.939 0.903 0.05 0.045454545454545456 -0.0 0.05 0.626 0.6818181818181818 0.97 -0.04 0.746 0.16875 0.7272727272727273 0.979 -0.94 0.97 0.04833333333333333 0.2727272727272727 0.773 -0.32 0.773 0.5641764705882353 0.7727272727272727 0.994 -0.03 0.994
0.0 0.0 0.0 0.0 0.0 0.0 1.0 0.0 0.0 0.0 0.0 1.0 0.0 1.0 0.0 0.0 0.0 0.0 0.0 0.0 0.0 1.0 0.0 0.0 0.0 0.507175 0.9302325581395349 0.951 0.823 0.8366666666666666 0.06976744186046512 -0.0 0.82 0.398516129032258 0.7209302325581395 0.967 -0.74 0.967 0.024437499999999987 0.7441860465116279 0.979 -0.95 0.795 -0.045636363636363635 0.2558139534883721 0.932 -0.91 -0.05 0.4475555555555556 0.8372093023255814 0.99 -0.96 0.706
0.0 0.0 0.0 0.0 0.0 0.0 2.0 0.0 0.0 0.0 0.0 0.0 0.0 0.0 0.0 0.0 0.0 0.0 0.0 0.0 0.0 1.0 0.0 0.0 0.0 0.45389999999999997 0.8333333333333334 0.917 0.045 0.675 0.16666666666666666 -0.0 0.65 0.153 0.9166666666666666 0.905 -0.86 -0.07 0.10512500000000001 0.6666666666666666 0.917 -0.88 0.079 0.19574999999999998 0.3333333333333333 0.614 -0.34 0.609 0.29630000000000006 0.8333333333333334 0.935 -0.74 0.129
0.0 0.0 0.0 0.0 0.0 2.0 1.0 0.0 0.0 0.0 0.0 1.0 0.0 2.0 0.0 0.0 0.0 0.0 0.0 0.0 0.0 1.0 0.0 0.0 0.0 0.48429230769230797 0.9027777777777778 0.939 0.039 0.36428571428571427 0.09722222222222222 -0.0 0.05 0.3923770491803281 0.8472222222222222 0.982 -0.72 -0.05 0.08129411764705878 0.7083333333333334 0.979 -0.79 0.161 -0.12320000000000002 0.3472222222222222 0.918 -0.97 -0.12 0.41847761194029864 0.9305555555555556 0.947 -0.81 0.181
0.0 0.0 0.0 0.0 0.0 0.0 1.0 0.0 0.0 0.0 0.0 0.0 0.0 0.0 0.0 0.0 0.0 0.0 0.0 0.0 0.0 0.0 0.0 1.0 0.0 0.473 0.8 0.853 0.119 0.75 0.2 -0.0 0.75 0.18174999999999997 0.8 0.842 -0.89 -0.04 0.5262499999999999 0.8 0.829 0.0 0.26 0.114 0.6 0.672 -0.2 -0.13 0.34260000000000007 1.0 0.893 -0.69 0.236
0.0 0.0 0.0 0.0 0.0 0.0 2.0 0.0 0.0 0.0 0.0 0.0 0.0 0.0 0.0 0.0 0.0 0.0 0.0 0.0 0.0 1.0 0.0 0.0 0.0 0.8163333333333332 0.75 0.905 0.8 0.82 0.25 -0.0 0.82 0.44225000000000003 1.0 0.962 -0.84 0.866 -0.03500000000000003 0.5 0.82 -0.89 0.82 -0.8 0.25 0.0 -0.8 -0.8 0.758 0.75 0.855 0.0 0.713
0.0 0.0 0.0 0.0 0.0 0.0 0.0 0.0 1.0 1.0 0.0 0.0 0.0 1.0 0.0 0.0 0.0 0.0 0.0 1.0 0.0 0.0 0.0 0.0 0.0 0.5996 0.7142857142857143 0.935 0.789 0.76 0.2857142857142857 -0.0 0.94 0.26490909090909087 0.7857142857142857 0.995 -0.91 0.633 -0.22160000000000002 0.7142857142857143 0.829 -0.94 -0.79 0.008857142857142866 0.5 0.992 -0.94 -0.94 0.30246153846153845 0.9285714285714286 0.935 -0.99 0.935
0.0 0.0 0.0 0.0 0.0 0.0 1.0 0.0 0.0 0.0 0.0 0.0 0.0 0.0 0.0 0.0 0.0 0.0 0.0 0.0 0.0 0.0 0.0 0.0 0.0 0.9006666666666666 1.0 0.943 0.926 0.0 0.0 -0.0 -0.0 0.9405 0.6666666666666666 0.961 0.0 0.961 0.3263333333333333 1.0 0.943 -0.88 0.916 0.0 0.0 0.0 0.0 0.0 0.798 0.6666666666666666 0.901 0.0 0.901
0.0 0.0 0.0 0.0 0.0 0.0 1.0 0.0 0.0 1.0 0.0 0.0 0.0 0.0 0.0 0.0 0.0 0.0 0.0 1.0 0.0 0.0 0.0 0.0 0.0 0.6294 1.0 0.903 0.73 0.0 0.0 -0.0 -0.0 0.6993636363636363 0.7333333333333333 0.97 0.0 0.06 0.17309999999999998 0.6666666666666666 0.97 -0.88 0.73 0.3935 0.13333333333333333 0.773 0.0 0.014 0.6924615384615387 0.8666666666666667 0.994 0.0 0.089
0.0 0.0 0.0 0.0 0.0 0.0 1.0 0.0 0.0 0.0 0.0 0.0 0.0 1.0 0.0 0.0 0.0 0.0 0.0 0.0 0.0 1.0 0.0 0.0 0.0 0.6128181818181817 0.9166666666666666 0.952 0.952 0.66 0.08333333333333333 -0.0 0.66 0.5345000000000001 1.0 0.978 -0.78 0.95 0.1728 0.8333333333333334 0.97 -0.88 0.953 0.22519999999999998 0.4166666666666667 0.773 -0.17 0.028 0.549125 0.6666666666666666 0.994 -0.63 0.994
1.0 0.0 0.0 0.0 0.0 0.0 0.0 0.0 0.0 2.0 0.0 0.0 0.0 0.0 0.0 0.0 0.0 0.0 0.0 1.0 0.0 0.0 0.0 0.0 0.0 0.805 1.0 0.805 0.805 0.0 0.0 -0.0 -0.0 0.722 1.0 0.722 0.0 0.722 0.798 1.0 0.798 0.0 0.798 0.0 0.0 0.0 0.0 0.0 0.896 1.0 0.896 0.0 0.896
0.0 0.0 0.0 0.0 0.0 0.0 1.0 0.0 0.0 0.0 0.0 0.0 0.0 1.0 0.0 0.0 0.0 0.0 0.0 0.0 0.0 1.0 0.0 0.0 0.0 0.5055714285714287 0.8235294117647058 0.935 0.823 0.8300000000000001 0.17647058823529413 -0.0 0.76 0.31753846153846155 0.7647058823529411 0.967 -0.8 0.967 0.42590000000000006 0.5882352941176471 0.966 -0.74 0.795 0.12766666666666668 0.35294117647058826 0.98 -0.8 0.856 0.14871428571428574 0.8235294117647058 0.914 -0.96 0.706
0.0 0.0 0.0 0.0 0.0 0.0 0.0 0.0 0.0 0.0 0.0 0.0 0.0 0.0 0.0 0.0 0.0 0.0 0.0 0.0 0.0 0.0 0.0 1.0 0.0 0.6013333333333333 0.6923076923076923 0.935 0.849 0.5950000000000001 0.3076923076923077 -0.0 0.02 0.15633333333333332 0.9230769230769231 0.956 -0.94 -0.03 0.13744444444444445 0.6923076923076923 0.85 -0.79 0.85 0.10900000000000001 0.38461538461538464 0.557 -0.05 -0.04 0.4535 0.6153846153846154 0.935 -0.71 0.847
0.0 0.0 0.0 0.0 0.0 0.0 1.0 0.0 2.0 0.0 0.0 0.0 0.0 1.0 0.0 0.0 0.0 0.0 0.0 0.0 0.0 1.0 0.0 0.0 0.0 0.6156666666666667 0.8 0.971 0.971 0.7966666666666667 0.2 -0.0 0.81 0.3645555555555556 0.6 0.967 -0.77 0.943 0.6044285714285714 0.4666666666666667 0.999 0.0 0.999 0.16019999999999998 0.3333333333333333 0.816 -0.7 0.816 0.18433333333333335 0.8 0.914 -0.85 0.706
0.0 0.0 0.0 0.0 1.0 0.0 1.0 0.0 1.0 0.0 0.0 0.0 0.0 1.0 0.0 0.0 0.0 0.0 0.0 0.0 0.0 0.0 0.0 0.0 0.0 0.4531176470588236 0.7727272727272727 0.943 0.141 0.728 0.22727272727272727 -0.0 0.96 0.14300000000000002 0.7272727272727273 0.95 -0.95 -0.04 0.22235714285714284 0.6363636363636364 0.943 -0.79 0.182 0.31645454545454543 0.5 0.971 -0.18 -0.08 0.2729444444444445 0.8181818181818182 0.969 -0.75 0.141
0.0 0.0 1.0 0.0 0.0 0.0 3.0 0.0 0.0 0.0 0.0 4.0 0.0 0.0 0.0 0.0 0.0 0.0 0.0 0.0 0.0 0.0 0.0 1.0 0.0 0.398625 0.6666666666666666 0.935 0.935 0.30250000000000005 0.3333333333333333 -0.0 0.07 0.046999999999999986 1.0 0.956 -0.78 -0.07 0.29512499999999997 0.6666666666666666 0.794 0.0 0.199 -0.11916666666666666 0.5 0.585 -0.44 -0.11 0.1992 0.8333333333333334 0.914 -0.63 0.914
0.0 0.0 0.0 0.0 0.0 0.0 1.0 0.0 0.0 1.0 0.0 0.0 0.0 0.0 0.0 0.0 0.0 0.0 0.0 1.0 0.0 0.0 0.0 0.0 0.0 0.65875 0.8 0.823 0.823 0.93 0.2 -0.0 0.93 0.4316 1.0 0.967 -0.87 0.967 -0.037000000000000005 0.8 0.795 -0.79 0.795 0.31800000000000006 0.4 0.936 -0.3 -0.3 0.3548 1.0 0.935 -0.98 0.706
0.0 0.0 0.0 0.0 0.0 0.0 1.0 0.0 0.0 0.0 0.0 0.0 0.0 1.0 0.0 0.0 0.0 0.0 0.0 0.0 0.0 1.0 0.0 0.0 0.0 0.397 0.8181818181818182 0.943 0.061 0.5625 0.18181818181818182 -0.0 0.76 0.15455555555555553 0.8181818181818182 0.92 -0.78 -0.12 0.09927777777777774 0.8181818181818182 0.963 -0.88 0.239 0.16836363636363633 0.5 0.856 -0.21 -0.07 0.1677777777777778 0.8181818181818182 0.935 -0.82 0.203
0.0 0.0 0.0 0.0 0.0 0.0 1.0 0.0 1.0 0.0 0.0 0.0 0.0 3.0 0.0 0.0 0.0 0.0 0.0 0.0 0.0 1.0 0.0 0.0 0.0 0.5829387755102041 0.9607843137254902 0.939 0.884 0.76 0.0392156862745098 -0.0 0.76 0.5004444444444444 0.7058823529411765 0.97 -0.72 0.929 0.13926190476190475 0.8235294117647058 0.99 -0.94 0.861 0.08174999999999999 0.3137254901960784 0.773 -0.26 0.028 0.5341190476190475 0.8235294117647058 0.994 -0.81 0.862
0.0 0.0 0.0 0.0 0.0 0.0 2.0 0.0 0.0 0.0 0.0 0.0 0.0 0.0 0.0 0.0 0.0 0.0 0.0 0.0 0.0 1.0 0.0 0.0 0.0 0.485 1.0 0.789 0.097 0.0 0.0 -0.0 -0.0 0.7133333333333334 0.75 0.781 0.0 0.633 -0.14650000000000002 0.5 0.497 -0.79 -0.79 -0.3 0.25 0.0 -0.3 -0.3 0.51575 1.0 0.935 0.0 0.097
0.0 0.0 0.0 0.0 0.0 0.0 1.0 0.0 0.0 0.0 0.0 2.0 0.0 0.0 0.0 0.0 0.0 0.0 0.0 0.0 0.0 0.0 0.0 1.0 0.0 0.5292 1.0 0.864 0.864 0.0 0.0 -0.0 -0.0 0.4215 0.4 0.781 0.0 0.062 0.4033333333333333 0.6 0.82 0.0 0.097 -0.18 0.2 0.0 -0.18 -0.18 0.56 1.0 0.864 0.0 0.864
0.0 0.0 0.0 0.0 0.0 0.0 1.0 0.0 0.0 0.0 0.0 0.0 0.0 0.0 0.0 0.0 0.0 0.0 0.0 0.0 0.0 1.0 0.0 0.0 0.0 0.7033333333333333 1.0 0.903 0.903 0.0 0.0 -0.0 -0.0 0.8793333333333333 1.0 0.97 0.0 0.746 0.873 0.6666666666666666 0.97 0.0 0.97 0.773 0.3333333333333333 0.773 0.0 0.773 0.9359999999999999 0.6666666666666666 0.994 0.0 0.994
0.0 0.0 0.0 0.0 0.0 0.0 1.0 0.0 0.0 0.0 0.0 0.0 0.0 0.0 0.0 0.0 0.0 0.0 0.0 0.0 0.0 0.0 0.0 0.0 0.0 0.54135 0.8333333333333334 0.939 0.316 0.6575 0.16666666666666666 -0.0 0.86 0.3255652173913043 0.9583333333333334 0.967 -0.95 0.703 0.23794736842105257 0.7916666666666666 0.979 -0.93 0.534 0.254 0.2916666666666667 0.971 -0.21 -0.21 0.29027777777777775 0.75 0.935 -0.86 0.243
0.0 0.0 0.0 0.0 0.0 0.0 1.0 0.0 0.0 0.0 0.0 1.0 0.0 0.0 0.0 0.0 0.0 0.0 0.0 0.0 0.0 1.0 0.0 0.0 0.0 0.435 1.0 0.903 0.903 0.0 0.0 -0.0 -0.0 0.44476923076923075 0.8666666666666667 0.97 -0.05 0.746 0.42015384615384616 0.8666666666666667 0.97 -0.81 0.97 0.0504 0.3333333333333333 0.773 -0.28 -0.28 0.4288 0.6666666666666666 0.994 0.0 0.994
0.0 0.0 0.0 0.0 0.0 0.0 0.0 0.0 0.0 0.0 0.0 0.0 0.0 1.0 0.0 0.0 0.0 0.0 0.0 0.0 0.0 0.0 0.0 1.0 0.0 0.4544545454545455 0.7857142857142857 0.939 0.939 0.8633333333333333 0.21428571428571427 -0.0 0.83 0.04622222222222224 0.6428571428571429 0.903 -0.95 -0.78 0.19544444444444442 0.6428571428571429 0.979 -0.81 0.979 -0.14342857142857143 0.5 0.754 -0.95 0.754 0.2499 0.7142857142857143 0.895 -0.96 -0.96
0.0 0.0 0.0 0.0 0.0 0.0 0.0 0.0 0.0 0.0 0.0 2.0 0.0 0.0 0.0 0.0 0.0 0.0 0.0 0.0 0.0 0.0 0.0 0.0 0.0 0.388 0.9444444444444444 0.935 0.823 0.82 0.05555555555555555 -0.0 0.82 0.24975000000000003 0.8888888888888888 0.967 -0.9 0.967 0.2069285714285714 0.7777777777777778 0.984 -0.79 0.795 0.022625000000000006 0.4444444444444444 0.841 -0.15 0.841 0.34976470588235303 0.9444444444444444 0.935 -0.73 0.706
0.0 0.0 0.0 0.0 0.0 0.0 1.0 0.0 0.0 0.0 0.0 0.0 0.0 0.0 0.0 0.0 0.0 0.0 0.0 0.0 0.0 1.0 0.0 0.0 0.0 0.5855 0.5454545454545454 0.936 0.778 0.6599999999999999 0.45454545454545453 -0.0 0.85 0.026800000000000025 0.9090909090909091 0.91 -0.99 -0.8 0.03050000000000001 0.5454545454545454 0.963 -0.95 -0.95 -0.016400000000000015 0.45454545454545453 0.827 -0.8 -0.77 -0.06599999999999998 0.7272727272727273 0.935 -0.99 -0.99
0.0 0.0 2.0 0.0 0.0 0.0 6.0 0.0 0.0 0.0 0.0 0.0 0.0 0.0 0.0 0.0 0.0 0.0 0.0 0.0 0.0 1.0 0.0 0.0 0.0 0.4308181818181817 0.9166666666666666 0.892 0.823 0.81 0.08333333333333333 -0.0 0.81 0.31766666666666665 0.75 0.967 -0.77 0.967 0.44933333333333336 0.75 0.954 0.0 0.795 0.363 0.16666666666666666 0.816 -0.09 0.816 0.15244444444444444 0.75 0.706 -0.85 0.706
0.0 0.0 0.0 0.0 0.0 1.0 1.0 0.0 0.0 0.0 0.0 2.0 0.0 0.0 0.0 0.0 0.0 0.0 0.0 0.0 0.0 1.0 0.0 0.0 0.0 0.671142857142857 1.0 0.935 0.846 0.0 0.0 -0.0 -0.0 0.514 0.5714285714285714 0.956 0.0 0.195 0.09000000000000001 0.8571428571428571 0.954 -0.94 -0.94 -0.2 0.2857142857142857 0.0 -0.27 -0.27 0.6268 0.7142857142857143 0.914 0.0 0.744
0.0 0.0 0.0 0.0 0.0 0.0 2.0 0.0 0.0 0.0 0.0 0.0 0.0 0.0 0.0 0.0 0.0 0.0 0.0 0.0 0.0 0.0 0.0 1.0 0.0 0.5663750000000001 1.0 0.883 0.812 0.0 0.0 -0.0 -0.0 0.5234 0.625 0.905 0.0 0.802 -0.08662499999999997 1.0 0.795 -1.0 0.795 -0.115 0.25 0.0 -0.13 -0.1 0.5740000000000001 0.875 0.934 0.0 0.839
0.0 0.0 0.0 0.0 1.0 0.0 1.0 0.0 0.0 0.0 0.0 1.0 0.0 0.0 0.0 0.0 0.0 0.0 0.0 0.0 0.0 1.0 0.0 0.0 0.0 0.6221818181818182 0.7333333333333333 0.935 0.028 0.5175 0.26666666666666666 -0.0 0.84 0.25575 0.8 0.956 -0.87 0.056 0.1568 0.6666666666666666 0.99 -0.79 -0.01 0.151 0.4666666666666667 0.948 -0.6 0.036 0.5396666666666667 0.8 0.935 -0.81 0.073
0.0 0.0 0.0 0.0 0.0 3.0 0.0 0.0 0.0 0.0 0.0 2.0 0.0 0.0 0.0 0.0 0.0 0.0 0.0 0.0 0.0 0.0 1.0 0.0 0.0 0.6310370370370372 0.7297297297297297 0.986 0.089 0.492 0.2702702702702703 -0.0 0.01 0.32765625 0.8648648648648649 0.986 -0.98 0.138 0.21323809523809528 0.5675675675675675 0.989 -0.91 0.134 0.22224999999999995 0.32432432432432434 0.816 -0.23 -0.06 0.15129629629629632 0.7297297297297297 0.969 -0.96 0.151
0.0 0.0 0.0 0.0 1.0 0.0 0.0 0.0 0.0 0.0 0.0 0.0 0.0 0.0 0.0 0.0 0.0 0.0 0.0 0.0 0.0 0.0 0.0 0.0 0.0 0.20714285714285713 0.5833333333333334 0.869 0.082 0.8320000000000001 0.4166666666666667 -0.0 0.93 -0.4553333333333333 0.75 0.17 -0.95 -0.87 0.28559999999999997 0.4166666666666667 0.794 0.0 0.168 -0.23883333333333337 0.5 0.936 -0.8 0.936 0.003499999999999991 0.6666666666666666 0.944 -0.98 0.082
0.0 0.0 0.0 0.0 0.0 0.0 0.0 0.0 0.0 0.0 0.0 0.0 0.0 0.0 0.0 0.0 0.0 0.0 0.0 0.0 0.0 0.0 0.0 1.0 0.0 0.4889999999999999 0.5833333333333334 0.935 0.837 0.73 0.4166666666666667 -0.0 0.93 -0.048090909090909115 0.9166666666666666 0.956 -0.99 -0.99 -0.2314285714285714 0.5833333333333334 0.331 -0.98 -0.98 0.27166666666666667 0.5 0.936 -0.15 0.841 0.07881818181818184 0.9166666666666666 0.914 -0.98 -0.88
0.0 0.0 0.0 0.0 0.0 0.0 1.0 0.0 0.0 0.0 0.0 0.0 0.0 0.0 0.0 0.0 0.0 0.0 0.0 0.0 0.0 1.0 0.0 0.0 0.0 0.939 0.3333333333333333 0.939 0.939 0.395 0.6666666666666666 -0.0 0.65 -0.157 1.0 0.899 -0.93 -0.93 0.645 0.6666666666666666 0.979 0.0 0.979 0.07250000000000001 0.6666666666666666 0.096 0.0 0.096 -0.655 0.6666666666666666 0.0 -0.92 -0.92
0.0 0.0 0.0 0.0 0.0 0.0 0.0 0.0 0.0 0.0 0.0 0.0 0.0 1.0 0.0 0.0 0.0 0.0 0.0 0.0 0.0 0.0 0.0 1.0 0.0 0.4622 0.7142857142857143 0.935 0.935 0.6050000000000001 0.2857142857142857 -0.0 0.66 0.18684615384615386 0.9285714285714286 0.956 -0.94 -0.78 0.06414285714285715 0.5 0.311 -0.59 0.311 0.10071428571428573 0.5 0.991 -0.74 0.585 0.16392857142857145 1.0 0.914 -0.78 -0.63
0.0 0.0 0.0 0.0 0.0 0.0 1.0 0.0 0.0 0.0 0.0 0.0 0.0 0.0 0.0 0.0 0.0 0.0 0.0 0.0 0.0 1.0 0.0 0.0 0.0 0.821 0.5 0.821 0.821 0.7 0.5 -0.0 0.7 0.0 0.0 0.0 0.0 0.0 0.82 0.5 0.82 0.0 0.82 -0.7 0.5 0.0 -0.7 -0.7 0.822 0.5 0.822 0.0 0.822
0.0 0.0 0.0 0.0 0.0 2.0 0.0 0.0 0.0 0.0 0.0 0.0 0.0 2.0 0.0 0.0 0.0 0.0 0.0 0.0 0.0 0.0 1.0 0.0 0.0 0.4971999999999999 0.46875 0.943 0.789 0.72 0.53125 -0.0 0.93 -0.25254166666666666 0.75 0.956 -0.99 -0.99 0.13678571428571432 0.4375 0.943 -0.94 -0.79 0.0994705882352941 0.53125 0.99 -0.99 0.936 -0.19959259259259257 0.84375 0.935 -1.0 -0.88
0.0 0.0 0.0 0.0 0.0 0.0 0.0 0.0 0.0 0.0 0.0 2.0 0.0 2.0 0.0 0.0 0.0 0.0 0.0 0.0 0.0 0.0 0.0 1.0 0.0 0.4415 0.5161290322580645 0.935 0.935 0.48599999999999993 0.4838709677419355 -0.0 0.1 -0.025214285714285713 0.9032258064516129 0.956 -0.96 -0.15 -7.333333333333238E-4 0.4838709677419355 0.738 -0.94 0.085 -0.14873333333333336 0.4838709677419355 0.856 -0.92 0.029 0.04085185185185187 0.8709677419354839 0.935 -0.96 -0.11
0.0 0.0 0.0 0.0 0.0 0.0 1.0 0.0 1.0 0.0 0.0 0.0 0.0 0.0 0.0 0.0 0.0 0.0 0.0 0.0 0.0 1.0 0.0 0.0 0.0 0.5620000000000002 0.8095238095238095 0.939 0.748 0.595 0.19047619047619047 -0.0 0.35 0.4102187499999999 0.7619047619047619 0.99 -0.93 0.777 0.15236666666666662 0.7142857142857143 0.979 -0.88 -0.85 0.26725 0.19047619047619047 0.948 -0.93 0.694 0.33765625 0.7619047619047619 0.914 -0.94 0.615
0.0 0.0 0.0 0.0 0.0 1.0 0.0 0.0 0.0 0.0 0.0 0.0 0.0 1.0 0.0 0.0 0.0 0.0 0.0 0.0 0.0 0.0 1.0 0.0 0.0 0.846 1.0 0.846 0.846 0.0 0.0 -0.0 -0.0 0.0 0.0 0.0 0.0 0.0 -0.94 1.0 0.0 -0.94 -0.94 0.0 0.0 0.0 0.0 0.0 0.744 1.0 0.744 0.0 0.744
0.0 0.0 1.0 0.0 0.0 0.0 2.0 0.0 1.0 0.0 0.0 0.0 0.0 0.0 0.0 0.0 0.0 0.0 0.0 0.0 0.0 1.0 0.0 0.0 0.0 0.4127500000000001 0.9230769230769231 0.97 0.034 0.7 0.07692307692307693 -0.0 0.74 0.3289047619047619 0.8076923076923077 0.973 -0.82 0.094 0.21947368421052627 0.7307692307692307 0.991 -0.88 -0.03 0.14385714285714285 0.2692307692307692 0.694 -0.12 0.028 0.26805 0.7692307692307693 0.935 -0.71 0.705
0.0 0.0 0.0 0.0 0.0 1.0 0.0 0.0 0.0 0.0 0.0 0.0 0.0 1.0 0.0 0.0 0.0 0.0 0.0 0.0 0.0 0.0 0.0 1.0 0.0 0.6245833333333334 0.8571428571428571 0.943 0.86 0.755 0.14285714285714285 -0.0 0.77 0.2684285714285714 0.5 0.956 -0.85 0.932 0.3491818181818182 0.7857142857142857 0.99 -0.78 -0.78 -0.0815 0.2857142857142857 0.584 -0.8 -0.04 0.4096 0.7142857142857143 0.914 -0.79 0.782
0.0 0.0 0.0 0.0 0.0 0.0 1.0 0.0 0.0 0.0 0.0 0.0 0.0 0.0 0.0 0.0 0.0 0.0 0.0 0.0 0.0 1.0 0.0 0.0 0.0 0.8125 1.0 0.881 0.881 0.0 0.0 -0.0 -0.0 0.8305 1.0 0.88 0.0 0.88 0.882 0.5 0.882 0.0 0.882 0.0 0.0 0.0 0.0 0.0 0.706 0.5 0.706 0.0 0.706
0.0 0.0 0.0 0.0 0.0 0.0 1.0 0.0 0.0 0.0 0.0 0.0 0.0 0.0 0.0 0.0 0.0 0.0 0.0 0.0 0.0 1.0 0.0 0.0 0.0 0.6338333333333334 1.0 0.939 0.903 0.0 0.0 -0.0 -0.0 0.6754999999999999 1.0 0.97 -0.05 0.746 0.41839999999999994 0.8333333333333334 0.979 -0.91 0.97 0.34650000000000003 0.3333333333333333 0.773 -0.08 0.773 0.6455 0.6666666666666666 0.994 0.0 0.994
0.0 0.0 0.0 0.0 1.0 0.0 1.0 0.0 0.0 0.0 0.0 0.0 0.0 0.0 0.0 0.0 0.0 0.0 0.0 0.0 0.0 0.0 0.0 0.0 1.0 0.6788333333333334 0.8571428571428571 0.846 0.774 0.78 0.14285714285714285 -0.0 0.78 0.40166666666666667 0.8571428571428571 0.87 -0.75 0.87 0.013800000000000034 0.7142857142857143 0.892 -0.94 -0.94 0.501 0.2857142857142857 0.82 0.0 0.182 0.6254 0.7142857142857143 0.79 0.0 0.508
0.0 0.0 0.0 0.0 0.0 0.0 1.0 0.0 0.0 0.0 0.0 0.0 0.0 1.0 0.0 0.0 0.0 0.0 0.0 0.0 0.0 0.0 0.0 1.0 0.0 0.4064 0.8333333333333334 0.935 0.341 0.53 0.16666666666666666 -0.0 0.24 0.32933333333333326 0.75 1.0 -0.69 -0.37 0.020624999999999984 0.6666666666666666 0.597 -0.67 0.597 -0.007833333333333331 0.5 0.883 -0.3 -0.3 0.3026666666666667 1.0 0.914 -0.91 -0.07
0.0 0.0 0.0 0.0 0.0 0.0 1.0 0.0 0.0 0.0 0.0 0.0 0.0 0.0 0.0 0.0 0.0 0.0 0.0 0.0 0.0 1.0 0.0 0.0 0.0 0.33416666666666667 1.0 0.87 0.746 0.0 0.0 -0.0 -0.0 0.475 0.6666666666666666 0.88 0.0 0.723 0.27799999999999997 0.6666666666666666 0.86 0.0 0.107 0.055 0.3333333333333333 0.081 0.0 0.081 0.2726 0.8333333333333334 0.769 0.0 0.769
0.0 0.0 0.0 0.0 0.0 0.0 1.0 0.0 0.0 0.0 0.0 3.0 0.0 0.0 0.0 0.0 0.0 0.0 0.0 0.0 0.0 1.0 0.0 0.0 0.0 0.3698461538461538 0.9285714285714286 0.959 0.959 0.035 0.07142857142857142 -0.0 0.02 0.3528095238095238 0.75 0.967 -0.05 0.934 0.1416 0.8928571428571429 0.983 -0.99 0.983 -0.038153846153846156 0.4642857142857143 0.077 -0.13 0.049 0.37556521739130433 0.8214285714285714 0.935 0.0 0.706
0.0 0.0 0.0 0.0 0.0 0.0 1.0 0.0 0.0 0.0 0.0 1.0 0.0 0.0 0.0 0.0 0.0 0.0 0.0 0.0 0.0 1.0 0.0 0.0 0.0 0.3914000000000001 1.0 0.935 0.057 0.0 0.0 -0.0 -0.0 0.662 0.5333333333333333 0.99 -0.03 0.694 0.10533333333333332 0.8 0.832 -0.79 -0.04 -0.06420000000000001 0.3333333333333333 0.049 -0.17 -0.06 0.45084615384615384 0.8666666666666667 0.935 0.0 0.069
0.0 0.0 0.0 0.0 0.0 0.0 0.0 0.0 0.0 0.0 0.0 0.0 0.0 0.0 0.0 0.0 0.0 0.0 0.0 0.0 0.0 0.0 0.0 1.0 0.0 0.5068571428571429 0.875 0.933 0.091 0.1 0.125 -0.0 0.1 0.39762500000000006 1.0 0.922 -0.15 -0.05 0.30749999999999994 0.75 0.945 -0.65 0.278 -0.0455 0.5 0.049 -0.17 -0.17 0.3765 0.75 0.788 -0.11 0.319
0.0 0.0 0.0 0.0 0.0 0.0 0.0 0.0 0.0 0.0 0.0 5.0 0.0 1.0 0.0 0.0 0.0 0.0 0.0 0.0 0.0 0.0 0.0 1.0 0.0 0.46593333333333337 0.8823529411764706 0.935 0.8 0.595 0.11764705882352941 -0.0 0.67 0.33722222222222215 0.7941176470588235 0.956 -0.9 0.825 0.13109090909090906 0.6470588235294118 0.92 -0.94 0.775 0.015933333333333348 0.4411764705882353 0.932 -0.34 0.03 0.32349999999999995 0.8823529411764706 0.98 -0.99 0.136
0.0 0.0 0.0 0.0 0.0 0.0 1.0 0.0 0.0 0.0 0.0 0.0 0.0 0.0 0.0 0.0 0.0 0.0 0.0 0.0 0.0 1.0 0.0 0.0 0.0 0.591 1.0 0.857 0.07 0.0 0.0 -0.0 -0.0 0.464 0.6666666666666666 0.905 0.0 0.023 0.06533333333333334 1.0 0.773 -0.75 0.173 -0.09 0.3333333333333333 0.0 -0.09 -0.09 0.6693333333333333 1.0 0.934 0.0 0.182
0.0 0.0 0.0 0.0 0.0 1.0 1.0 0.0 1.0 0.0 0.0 0.0 0.0 2.0 0.0 0.0 0.0 0.0 0.0 0.0 0.0 1.0 0.0 0.0 0.0 0.603888888888889 0.84375 0.943 0.693 0.756 0.15625 -0.0 0.78 0.30603571428571424 0.875 0.967 -0.81 0.691 0.1495 0.75 0.99 -0.88 -0.5 0.22154545454545452 0.34375 0.82 -0.13 0.028 0.34395652173913044 0.71875 0.969 -0.87 0.882
0.0 0.0 0.0 0.0 0.0 0.0 1.0 0.0 0.0 0.0 0.0 0.0 0.0 0.0 0.0 0.0 0.0 0.0 0.0 0.0 0.0 1.0 0.0 0.0 0.0 0.0 0.0 0.0 0.0 0.93 1.0 -0.0 0.93 -0.87 1.0 0.0 -0.87 -0.87 0.0 0.0 0.0 0.0 0.0 0.936 1.0 0.936 0.0 0.936 -0.98 1.0 0.0 -0.98 -0.98
0.0 0.0 1.0 0.0 0.0 0.0 2.0 0.0 0.0 1.0 0.0 0.0 0.0 0.0 0.0 0.0 0.0 0.0 0.0 0.0 0.0 1.0 0.0 0.0 0.0 0.5756666666666667 0.75 0.883 0.746 0.66 0.25 -0.0 0.66 0.1875 1.0 0.765 -0.78 0.723 -0.33099999999999996 0.5 0.338 -1.0 0.338 0.1875 0.5 0.585 -0.21 -0.21 0.12366666666666666 0.75 0.769 -0.63 0.769
0.0 0.0 0.0 0.0 0.0 0.0 1.0 0.0 1.0 0.0 0.0 0.0 0.0 0.0 0.0 0.0 0.0 0.0 0.0 0.0 0.0 0.0 0.0 0.0 0.0 0.4030000000000001 0.8666666666666667 0.935 0.186 0.48750000000000004 0.13333333333333333 -0.0 0.04 0.31116000000000005 0.8333333333333334 0.956 -0.75 -0.06 0.28700000000000003 0.7 0.924 -0.79 0.29 0.04 0.4666666666666667 0.845 -0.21 0.026 0.3184166666666667 0.8 0.935 -0.99 0.418
0.0 0.0 0.0 0.0 0.0 0.0 1.0 0.0 0.0 0.0 0.0 5.0 0.0 0.0 0.0 0.0 0.0 0.0 0.0 0.0 0.0 0.0 0.0 1.0 0.0 0.6786551724137931 0.8285714285714286 0.943 0.114 0.5116666666666666 0.17142857142857143 -0.0 0.82 0.4511724137931034 0.8285714285714286 0.956 -0.93 0.889 0.1809047619047619 0.6 0.99 -0.91 0.162 0.08499999999999998 0.2857142857142857 0.614 -0.1 -0.1 0.39848275862068955 0.8285714285714286 0.959 -0.8 0.28
0.0 0.0 0.0 0.0 0.0 0.0 1.0 0.0 0.0 0.0 0.0 0.0 0.0 0.0 0.0 0.0 0.0 0.0 0.0 0.0 0.0 0.0 0.0 1.0 0.0 0.37039999999999995 1.0 0.857 0.761 0.0 0.0 -0.0 -0.0 0.445 0.8 0.935 -0.04 0.935 0.11680000000000001 1.0 0.773 -0.8 -0.8 -0.095 0.4 0.0 -0.11 -0.11 0.3764 1.0 0.892 0.0 0.547
0.0 0.0 0.0 0.0 0.0 0.0 1.0 0.0 0.0 0.0 0.0 0.0 0.0 0.0 0.0 0.0 0.0 0.0 0.0 0.0 0.0 0.0 0.0 1.0 0.0 0.45837037037037043 1.0 0.935 0.331 0.0 0.0 -0.0 -0.0 0.548 0.7777777777777778 0.956 -0.04 0.635 -0.09026315789473682 0.7037037037037037 0.902 -0.88 0.639 -0.13999999999999999 0.18518518518518517 0.0 -0.24 -0.24 0.48712000000000005 0.9259259259259259 0.935 0.0 0.291
0.0 0.0 0.0 0.0 0.0 0.0 2.0 0.0 0.0 0.0 0.0 0.0 0.0 0.0 0.0 0.0 0.0 0.0 0.0 0.0 0.0 1.0 0.0 0.0 0.0 0.45271428571428574 1.0 0.935 0.258 0.0 0.0 -0.0 -0.0 0.6312 0.7142857142857143 0.956 0.0 0.277 0.3038 0.7142857142857143 0.773 0.0 0.161 0.030666666666666665 0.42857142857142855 0.049 0.0 0.014 0.4931428571428572 1.0 0.914 0.0 0.337
0.0 0.0 0.0 0.0 0.0 2.0 0.0 0.0 0.0 1.0 0.0 3.0 0.0 0.0 0.0 0.0 0.0 0.0 0.0 1.0 0.0 0.0 0.0 0.0 0.0 0.627342105263158 0.8636363636363636 0.964 0.817 0.5566666666666666 0.13636363636363635 -0.0 0.79 0.39824324324324323 0.8409090909090909 0.981 -0.89 -0.79 -0.004884615384615406 0.5909090909090909 0.945 -0.82 0.945 -0.15762500000000002 0.36363636363636365 0.672 -0.8 -0.79 0.571060606060606 0.75 0.964 -0.69 0.816
0.0 0.0 0.0 0.0 0.0 0.0 0.0 0.0 0.0 0.0 0.0 4.0 0.0 0.0 0.0 0.0 0.0 0.0 0.0 0.0 0.0 0.0 0.0 1.0 0.0 0.5552820512820512 0.9285714285714286 0.964 0.811 0.7866666666666667 0.07142857142857142 -0.0 0.76 0.44451428571428564 0.8333333333333334 0.995 -0.95 0.722 0.14534482758620693 0.6904761904761905 0.975 -0.92 -0.76 0.027400000000000004 0.35714285714285715 0.783 -0.32 -0.2 0.47782352941176465 0.8095238095238095 0.964 -0.97 0.946
0.0 0.0 0.0 0.0 0.0 0.0 1.0 0.0 3.0 0.0 0.0 0.0 0.0 0.0 0.0 0.0 0.0 0.0 0.0 0.0 0.0 0.0 0.0 0.0 0.0 0.5006153846153846 0.9285714285714286 0.935 0.127 0.8433333333333333 0.07142857142857142 -0.0 0.89 0.33465625 0.7619047619047619 0.986 -0.84 0.702 0.17428124999999994 0.7619047619047619 0.785 -0.94 -0.12 -0.10521428571428572 0.3333333333333333 0.99 -0.8 -0.04 0.5157428571428572 0.8333333333333334 0.935 -0.87 0.901
0.0 0.0 0.0 0.0 0.0 0.0 0.0 0.0 1.0 0.0 0.0 0.0 0.0 1.0 0.0 0.0 0.0 0.0 0.0 0.0 0.0 0.0 0.0 1.0 0.0 0.4959999999999999 0.9523809523809523 0.939 0.716 0.02 0.047619047619047616 -0.0 0.02 0.5017777777777778 0.8571428571428571 0.968 -0.05 0.694 0.15875000000000003 0.7619047619047619 0.979 -0.81 -0.56 -0.07200000000000001 0.38095238095238093 0.024 -0.17 -0.04 0.5243125 0.7619047619047619 0.996 0.0 0.888
0.0 0.0 0.0 0.0 0.0 0.0 1.0 0.0 0.0 0.0 0.0 0.0 0.0 0.0 0.0 0.0 0.0 0.0 0.0 0.0 0.0 1.0 0.0 0.0 0.0 0.4245 0.6666666666666666 0.746 0.746 0.78 0.3333333333333333 -0.0 0.78 0.023666666666666652 1.0 0.723 -0.75 0.723 0.249 0.3333333333333333 0.249 0.0 0.249 0.32999999999999996 0.6666666666666666 0.82 -0.16 -0.16 0.501 0.6666666666666666 0.769 0.0 0.769
0.0 0.0 0.0 0.0 0.0 0.0 1.0 0.0 1.0 0.0 0.0 3.0 0.0 1.0 0.0 0.0 0.0 0.0 0.0 0.0 0.0 0.0 0.0 0.0 0.0 0.47602777777777777 0.8780487804878049 0.964 0.761 0.7979999999999999 0.12195121951219512 -0.0 0.71 0.18770967741935485 0.7560975609756098 0.965 -0.98 0.859 0.16254838709677424 0.7560975609756098 0.986 -0.88 -0.81 -0.08466666666666667 0.43902439024390244 0.674 -0.91 -0.72 0.4063714285714286 0.8536585365853658 0.96 -0.93 0.615
0.0 0.0 0.0 0.0 0.0 0.0 1.0 0.0 1.0 0.0 0.0 0.0 0.0 0.0 0.0 0.0 0.0 0.0 0.0 0.0 0.0 1.0 0.0 0.0 0.0 0.5095142857142857 0.8974358974358975 0.964 0.939 0.6425 0.10256410256410256 -0.0 0.82 0.43333333333333335 0.6923076923076923 0.967 -0.84 0.912 0.0024583333333333215 0.6153846153846154 0.888 -0.88 0.701 -0.09856249999999997 0.41025641025641024 0.828 -0.8 0.828 0.5520882352941175 0.8717948717948718 0.966 -0.16 0.966
0.0 0.0 0.0 0.0 0.0 0.0 1.0 0.0 0.0 0.0 0.0 1.0 0.0 0.0 0.0 0.0 0.0 0.0 0.0 0.0 0.0 0.0 0.0 0.0 0.0 0.6296923076923077 0.9285714285714286 0.951 0.753 0.72 0.07142857142857142 -0.0 0.72 0.4684166666666667 0.8571428571428571 0.941 -0.9 0.686 0.19416666666666668 0.8571428571428571 0.943 -0.88 -0.77 0.07233333333333335 0.21428571428571427 0.278 -0.11 -0.11 0.39980000000000004 0.7142857142857143 0.99 -0.99 0.797
0.0 0.0 0.0 0.0 0.0 1.0 1.0 0.0 0.0 0.0 0.0 3.0 0.0 1.0 0.0 0.0 0.0 0.0 0.0 0.0 0.0 1.0 0.0 0.0 0.0 0.5531538461538462 0.9285714285714286 0.9 0.817 0.81 0.07142857142857142 -0.0 0.81 0.36566666666666664 0.6428571428571429 0.967 -0.8 0.819 0.29300000000000004 0.8571428571428571 0.967 -0.94 0.967 0.11400000000000002 0.2857142857142857 0.936 -0.26 -0.12 0.42733333333333334 0.8571428571428571 0.935 -0.71 0.816
0.0 0.0 2.0 0.0 1.0 1.0 9.0 0.0 1.0 0.0 0.0 1.0 0.0 2.0 0.0 0.0 0.0 0.0 0.0 0.0 0.0 1.0 0.0 0.0 0.0 0.5047083333333333 0.96 0.935 0.799 0.75 0.04 -0.0 0.75 0.43526086956521737 0.92 0.961 -0.79 0.72 0.1115 0.56 0.924 -0.79 0.158 0.1855 0.16 0.697 -0.06 -0.06 0.4738260869565217 0.92 0.958 -0.78 0.879
0.0 0.0 0.0 0.0 0.0 0.0 0.0 0.0 0.0 0.0 0.0 2.0 0.0 1.0 0.0 0.0 0.0 0.0 0.0 0.0 0.0 0.0 0.0 0.0 0.0 0.6325714285714286 0.875 0.943 0.789 0.8 0.125 -0.0 0.8 0.335 0.625 0.781 -0.8 0.633 0.06683333333333334 0.75 0.943 -0.94 -0.79 -0.005499999999999998 0.25 0.049 -0.06 -0.06 0.6043999999999999 0.625 0.935 0.0 0.935
0.0 0.0 0.0 0.0 0.0 0.0 3.0 0.0 0.0 0.0 0.0 0.0 0.0 0.0 0.0 0.0 0.0 0.0 0.0 0.0 0.0 1.0 0.0 0.0 0.0 0.3882 0.8333333333333334 0.861 0.054 0.8 0.16666666666666666 -0.0 0.8 0.20866666666666667 1.0 0.86 -0.8 0.059 -0.1366666666666667 0.5 0.239 -0.79 -0.79 -0.005499999999999998 0.3333333333333333 0.049 -0.06 0.049 0.4386 0.8333333333333334 0.93 0.0 0.049
0.0 0.0 0.0 0.0 0.0 0.0 1.0 0.0 1.0 1.0 0.0 0.0 0.0 2.0 0.0 0.0 0.0 0.0 0.0 0.0 0.0 1.0 0.0 0.0 0.0 0.5316829268292683 0.8541666666666666 0.952 0.952 0.4357142857142858 0.14583333333333334 -0.0 0.75 0.4184883720930232 0.8958333333333334 1.0 -0.78 0.95 -0.051645161290322567 0.6458333333333334 0.953 -0.94 0.953 0.18671428571428567 0.2916666666666667 0.882 -0.1 0.028 0.42417948717948717 0.8125 0.935 -0.85 0.816
0.0 0.0 0.0 0.0 0.0 0.0 1.0 0.0 0.0 0.0 0.0 0.0 0.0 0.0 0.0 0.0 0.0 0.0 0.0 0.0 0.0 1.0 0.0 0.0 0.0 0.6411666666666667 1.0 0.948 0.07 0.0 0.0 -0.0 -0.0 0.6192000000000001 0.8333333333333334 0.952 0.0 0.023 0.6168 0.8333333333333334 0.955 0.0 0.173 -0.020499999999999997 0.3333333333333333 0.049 -0.09 -0.09 0.614 0.8333333333333334 0.892 0.0 0.182
0.0 0.0 0.0 0.0 0.0 0.0 1.0 0.0 0.0 0.0 0.0 0.0 0.0 0.0 0.0 0.0 0.0 0.0 0.0 0.0 0.0 1.0 0.0 0.0 0.0 0.815 1.0 0.886 0.886 0.0 0.0 -0.0 -0.0 0.781 0.5 0.781 0.0 0.781 0.99 0.5 0.99 0.0 0.99 0.0 0.0 0.0 0.0 0.0 0.744 1.0 0.782 0.0 0.782
0.0 0.0 0.0 0.0 1.0 0.0 1.0 0.0 0.0 0.0 0.0 0.0 0.0 0.0 0.0 0.0 0.0 0.0 0.0 0.0 0.0 0.0 0.0 1.0 0.0 0.6221842105263158 0.95 0.968 0.604 0.08 0.05 -0.0 0.08 0.5399999999999999 0.825 0.967 -0.04 0.743 0.24634374999999992 0.8 0.992 -1.0 -0.51 -0.07088888888888888 0.225 0.029 -0.21 0.014 0.6107187499999999 0.8 0.96 0.0 0.551
0.0 0.0 0.0 0.0 0.0 0.0 1.0 0.0 1.0 0.0 0.0 0.0 0.0 0.0 0.0 0.0 0.0 0.0 0.0 0.0 0.0 1.0 0.0 0.0 0.0 0.47314285714285725 0.9655172413793104 0.939 0.746 0.82 0.034482758620689655 -0.0 0.82 0.47719230769230764 0.896551724137931 1.0 -0.84 0.723 0.13809090909090904 0.7586206896551724 0.979 -0.85 0.617 -0.13630000000000003 0.3448275862068966 0.049 -0.8 -0.23 0.48969230769230776 0.896551724137931 0.935 0.0 0.769
0.0 0.0 0.0 0.0 0.0 0.0 0.0 0.0 0.0 0.0 0.0 0.0 0.0 0.0 0.0 0.0 0.0 0.0 0.0 0.0 0.0 0.0 0.0 1.0 0.0 0.3935 0.5 0.744 0.043 0.38 0.5 -0.0 0.71 -0.029666666666666657 0.75 0.781 -0.8 -0.8 0.011000000000000003 0.5 0.112 -0.09 -0.09 0.19766666666666666 0.75 0.522 -0.06 0.522 -0.010749999999999982 1.0 0.706 -0.83 -0.83
0.0 0.0 0.0 0.0 0.0 0.0 1.0 0.0 1.0 0.0 0.0 2.0 0.0 0.0 0.0 0.0 0.0 0.0 0.0 0.0 0.0 1.0 0.0 0.0 0.0 0.49478947368421045 0.76 0.959 0.853 0.605 0.24 -0.0 0.09 0.17337499999999997 0.96 0.956 -0.98 -0.15 -0.16215384615384615 0.52 0.979 -0.98 -0.85 -0.022111111111111113 0.36 0.059 -0.17 0.059 0.18727272727272729 0.88 0.996 -0.89 -0.04
0.0 0.0 0.0 0.0 0.0 0.0 1.0 0.0 1.0 0.0 0.0 0.0 0.0 0.0 0.0 0.0 0.0 0.0 0.0 0.0 0.0 0.0 0.0 1.0 0.0 0.48783333333333334 1.0 0.906 0.262 0.0 0.0 -0.0 -0.0 0.5215 1.0 0.94 -0.04 0.43 0.034 0.6666666666666666 0.657 -0.87 0.657 -0.11550000000000002 0.3333333333333333 0.049 -0.28 -0.28 0.43620000000000003 0.8333333333333334 0.769 0.0 0.244
0.0 0.0 0.0 0.0 0.0 0.0 2.0 0.0 0.0 0.0 0.0 0.0 0.0 0.0 0.0 0.0 0.0 0.0 0.0 0.0 0.0 1.0 0.0 0.0 0.0 0.65825 1.0 0.922 0.102 0.0 0.0 -0.0 -0.0 0.5388333333333334 0.75 0.926 -0.02 0.055 0.4167142857142857 0.875 0.99 -0.79 0.117 0.042 0.125 0.042 0.0 0.042 0.65 0.875 0.959 0.0 0.133
0.0 0.0 0.0 0.0 0.0 0.0 1.0 0.0 0.0 0.0 0.0 0.0 0.0 0.0 0.0 0.0 0.0 0.0 0.0 0.0 0.0 1.0 0.0 0.0 0.0 0.5516666666666666 0.75 0.858 0.858 0.07 0.25 -0.0 0.07 0.3655 1.0 0.791 -0.07 -0.07 0.5325 0.5 0.924 0.0 0.924 -0.09 0.25 0.0 -0.09 -0.09 0.282 0.75 0.706 -0.07 -0.07
0.0 0.0 0.0 0.0 0.0 0.0 1.0 0.0 0.0 1.0 0.0 0.0 0.0 0.0 0.0 0.0 0.0 0.0 0.0 0.0 0.0 1.0 0.0 0.0 0.0 0.459 0.8571428571428571 0.911 0.125 0.765 0.14285714285714285 -0.0 0.78 0.18318181818181814 0.7857142857142857 0.865 -0.89 0.17 -0.07814285714285715 0.5 0.313 -0.79 0.211 0.120375 0.5714285714285714 0.82 -0.2 -0.12 0.478 0.9285714285714286 0.958 -0.69 0.286
0.0 0.0 0.0 0.0 0.0 0.0 1.0 0.0 0.0 0.0 0.0 0.0 0.0 0.0 0.0 0.0 0.0 0.0 0.0 0.0 0.0 0.0 0.0 1.0 0.0 0.31250000000000006 0.8571428571428571 0.849 0.08 0.78 0.14285714285714285 -0.0 0.78 0.14233333333333334 0.8571428571428571 0.922 -0.75 -0.03 0.12583333333333332 0.8571428571428571 0.776 -0.65 0.201 0.18975 0.5714285714285714 0.82 -0.08 -0.04 0.2864 0.7142857142857143 0.788 0.0 0.201
0.0 0.0 0.0 0.0 0.0 0.0 1.0 0.0 0.0 0.0 0.0 2.0 0.0 0.0 0.0 0.0 0.0 0.0 0.0 0.0 0.0 1.0 0.0 0.0 0.0 0.4337777777777778 0.75 0.857 0.089 0.7633333333333333 0.25 -0.0 0.87 0.05609999999999996 0.8333333333333334 0.905 -0.91 -0.91 0.3448571428571428 0.5833333333333334 0.773 0.0 0.134 -0.04449999999999999 0.5 0.585 -0.72 -0.72 0.19883333333333333 1.0 0.892 -0.99 -0.99
0.0 0.0 0.0 0.0 1.0 0.0 1.0 0.0 0.0 0.0 0.0 0.0 0.0 0.0 0.0 0.0 0.0 0.0 0.0 0.0 0.0 0.0 0.0 0.0 0.0 0.62625 0.8 0.935 0.744 0.74 0.2 -0.0 0.74 0.6025 0.8 0.956 0.0 0.781 -0.35800000000000004 0.4 0.074 -0.79 0.074 -0.36050000000000004 0.4 0.059 -0.78 0.059 0.3874000000000001 1.0 0.935 -0.71 0.706
0.0 0.0 0.0 0.0 0.0 0.0 1.0 0.0 0.0 0.0 0.0 0.0 0.0 0.0 0.0 0.0 0.0 0.0 0.0 0.0 0.0 1.0 0.0 0.0 0.0 0.8375 0.6666666666666666 0.886 0.886 0.93 0.3333333333333333 -0.0 0.93 -0.1185 0.6666666666666666 0.633 -0.87 0.633 0.09999999999999998 0.6666666666666666 0.99 -0.79 0.99 0.936 0.3333333333333333 0.936 0.0 0.936 0.2456666666666667 1.0 0.935 -0.98 0.782
0.0 0.0 0.0 0.0 0.0 0.0 1.0 0.0 0.0 0.0 0.0 0.0 0.0 0.0 0.0 0.0 0.0 0.0 0.0 0.0 0.0 0.0 0.0 0.0 0.0 0.702 0.8333333333333334 0.986 0.048 0.82 0.16666666666666666 -0.0 0.82 0.5825000000000001 0.6666666666666666 0.986 -0.07 -0.07 0.11299999999999998 0.5 0.943 -0.79 0.186 0.364 0.3333333333333333 0.828 -0.1 -0.1 0.6073333333333334 0.5 0.935 0.0 0.181
0.0 0.0 0.0 0.0 0.0 0.0 1.0 0.0 0.0 0.0 0.0 0.0 0.0 0.0 0.0 0.0 0.0 0.0 0.0 0.0 0.0 0.0 0.0 1.0 0.0 0.521 1.0 0.831 0.831 0.0 0.0 -0.0 -0.0 0.5322 1.0 0.788 0.0 0.788 0.4136666666666667 0.6 0.873 0.0 0.873 -0.025500000000000002 0.4 0.049 -0.1 -0.1 0.5075000000000001 0.8 0.769 0.0 0.209
0.0 0.0 0.0 0.0 1.0 0.0 1.0 0.0 0.0 0.0 0.0 0.0 0.0 0.0 0.0 0.0 0.0 0.0 0.0 0.0 0.0 0.0 0.0 0.0 1.0 0.6385 0.8 0.917 0.14 0.76 0.2 -0.0 0.76 0.2176666666666666 0.6 0.728 -0.78 -0.78 0.713 0.2 0.713 0.0 0.713 0.0 0.0 0.0 0.0 0.0 0.37859999999999994 1.0 0.917 -0.73 -0.73
0.0 0.0 0.0 0.0 0.0 0.0 1.0 0.0 1.0 0.0 0.0 0.0 0.0 2.0 0.0 0.0 0.0 0.0 0.0 0.0 0.0 0.0 0.0 1.0 0.0 0.4794545454545455 0.7857142857142857 0.846 0.262 0.7666666666666666 0.21428571428571427 -0.0 0.71 0.10591666666666666 0.8571428571428571 0.781 -0.77 0.43 -0.21699999999999994 0.5 0.657 -0.94 0.657 0.05337499999999998 0.5714285714285714 0.82 -0.72 -0.28 0.40366666666666656 0.8571428571428571 0.935 -0.85 0.244
0.0 0.0 0.0 0.0 0.0 0.0 1.0 0.0 0.0 0.0 0.0 0.0 0.0 1.0 0.0 0.0 0.0 0.0 0.0 0.0 0.0 1.0 0.0 0.0 0.0 0.4831666666666666 0.8571428571428571 0.939 0.937 0.755 0.14285714285714285 -0.0 0.72 0.1745 0.5714285714285714 0.899 -0.8 -0.62 0.36309090909090913 0.7857142857142857 0.979 -0.94 0.918 0.24383333333333332 0.42857142857142855 0.945 -0.13 0.7 0.2540833333333334 0.8571428571428571 0.989 -0.83 -0.83
0.0 0.0 0.0 0.0 0.0 0.0 1.0 0.0 0.0 1.0 0.0 0.0 0.0 0.0 0.0 0.0 0.0 0.0 0.0 1.0 0.0 0.0 0.0 0.0 0.0 0.43650000000000005 1.0 0.805 0.082 0.0 0.0 -0.0 -0.0 0.44350000000000006 1.0 0.781 0.0 0.191 0.22100000000000003 0.5 0.274 0.0 0.168 -0.135 0.5 0.0 -0.16 -0.16 0.48725 1.0 0.868 0.0 0.131
0.0 0.0 0.0 0.0 0.0 1.0 0.0 0.0 0.0 0.0 0.0 3.0 0.0 1.0 0.0 0.0 0.0 0.0 0.0 0.0 0.0 0.0 1.0 0.0 0.0 0.4334117647058824 0.8095238095238095 0.953 0.047 0.7675 0.19047619047619047 -0.0 0.84 0.15051351351351352 0.8809523809523809 1.0 -0.95 -0.04 0.11019354838709679 0.7380952380952381 0.988 -0.99 0.132 0.16849999999999996 0.3333333333333333 0.752 -0.09 0.049 0.15419444444444447 0.8571428571428571 0.935 -0.81 0.057
0.0 0.0 1.0 0.0 0.0 0.0 2.0 0.0 2.0 0.0 0.0 0.0 0.0 1.0 0.0 0.0 0.0 0.0 0.0 0.0 0.0 0.0 0.0 1.0 0.0 0.4101666666666668 0.8275862068965517 0.943 0.064 0.632 0.1724137931034483 -0.0 0.65 0.12704000000000001 0.8620689655172413 0.982 -0.86 0.093 -0.020190476190476186 0.7241379310344828 0.967 -0.94 -0.04 0.13739999999999997 0.5172413793103449 0.82 -0.28 0.031 0.28757692307692306 0.896551724137931 0.935 -0.85 0.153
0.0 0.0 0.0 0.0 2.0 2.0 0.0 0.0 1.0 0.0 0.0 0.0 0.0 0.0 0.0 0.0 0.0 0.0 0.0 0.0 0.0 0.0 1.0 0.0 0.0 0.4903478260869564 0.9387755102040817 0.939 0.867 0.5366666666666666 0.061224489795918366 -0.0 0.88 0.42142424242424237 0.673469387755102 1.0 -0.95 0.879 0.21309374999999997 0.6530612244897959 0.99 -0.95 -0.95 -0.0030769230769230795 0.2653061224489796 0.822 -0.34 -0.13 0.42547727272727265 0.8979591836734694 0.998 -0.88 0.766
0.0 0.0 0.0 0.0 0.0 0.0 1.0 0.0 0.0 0.0 0.0 0.0 0.0 2.0 0.0 0.0 0.0 0.0 0.0 0.0 0.0 0.0 0.0 1.0 0.0 0.5246500000000001 0.9523809523809523 0.943 0.069 0.19 0.047619047619047616 -0.0 0.19 0.41416666666666674 0.5714285714285714 0.956 -0.32 -0.1 -0.21272222222222226 0.8571428571428571 0.943 -0.94 0.07 -0.165 0.19047619047619047 0.0 -0.38 -0.1 0.49850000000000005 0.8571428571428571 0.935 0.0 0.067
0.0 0.0 0.0 0.0 0.0 0.0 1.0 0.0 0.0 0.0 0.0 0.0 0.0 1.0 0.0 0.0 0.0 0.0 0.0 0.0 0.0 1.0 0.0 0.0 0.0 0.6004374999999998 0.9142857142857143 0.966 0.746 0.7966666666666665 0.08571428571428572 -0.0 0.84 0.46392592592592596 0.7714285714285715 0.982 -0.99 -0.99 0.1813913043478261 0.6571428571428571 0.979 -0.88 0.272 0.023000000000000024 0.2 0.931 -0.21 -0.07 0.4651724137931035 0.8285714285714286 0.996 -0.7 -0.7
0.0 0.0 0.0 0.0 1.0 0.0 1.0 0.0 1.0 0.0 0.0 0.0 0.0 0.0 0.0 0.0 0.0 0.0 0.0 0.0 0.0 1.0 0.0 0.0 0.0 0.8260909090909091 0.9166666666666666 0.935 0.766 0.7 0.08333333333333333 -0.0 0.7 0.644 0.8333333333333334 1.0 -0.75 0.719 0.21325 0.6666666666666666 0.915 -0.79 0.812 0.614 0.08333333333333333 0.614 0.0 0.614 0.7010000000000001 0.75 0.935 -0.74 0.66
0.0 0.0 0.0 0.0 0.0 0.0 1.0 0.0 0.0 0.0 0.0 1.0 0.0 0.0 0.0 0.0 0.0 0.0 0.0 0.0 0.0 0.0 0.0 1.0 0.0 0.48672727272727273 0.9166666666666666 0.97 0.97 0.76 0.08333333333333333 -0.0 0.76 0.4686 0.8333333333333334 0.949 -0.1 0.949 0.312875 0.6666666666666666 0.991 -0.79 0.991 -0.26366666666666666 0.25 0.049 -0.74 0.049 0.3378 0.8333333333333334 0.935 -0.78 0.346
0.0 0.0 0.0 0.0 0.0 0.0 1.0 0.0 1.0 0.0 0.0 0.0 0.0 0.0 0.0 0.0 0.0 0.0 0.0 0.0 0.0 0.0 0.0 0.0 0.0 0.6115384615384616 0.8387096774193549 0.939 0.939 0.632 0.16129032258064516 -0.0 0.76 0.5055652173913046 0.7419354838709677 0.995 -0.67 0.912 0.038714285714285715 0.6774193548387096 0.979 -0.94 0.071 0.235375 0.25806451612903225 0.97 -0.76 0.97 0.4094782608695652 0.7419354838709677 0.966 -0.89 0.966
0.0 0.0 0.0 0.0 0.0 1.0 1.0 0.0 0.0 0.0 0.0 0.0 0.0 0.0 0.0 0.0 0.0 0.0 0.0 0.0 0.0 1.0 0.0 0.0 0.0 0.45287499999999997 0.8421052631578947 0.935 0.817 0.48666666666666664 0.15789473684210525 -0.0 0.76 0.2950666666666667 0.7894736842105263 0.995 -0.78 0.819 0.12541666666666665 0.631578947368421 0.795 -0.79 0.701 0.171 0.3157894736842105 0.752 -0.21 0.029 0.3336842105263158 1.0 0.935 -0.81 0.816
0.0 0.0 0.0 0.0 0.0 0.0 1.0 0.0 0.0 1.0 0.0 0.0 0.0 0.0 0.0 0.0 0.0 0.0 0.0 0.0 0.0 1.0 0.0 0.0 0.0 0.6324500000000001 0.7692307692307693 0.935 0.746 0.6516666666666667 0.23076923076923078 -0.0 0.72 0.29242105263157886 0.7307692307692307 0.967 -0.78 -0.55 -0.07533333333333335 0.5769230769230769 0.795 -0.95 0.779 0.176 0.3076923076923077 0.882 -0.7 0.882 0.4025 0.8461538461538461 0.935 -0.84 -0.73
0.0 0.0 0.0 0.0 0.0 0.0 1.0 0.0 0.0 0.0 0.0 0.0 0.0 0.0 0.0 0.0 0.0 0.0 0.0 0.0 0.0 1.0 0.0 0.0 0.0 0.44460869565217387 0.8846153846153846 0.935 0.817 0.26666666666666666 0.11538461538461539 -0.0 0.06 0.3763636363636364 0.8461538461538461 0.967 -0.78 0.819 0.17194736842105263 0.7307692307692307 0.795 -0.65 0.701 -0.03541666666666667 0.46153846153846156 0.585 -0.23 -0.16 0.4045000000000001 0.9230769230769231 0.914 -0.63 0.816
0.0 0.0 1.0 0.0 1.0 0.0 3.0 0.0 2.0 0.0 0.0 2.0 0.0 0.0 0.0 0.0 0.0 0.0 0.0 0.0 0.0 1.0 0.0 0.0 0.0 0.5454102564102563 0.9512195121951219 0.966 0.936 0.405 0.04878048780487805 -0.0 0.75 0.48655882352941177 0.8292682926829268 0.967 -0.63 0.893 0.18633333333333335 0.6585365853658537 0.988 -0.79 0.979 0.01975 0.2926829268292683 0.829 -0.21 0.039 0.4481764705882353 0.8292682926829268 0.935 -0.79 0.93
0.0 0.0 0.0 0.0 0.0 0.0 0.0 0.0 0.0 0.0 0.0 0.0 0.0 0.0 0.0 0.0 0.0 0.0 0.0 0.0 0.0 0.0 0.0 1.0 0.0 0.5898125 0.8 0.939 0.051 0.3975 0.2 -0.0 0.07 0.32664705882352935 0.85 0.956 -0.94 -0.07 0.5803636363636364 0.55 0.984 0.0 0.193 0.1732857142857143 0.35 0.614 -0.11 0.009 0.3442499999999999 0.8 0.966 -0.74 -0.12
0.0 0.0 0.0 0.0 0.0 0.0 3.0 0.0 1.0 0.0 0.0 0.0 0.0 2.0 0.0 0.0 0.0 0.0 0.0 0.0 0.0 1.0 0.0 0.0 0.0 0.5257333333333334 0.9375 0.935 0.067 0.04 0.0625 -0.0 0.04 0.40045454545454556 0.6875 0.956 -0.04 0.033 -0.1526666666666667 0.75 0.79 -0.94 0.158 -0.0155 0.375 0.079 -0.13 -0.06 0.5109999999999999 1.0 0.934 -0.09 0.145
0.0 0.0 0.0 0.0 0.0 0.0 0.0 0.0 0.0 0.0 0.0 0.0 0.0 0.0 0.0 0.0 0.0 0.0 0.0 0.0 0.0 0.0 0.0 1.0 0.0 0.5000714285714286 0.875 0.897 0.262 0.88 0.125 -0.0 0.81 0.42750000000000005 0.875 0.977 -0.81 0.43 -0.07763636363636364 0.6875 0.805 -0.85 0.657 0.182 0.25 0.932 -0.28 -0.28 0.43826666666666664 0.9375 0.935 -0.96 0.244
0.0 0.0 1.0 0.0 0.0 0.0 2.0 0.0 0.0 0.0 0.0 0.0 0.0 0.0 0.0 0.0 0.0 0.0 0.0 0.0 0.0 1.0 0.0 0.0 0.0 0.49260000000000004 0.7894736842105263 0.935 0.857 0.5625 0.21052631578947367 -0.0 0.65 0.20133333333333334 0.9473684210526315 0.961 -0.89 -0.86 0.17981818181818185 0.5789473684210527 0.916 -0.79 0.773 0.3724 0.2631578947368421 0.672 -0.12 0.609 0.31926315789473686 1.0 0.935 -0.69 -0.5
0.0 0.0 0.0 0.0 0.0 0.0 0.0 0.0 0.0 0.0 0.0 0.0 0.0 0.0 0.0 0.0 0.0 0.0 0.0 0.0 0.0 0.0 0.0 1.0 0.0 0.6892 0.8333333333333334 0.911 0.091 0.78 0.16666666666666666 -0.0 0.78 0.37059999999999993 0.8333333333333334 0.865 -0.75 0.17 0.8393333333333333 0.5 0.99 0.0 0.99 0.45049999999999996 0.3333333333333333 0.82 0.0 0.081 0.7008000000000001 0.8333333333333334 0.958 0.0 0.184
0.0 0.0 0.0 0.0 1.0 0.0 0.0 0.0 0.0 0.0 0.0 1.0 0.0 1.0 0.0 0.0 0.0 0.0 0.0 0.0 0.0 0.0 0.0 1.0 0.0 0.6807142857142858 0.9130434782608695 0.94 0.912 0.81 0.08695652173913043 -0.0 0.81 0.5638181818181819 0.9565217391304348 0.956 -0.84 0.955 0.19278571428571428 0.6086956521739131 0.979 -0.85 0.945 0.22383333333333333 0.2608695652173913 0.816 -0.13 0.689 0.4715555555555555 0.782608695652174 0.959 -0.9 0.835
0.0 0.0 0.0 0.0 0.0 0.0 1.0 0.0 2.0 1.0 0.0 0.0 0.0 3.0 0.0 0.0 0.0 0.0 0.0 0.0 0.0 1.0 0.0 0.0 0.0 0.5712903225806452 0.7560975609756098 0.935 0.817 0.438 0.24390243902439024 -0.0 0.18 0.3302121212121213 0.8048780487804879 0.967 -0.95 -0.29 0.11039130434782607 0.5609756097560976 0.995 -0.94 -0.09 0.0536875 0.3902439024390244 0.828 -0.23 -0.09 0.352 0.8292682926829268 0.935 -0.74 -0.35
0.0 0.0 0.0 0.0 0.0 0.0 0.0 0.0 1.0 0.0 0.0 0.0 0.0 0.0 0.0 0.0 0.0 0.0 0.0 0.0 0.0 0.0 0.0 0.0 0.0 0.4620909090909091 1.0 0.855 0.689 0.0 0.0 -0.0 -0.0 0.35755555555555557 0.8181818181818182 0.863 -0.07 0.863 -0.030400000000000017 0.9090909090909091 0.967 -0.94 -0.55 -0.08524999999999999 0.36363636363636365 0.049 -0.21 -0.21 0.5098181818181818 1.0 0.935 0.0 0.653
0.0 0.0 0.0 0.0 0.0 0.0 1.0 0.0 1.0 0.0 0.0 0.0 0.0 0.0 0.0 0.0 0.0 0.0 0.0 0.0 0.0 0.0 0.0 1.0 0.0 0.4538888888888889 0.8181818181818182 0.935 0.061 0.545 0.18181818181818182 -0.0 0.73 0.232 0.8181818181818182 0.995 -0.85 -0.09 0.09350000000000003 0.6363636363636364 0.773 -0.94 0.098 0.18100000000000002 0.4090909090909091 0.752 -0.16 -0.06 0.30022727272727273 1.0 0.935 -0.81 0.15
0.0 0.0 0.0 0.0 0.0 0.0 0.0 0.0 3.0 0.0 0.0 1.0 0.0 1.0 0.0 0.0 0.0 0.0 0.0 0.0 0.0 0.0 0.0 1.0 0.0 0.5308947368421053 0.7037037037037037 0.889 0.125 0.41125 0.2962962962962963 -0.0 0.04 0.28665217391304343 0.8518518518518519 0.922 -0.95 0.044 0.3828823529411764 0.6296296296296297 0.902 -0.79 0.776 -0.003916666666666656 0.4444444444444444 0.735 -0.75 0.026 0.21522222222222226 0.6666666666666666 0.944 -0.84 0.206
0.0 0.0 1.0 0.0 1.0 0.0 3.0 0.0 0.0 0.0 0.0 0.0 0.0 0.0 0.0 0.0 0.0 0.0 0.0 0.0 0.0 1.0 0.0 0.0 0.0 0.363 1.0 0.744 0.744 0.0 0.0 -0.0 -0.0 0.38433333333333336 1.0 0.781 -0.04 0.781 0.12 0.6666666666666666 0.141 0.0 0.099 -0.09 0.3333333333333333 0.0 -0.09 -0.09 0.427 1.0 0.706 0.0 0.706
0.0 0.0 0.0 0.0 0.0 1.0 1.0 0.0 1.0 1.0 0.0 1.0 0.0 0.0 0.0 0.0 0.0 0.0 0.0 0.0 0.0 0.0 0.0 0.0 0.0 0.5618474576271186 0.9516129032258065 0.943 0.809 0.79 0.04838709677419355 -0.0 0.79 0.45202 0.8064516129032258 0.967 -0.96 0.734 0.24367391304347813 0.7419354838709677 0.995 -0.84 0.884 0.0638125 0.25806451612903225 0.974 -0.23 -0.08 0.46553191489361684 0.7580645161290323 0.947 -0.92 0.769
0.0 0.0 0.0 0.0 1.0 0.0 0.0 0.0 0.0 0.0 0.0 1.0 0.0 0.0 0.0 0.0 0.0 0.0 0.0 0.0 0.0 0.0 0.0 0.0 0.0 0.6033571428571428 0.7368421052631579 0.935 0.819 0.598 0.2631578947368421 -0.0 0.07 0.24199999999999997 0.8421052631578947 1.0 -0.78 -0.07 -0.28263636363636363 0.5789473684210527 0.99 -0.88 -0.88 0.04 0.3684210526315789 0.614 -0.74 0.009 0.30905263157894736 1.0 0.935 -0.78 -0.12
0.0 0.0 0.0 0.0 0.0 0.0 1.0 0.0 1.0 0.0 0.0 0.0 0.0 0.0 0.0 0.0 0.0 0.0 0.0 0.0 0.0 1.0 0.0 0.0 0.0 0.6175714285714287 1.0 0.935 0.716 0.0 0.0 -0.0 -0.0 0.6331428571428572 1.0 0.967 -0.03 0.694 0.37466666666666665 0.8571428571428571 0.858 -0.56 -0.56 0.0045000000000000005 0.2857142857142857 0.049 -0.04 -0.04 0.611 0.7142857142857143 0.914 0.0 0.888
0.0 0.0 0.0 0.0 0.0 0.0 1.0 0.0 0.0 0.0 0.0 2.0 0.0 2.0 0.0 0.0 0.0 0.0 0.0 0.0 0.0 1.0 0.0 0.0 0.0 0.5555517241379312 0.8285714285714286 0.935 0.823 0.7183333333333334 0.17142857142857143 -0.0 0.75 0.3508709677419355 0.8857142857142857 1.0 -0.89 -0.89 -0.021714285714285728 0.6 0.982 -0.79 0.795 0.16833333333333333 0.34285714285714286 0.762 -0.74 0.672 0.35409090909090907 0.9428571428571428 0.935 -0.97 -0.69
0.0 0.0 0.0 0.0 0.0 0.0 0.0 0.0 0.0 0.0 0.0 2.0 0.0 0.0 0.0 0.0 0.0 0.0 0.0 0.0 0.0 0.0 0.0 0.0 0.0 0.436516129032258 0.8857142857142857 0.949 0.864 0.215 0.11428571428571428 -0.0 0.76 0.30504545454545456 0.6285714285714286 0.956 -0.61 -0.61 0.32300000000000006 0.7428571428571429 0.988 -0.85 0.201 0.010866666666666662 0.42857142857142855 0.856 -0.32 0.856 0.32021428571428573 0.8 0.914 -0.82 0.864
0.0 0.0 0.0 0.0 0.0 0.0 0.0 0.0 0.0 0.0 0.0 0.0 0.0 0.0 0.0 0.0 0.0 0.0 0.0 0.0 0.0 0.0 0.0 1.0 0.0 0.46624999999999994 0.7272727272727273 0.816 0.284 0.87 0.2727272727272727 -0.0 0.86 0.1213333333333333 0.8181818181818182 0.838 -0.99 -0.96 0.1595 0.7272727272727273 0.806 -0.88 0.661 0.12266666666666666 0.5454545454545454 0.924 -0.73 0.893 0.24869999999999998 0.9090909090909091 0.904 -0.87 -0.73
0.0 0.0 0.0 0.0 0.0 0.0 2.0 0.0 0.0 1.0 0.0 0.0 0.0 0.0 0.0 0.0 0.0 0.0 0.0 1.0 0.0 0.0 0.0 0.0 0.0 0.68125 1.0 0.943 0.943 0.0 0.0 -0.0 -0.0 0.6945 1.0 0.956 0.0 0.943 0.165 0.25 0.165 0.0 0.165 -0.13 0.25 0.0 -0.13 -0.13 0.6346666666666666 0.75 0.914 0.0 0.914
0.0 0.0 0.0 0.0 0.0 0.0 1.0 0.0 0.0 0.0 0.0 0.0 0.0 0.0 0.0 0.0 0.0 0.0 0.0 0.0 0.0 1.0 0.0 0.0 0.0 0.5565 0.7272727272727273 0.942 0.048 0.86 0.2727272727272727 -0.0 0.79 0.252 0.9090909090909091 0.967 -0.9 -0.1 0.441875 0.7272727272727273 0.996 -0.67 0.14 0.45499999999999996 0.45454545454545453 0.883 -0.15 0.883 0.20733333333333334 0.8181818181818182 0.898 -0.99 0.105
0.0 0.0 0.0 0.0 0.0 0.0 1.0 0.0 0.0 0.0 0.0 0.0 0.0 0.0 0.0 0.0 0.0 0.0 0.0 0.0 0.0 1.0 0.0 0.0 0.0 0.6608571428571429 0.875 0.935 0.884 0.78 0.125 -0.0 0.78 0.3601666666666667 0.75 0.956 -0.75 0.929 0.3948333333333333 0.75 0.99 -0.79 0.861 0.2363333333333333 0.375 0.82 -0.16 0.049 0.6991428571428572 0.875 0.935 0.0 0.862
0.0 0.0 0.0 0.0 0.0 0.0 2.0 0.0 0.0 0.0 0.0 0.0 0.0 1.0 0.0 0.0 0.0 0.0 0.0 0.0 0.0 1.0 0.0 0.0 0.0 0.5229999999999999 0.875 0.935 0.744 0.81 0.125 -0.0 0.81 0.31433333333333335 0.75 0.956 -0.77 0.781 0.07025000000000002 0.5 0.749 -0.94 0.331 0.16866666666666666 0.375 0.816 -0.22 -0.22 0.32 0.875 0.914 -0.85 0.706
0.0 0.0 0.0 0.0 0.0 3.0 0.0 0.0 0.0 1.0 0.0 3.0 0.0 0.0 0.0 0.0 0.0 0.0 0.0 1.0 0.0 0.0 0.0 0.0 0.0 0.4392592592592593 0.8181818181818182 0.939 0.089 0.7833333333333333 0.18181818181818182 -0.0 0.78 0.2708148148148148 0.8181818181818182 0.967 -0.81 0.138 -0.06636000000000002 0.7575757575757576 0.979 -0.79 0.134 0.10566666666666673 0.36363636363636365 0.917 -0.84 -0.06 0.2723571428571428 0.8484848484848485 0.935 -0.87 0.151
0.0 0.0 0.0 0.0 0.0 0.0 1.0 0.0 0.0 0.0 0.0 0.0 0.0 0.0 0.0 0.0 0.0 0.0 0.0 0.0 0.0 1.0 0.0 0.0 0.0 0.779 1.0 0.779 0.779 0.0 0.0 -0.0 -0.0 0.784 1.0 0.784 0.0 0.784 0.764 1.0 0.764 0.0 0.764 0.0 0.0 0.0 0.0 0.0 0.79 1.0 0.79 0.0 0.79
0.0 0.0 0.0 0.0 0.0 2.0 1.0 0.0 1.0 0.0 0.0 0.0 0.0 1.0 0.0 0.0 0.0 0.0 0.0 0.0 0.0 1.0 0.0 0.0 0.0 0.5508333333333333 0.9473684210526315 0.935 0.262 0.775 0.05263157894736842 -0.0 0.81 0.4894838709677419 0.8157894736842105 1.0 -0.77 0.43 0.1053846153846154 0.6842105263157895 0.916 -0.87 0.657 0.03914285714285716 0.18421052631578946 0.816 -0.28 -0.28 0.48874999999999996 0.9473684210526315 0.969 -0.85 0.244
0.0 0.0 0.0 0.0 0.0 0.0 3.0 0.0 0.0 0.0 0.0 0.0 0.0 0.0 0.0 0.0 0.0 0.0 0.0 0.0 0.0 1.0 0.0 0.0 0.0 0.7281666666666665 0.8571428571428571 0.943 0.079 0.66 0.14285714285714285 -0.0 0.66 0.2886666666666667 0.42857142857142855 0.865 -0.78 0.865 -0.157 0.5714285714285714 0.943 -0.94 0.119 0.25749999999999995 0.2857142857142857 0.585 -0.07 -0.07 0.4835 0.8571428571428571 0.958 -0.63 0.189
0.0 0.0 0.0 0.0 0.0 0.0 1.0 0.0 1.0 0.0 0.0 0.0 0.0 2.0 0.0 0.0 0.0 0.0 0.0 0.0 0.0 1.0 0.0 0.0 0.0 0.39492307692307704 0.9629629629629629 0.935 0.768 0.05 0.037037037037037035 -0.0 0.05 0.4110975609756098 0.7592592592592593 0.967 -0.1 0.094 0.116 0.7592592592592593 0.995 -0.88 -0.03 -0.06766666666666667 0.3888888888888889 0.071 -0.2 0.028 0.416425 0.7407407407407407 0.935 0.0 0.768
0.0 0.0 0.0 0.0 0.0 1.0 1.0 0.0 1.0 0.0 0.0 0.0 0.0 0.0 0.0 0.0 0.0 0.0 0.0 0.0 0.0 0.0 1.0 0.0 0.0 0.29533333333333334 1.0 0.744 0.08 0.0 0.0 -0.0 -0.0 0.23366666666666666 1.0 0.781 -0.05 -0.03 0.23900000000000002 0.6666666666666666 0.277 0.0 0.201 -0.06 0.6666666666666666 0.0 -0.08 -0.04 0.3393333333333333 1.0 0.706 0.0 0.201
0.0 0.0 0.0 0.0 0.0 0.0 1.0 0.0 0.0 0.0 0.0 0.0 0.0 0.0 0.0 0.0 0.0 0.0 0.0 0.0 0.0 0.0 0.0 0.0 0.0 0.5561666666666667 0.8571428571428571 0.886 0.043 0.78 0.14285714285714285 -0.0 0.78 0.1735 0.5714285714285714 0.781 -0.75 -0.06 0.4935 0.5714285714285714 0.99 0.0 0.083 0.38999999999999996 0.2857142857142857 0.82 -0.04 -0.04 0.5651666666666667 0.8571428571428571 0.822 0.0 0.2
